12.792240389568676 -17.42464747707038 -5.896100163459778 0.3753577768802643 0.3753577768802643 1.8600000143051147 0.0 Pedestrian 
11.353113285486629 33.49461596912067 -6.278930842876434 0.5 0.5 1.100000023841858 0.0 Pedestrian 
-0.4119683813202215 -13.150434393015189 -5.896100044250488 0.3753577768802643 0.3753577768802643 1.8600000143051147 0.0 Pedestrian 
37.96000734988332 19.363563594778725 -6.176100075244904 0.3753577768802643 0.3753577768802643 1.2999999523162842 0.0 Pedestrian 
10.145272379295633 -8.93599508162356 -6.048500239849091 0.3753577768802643 0.3753577768802643 1.8600000143051147 0.0 Pedestrian 
13.477452552699845 -35.70385201204817 -6.176100075244904 0.3753577768802643 0.3753577768802643 1.2999999523162842 0.0 Pedestrian 
12.697304709821523 32.18196327189867 -5.896100163459778 0.3753577768802643 0.3753577768802643 1.8600000143051147 0.0 Pedestrian 
35.191893762852786 -15.960572925361134 -6.3285000920295715 0.3753577768802643 0.3753577768802643 1.2999999523162842 0.0 Pedestrian 
19.004073288599784 -10.895925651727794 -7.002402439014986 6.273552894592285 2.3895740509033203 2.098191261291504 0.0 Vehicle 
14.603605190331757 3.811484106101659 -6.988746280781925 4.6045098304748535 1.9315931797027588 1.8548461198806763 0.0 Vehicle 
18.493466869411918 41.30156990163118 -7.007479343097657 5.357479572296143 2.033203125 1.4106584787368774 0.0 Vehicle 
33.15359411834562 -26.14186135551654 -6.998321933788247 4.791779518127441 2.163450002670288 1.488319993019104 0.0 Vehicle 
29.65383051956472 -26.176059064872447 -6.999913539890258 5.006059646606445 2.097083806991577 1.5347249507904053 0.0 Vehicle 
