10.271327942576718 -12.137827171939875 -5.896100163459778 0.3753577768802643 0.3753577768802643 1.8600000143051147 0.0 Pedestrian 
12.359913737165101 26.533849412754762 -6.276385307312012 0.5 0.5 1.100000023841858 0.0 Pedestrian 
0.4914101412242502 -13.097420786554949 -5.896100044250488 0.3753577768802643 0.3753577768802643 1.8600000143051147 0.0 Pedestrian 
10.485994540194426 -9.87206961897266 -6.048500061035156 0.3753577768802643 0.3753577768802643 1.8600000143051147 0.0 Pedestrian 
30.510009485601024 16.423090718582557 -6.3285000920295715 0.3753577768802643 0.3753577768802643 1.2999999523162842 0.0 Pedestrian 
11.57210438817784 1.2561062395876093 -6.048500239849091 0.3753577768802643 0.3753577768802643 1.8600000143051147 0.0 Pedestrian 
12.882199250964248 -27.238050190668673 -6.176100075244904 0.3753577768802643 0.3753577768802643 1.2999999523162842 0.0 Pedestrian 
12.018678703399544 19.628625256203236 -5.896100163459778 0.3753577768802643 0.3753577768802643 1.8600000143051147 0.0 Pedestrian 
27.560286336869126 -12.595133670519772 -6.3285000920295715 0.3753577768802643 0.3753577768802643 1.2999999523162842 0.0 Pedestrian 
19.099744692193568 -20.68665806725096 -7.002683048136532 6.273552894592285 2.3895740509033203 2.098191261291504 0.0 Vehicle 
5.744251169581813 3.72094765865004 -6.989406452514231 4.6045098304748535 1.9315931797027588 1.8548461198806763 0.0 Vehicle 
18.58732836836981 31.704325953486318 -7.007607936859131 5.357479572296143 2.033203125 1.4106584787368774 0.0 Vehicle 
33.132200718072454 -23.954364751967887 -6.998320827493444 4.791779518127441 2.163450002670288 1.488319993019104 0.0 Vehicle 
29.708769976014395 -20.260162226746388 -6.99991422653693 5.006059646606445 2.097083806991577 1.5347249507904053 0.0 Vehicle 
