10.12130968432249 -10.576682971726996 -6.0485000014305115 0.3753577768802643 0.3753577768802643 1.8600000143051147 0.0 Pedestrian 
12.205691575499742 25.695673511895166 -6.276385307312012 0.5 0.5 1.100000023841858 0.0 Pedestrian 
1.8836296195353839 -13.014310889128069 -5.896100044250488 0.3753577768802643 0.3753577768802643 1.8600000143051147 0.0 Pedestrian 
10.54158241193496 -8.697164099898487 -6.048500061035156 0.3753577768802643 0.3753577768802643 1.8600000143051147 0.0 Pedestrian 
29.533003276063212 16.263099913372912 -6.3285000920295715 0.3753577768802643 0.3753577768802643 1.2999999523162842 0.0 Pedestrian 
11.99871886372151 2.600309480368651 -6.048500239849091 0.3753577768802643 0.3753577768802643 1.8600000143051147 0.0 Pedestrian 
12.764571982541185 -26.834003604598365 -6.176100075244904 0.3753577768802643 0.3753577768802643 1.2999999523162842 0.0 Pedestrian 
12.130316449057553 19.061622166944744 -5.896100163459778 0.3753577768802643 0.3753577768802643 1.8600000143051147 0.0 Pedestrian 
26.951441823818797 -12.539201433008088 -6.3285000920295715 0.3753577768802643 0.3753577768802643 1.2999999523162842 0.0 Pedestrian 
19.113643473459817 -22.092024101253287 -7.002670383313671 6.273552894592285 2.3895740509033203 2.098191261291504 0.0 Vehicle 
4.363241664551407 3.7068271707684346 -6.989054546691477 4.6045098304748535 1.9315931797027588 1.8548461198806763 0.0 Vehicle 
18.601083129934054 30.3196984992195 -7.007573718670756 5.357479572296143 2.033203125 1.4106584787368774 0.0 Vehicle 
33.132200718072454 -23.954364751967887 -6.998320827493444 4.791779518127441 2.163450002670288 1.488319993019104 0.0 Vehicle 
29.710018203925372 -19.548696250428634 -6.999914302825346 5.006059646606445 2.097083806991577 1.5347249507904053 0.0 Vehicle 
