10.068836201828312 -4.579407930624484 -6.0485000014305115 0.3753577768802643 0.3753577768802643 1.8600000143051147 0.0 Pedestrian 
11.377073404755109 21.605576314936343 -6.2804049253463745 0.5 0.5 1.100000023841858 0.0 Pedestrian 
2.54011243058207 -12.781293267449087 -5.896100163459778 0.3753577768802643 0.3753577768802643 1.8600000143051147 0.0 Pedestrian 
8.337172519731539 -12.052310577480853 -5.896100044250488 0.3753577768802643 0.3753577768802643 1.8600000143051147 0.0 Pedestrian 
10.607753234805259 -2.7968368878553065 -6.048500061035156 0.3753577768802643 0.3753577768802643 1.8600000143051147 0.0 Pedestrian 
25.299309668116607 15.569807377224492 -6.3285000920295715 0.3753577768802643 0.3753577768802643 1.2999999523162842 0.0 Pedestrian 
10.855960345819561 8.777890901751789 -6.048500239849091 0.3753577768802643 0.3753577768802643 1.8600000143051147 0.0 Pedestrian 
12.61447856602885 -23.700209616457528 -6.176100075244904 0.3753577768802643 0.3753577768802643 1.2999999523162842 0.0 Pedestrian 
7.898448838346418 14.696287930153972 -5.901233792304993 0.3753577768802643 0.3753577768802643 1.8600000143051147 0.0 Pedestrian 
24.69921732878113 -12.531826604695652 -6.3285000920295715 0.3753577768802643 0.3753577768802643 1.2999999523162842 0.0 Pedestrian 
19.1731472029023 -28.227659271854577 -7.00265192030929 6.273552894592285 2.3895740509033203 2.098191261291504 0.0 Vehicle 
-1.7647073911836453 3.644138126828061 -6.989020671695471 4.6045098304748535 1.9315931797027588 1.8548461198806763 0.0 Vehicle 
18.660160067100662 24.275859267949386 -7.007591113913804 5.357479572296143 2.033203125 1.4106584787368774 0.0 Vehicle 
33.132200718072454 -23.954364751967887 -6.998320827493444 4.791779518127441 2.163450002670288 1.488319993019104 0.0 Vehicle 
29.707034991525916 -15.220039212845677 -6.999898777008639 5.006059646606445 2.097083806991577 1.5347249507904053 0.0 Vehicle 
