12.738576985467162 -17.89040037706866 -5.896100163459778 0.3753577768802643 0.3753577768802643 1.8600000143051147 0.0 Pedestrian 
11.529526317037977 34.28932559240263 -6.278930842876434 0.5 0.5 1.100000023841858 0.0 Pedestrian 
-1.937984822253668 -13.269756640393098 -5.896100044250488 0.3753577768802643 0.3753577768802643 1.8600000143051147 0.0 Pedestrian 
38.172285307878326 20.330533030070114 -6.176100075244904 0.3753577768802643 0.3753577768802643 1.2999999523162842 0.0 Pedestrian 
10.006763739270518 -10.35269033903296 -6.048500239849091 0.3753577768802643 0.3753577768802643 1.8600000143051147 0.0 Pedestrian 
13.456975034100935 -36.69363398426174 -6.176100075244904 0.3753577768802643 0.3753577768802643 1.2999999523162842 0.0 Pedestrian 
12.576813575260275 33.535903779835394 -5.896100163459778 0.3753577768802643 0.3753577768802643 1.8600000143051147 0.0 Pedestrian 
36.17497416401669 -16.077271133875 -6.3285000920295715 0.3753577768802643 0.3753577768802643 1.2999999523162842 0.0 Pedestrian 
19.004073288599784 -10.895925651727794 -7.002836017636582 6.273552894592285 2.3895740509033203 2.098191261291504 0.0 Vehicle 
14.603605190331757 3.811484106101659 -6.9891414837911725 4.6045098304748535 1.9315931797027588 1.8548461198806763 0.0 Vehicle 
18.493466869411918 41.30156990163118 -7.007481098175049 5.357479572296143 2.033203125 1.4106584787368774 0.0 Vehicle 
33.15359411834562 -26.14186135551654 -6.998321933788247 4.791779518127441 2.163450002670288 1.488319993019104 0.0 Vehicle 
29.65383051956472 -26.176059064872447 -6.999913539890258 5.006059646606445 2.097083806991577 1.5347249507904053 0.0 Vehicle 
