10.010867016372451 -1.4297759085558255 -6.0485000014305115 0.3753577768802643 0.3753577768802643 1.8600000143051147 0.0 Pedestrian 
11.400910667132457 19.368208816131755 -6.2804049253463745 0.5 0.5 1.100000023841858 0.0 Pedestrian 
5.581832070853068 -12.294536019500015 -5.896100163459778 0.3753577768802643 0.3753577768802643 1.8600000143051147 0.0 Pedestrian 
10.122570386596514 -10.931956033078222 -6.048500180244446 0.3753577768802643 0.3753577768802643 1.8600000143051147 0.0 Pedestrian 
10.656485245962422 0.17593502261809135 -6.048500061035156 0.3753577768802643 0.3753577768802643 1.8600000143051147 0.0 Pedestrian 
23.6270629602219 14.422801179932549 -6.3285000920295715 0.3753577768802643 0.3753577768802643 1.2999999523162842 0.0 Pedestrian 
10.66809722619659 10.952320480658955 -6.048500239849091 0.3753577768802643 0.3753577768802643 1.8600000143051147 0.0 Pedestrian 
12.554363436743103 -21.863748366186883 -6.176100075244904 0.3753577768802643 0.3753577768802643 1.2999999523162842 0.0 Pedestrian 
7.391112304779874 13.290864175384513 -5.896100044250488 0.3753577768802643 0.3753577768802643 1.8600000143051147 0.0 Pedestrian 
23.320249363519338 -12.563310378934943 -6.3285000920295715 0.3753577768802643 0.3753577768802643 1.2999999523162842 0.0 Pedestrian 
19.20545236498785 -31.542607655909592 -7.002650089096278 6.273552894592285 2.3895740509033203 2.098191261291504 0.0 Vehicle 
18.69192778681463 21.010841673001778 -7.007516231387854 5.357479572296143 2.033203125 1.4106584787368774 0.0 Vehicle 
33.132200718072454 -23.954364751967887 -6.998320827493444 4.791779518127441 2.163450002670288 1.488319993019104 0.0 Vehicle 
29.695774897016236 -12.202999762695413 -6.999908313751803 5.006059646606445 2.097083806991577 1.5347249507904053 0.0 Vehicle 
