13.918388783975743 -23.550244242142185 -5.896100163459778 0.3753577768802643 0.3753577768802643 1.8600000143051147 0.0 Pedestrian 
12.25969002848015 37.040818825903784 -6.276100039482117 0.5 0.5 1.100000023841858 0.0 Pedestrian 
38.95064245860314 23.87843239420124 -6.176100075244904 0.3753577768802643 0.3753577768802643 1.2999999523162842 0.0 Pedestrian 
8.318336830429445 -12.657571345567817 -5.896100044250488 0.3753577768802643 0.3753577768802643 1.8600000143051147 0.0 Pedestrian 
13.372357371139884 -40.344811253838316 -6.176100075244904 0.3753577768802643 0.3753577768802643 1.2999999523162842 0.0 Pedestrian 
12.96758634381817 39.155030687571866 -5.896100163459778 0.3753577768802643 0.3753577768802643 1.8600000143051147 0.0 Pedestrian 
38.687848394095184 -17.97017645121082 -6.176100015640259 0.3753577768802643 0.3753577768802643 1.2999999523162842 0.0 Pedestrian 
19.004073288599784 -10.895925651727794 -7.021575640887022 6.273552894592285 2.3895740509033203 2.098191261291504 0.0 Vehicle 
14.603574674702328 3.8114835176002657 -7.0062286565080285 4.6045098304748535 1.9315931797027588 1.8548461198806763 0.0 Vehicle 
18.493466869411918 41.30156990163118 -7.012889003381133 5.357479572296143 2.033203125 1.4106584787368774 0.0 Vehicle 
33.15359411834562 -26.14186135551654 -7.003118534106761 4.791779518127441 2.163450002670288 1.488319993019104 0.0 Vehicle 
29.65381507037418 -26.17605387883623 -7.004811267834157 5.006059646606445 2.097083806991577 1.5347249507904053 0.0 Vehicle 
