9.975340714550487 1.6822897336172673 -6.0485000014305115 0.3753577768802643 0.3753577768802643 1.8600000143051147 0.0 Pedestrian 
10.728178341391079 18.259559879696667 -6.2804049253463745 0.5 0.5 1.100000023841858 0.0 Pedestrian 
8.789434776406168 -11.947553887776849 -5.896100163459778 0.3753577768802643 0.3753577768802643 1.8600000143051147 0.0 Pedestrian 
10.462121089493934 -7.512992848805993 -6.048500180244446 0.3753577768802643 0.3753577768802643 1.8600000143051147 0.0 Pedestrian 
10.738739419185906 3.0785023324935423 -6.048500061035156 0.3753577768802643 0.3753577768802643 1.8600000143051147 0.0 Pedestrian 
22.73701609806558 13.557356147978908 -6.3285000920295715 0.3753577768802643 0.3753577768802643 1.2999999523162842 0.0 Pedestrian 
8.102396081097158 12.175383965542778 -5.896100163459778 0.3753577768802643 0.3753577768802643 1.8600000143051147 0.0 Pedestrian 
12.529304740062173 -19.571291401439566 -6.176100075244904 0.3753577768802643 0.3753577768802643 1.2999999523162842 0.0 Pedestrian 
10.011720237544484 12.232554645042683 -5.896100044250488 0.3753577768802643 0.3753577768802643 1.8600000143051147 0.0 Pedestrian 
21.781333573579673 -12.761395024504168 -6.3285000920295715 0.3753577768802643 0.3753577768802643 1.2999999523162842 0.0 Pedestrian 
19.237863971309423 -34.86016698329263 -7.00264940247871 6.273552894592285 2.3895740509033203 2.098191261291504 0.0 Vehicle 
18.723538582304855 17.74332226539616 -7.007519473787397 5.357479572296143 2.033203125 1.4106584787368774 0.0 Vehicle 
33.132200718072454 -23.954364751967887 -6.998320827493444 4.791779518127441 2.163450002670288 1.488319993019104 0.0 Vehicle 
29.67626531550831 -9.065589445590263 -6.999911785125732 5.006059646606445 2.097083806991577 1.5347249507904053 0.0 Vehicle 
