9.966037602789646 2.6036529457171014 -6.0485000014305115 0.3753577768802643 0.3753577768802643 1.8600000143051147 0.0 Pedestrian 
10.405032003685193 17.57304311920575 -6.2804049253463745 0.5 0.5 1.100000023841858 0.0 Pedestrian 
8.889686261744359 -12.251456939491959 -5.896100163459778 0.3753577768802643 0.3753577768802643 1.8600000143051147 0.0 Pedestrian 
10.486404394684321 -6.568797317375925 -6.048500180244446 0.3753577768802643 0.3753577768802643 1.8600000143051147 0.0 Pedestrian 
10.726551505581146 4.037441710192219 -6.048500061035156 0.3753577768802643 0.3753577768802643 1.8600000143051147 0.0 Pedestrian 
22.604054499372694 13.519083149735025 -6.3285000920295715 0.3753577768802643 0.3753577768802643 1.2999999523162842 0.0 Pedestrian 
7.203800723939672 12.193078353138503 -5.896100163459778 0.3753577768802643 0.3753577768802643 1.8600000143051147 0.0 Pedestrian 
12.48241479693155 -19.025155563047974 -6.176100075244904 0.3753577768802643 0.3753577768802643 1.2999999523162842 0.0 Pedestrian 
10.071964726948512 10.991381662939489 -6.048500180244446 0.3753577768802643 0.3753577768802643 1.8600000143051147 0.0 Pedestrian 
21.297988983447965 -12.838269749074698 -6.3285000920295715 0.3753577768802643 0.3753577768802643 1.2999999523162842 0.0 Pedestrian 
19.24712705141644 -35.808365977502945 -7.002649326343089 6.273552894592285 2.3895740509033203 2.098191261291504 0.0 Vehicle 
18.722693348763237 16.809575557303106 -7.007514781784266 5.357479572296143 2.033203125 1.4106584787368774 0.0 Vehicle 
33.132200718072454 -23.954364751967887 -6.998320827493444 4.791779518127441 2.163450002670288 1.488319993019104 0.0 Vehicle 
29.66929523545889 -8.159880676232206 -6.999912242892606 5.006059646606445 2.097083806991577 1.5347249507904053 0.0 Vehicle 
