10.124544794147944 -6.947699947693081 -6.0485000014305115 0.3753577768802643 0.3753577768802643 1.8600000143051147 0.0 Pedestrian 
11.588376115103898 23.2344435210249 -6.2804049253463745 0.5 0.5 1.100000023841858 0.0 Pedestrian 
0.3384591688909495 -12.69575092960065 -5.896100163459778 0.3753577768802643 0.3753577768802643 1.8600000143051147 0.0 Pedestrian 
5.853683676815621 -12.478699391434134 -5.896100044250488 0.3753577768802643 0.3753577768802643 1.8600000143051147 0.0 Pedestrian 
10.590860037825017 -5.0448352924627216 -6.048500061035156 0.3753577768802643 0.3753577768802643 1.8600000143051147 0.0 Pedestrian 
26.9276381011856 15.836458186716527 -6.3285000920295715 0.3753577768802643 0.3753577768802643 1.2999999523162842 0.0 Pedestrian 
11.507778418674642 6.484437089841379 -6.048500239849091 0.3753577768802643 0.3753577768802643 1.8600000143051147 0.0 Pedestrian 
12.656754691580645 -24.941882197368386 -6.176100075244904 0.3753577768802643 0.3753577768802643 1.2999999523162842 0.0 Pedestrian 
9.928983050893926 16.23529513777919 -5.901233792304993 0.3753577768802643 0.3753577768802643 1.8600000143051147 0.0 Pedestrian 
25.603145402625756 -12.529527762622479 -6.3285000920295715 0.3753577768802643 0.3753577768802643 1.2999999523162842 0.0 Pedestrian 
19.150173284001 -25.86286181724529 -7.002655200893059 6.273552894592285 2.3895740509033203 2.098191261291504 0.0 Vehicle 
0.6083882421612423 3.6684245181599664 -6.989044247195125 4.6045098304748535 1.9315931797027588 1.8548461198806763 0.0 Vehicle 
18.63723607080489 26.605123894523217 -7.007671565748751 5.357479572296143 2.033203125 1.4106584787368774 0.0 Vehicle 
33.132200718072454 -23.954364751967887 -6.998320827493444 4.791779518127441 2.163450002670288 1.488319993019104 0.0 Vehicle 
29.710163075104518 -17.18616799008805 -6.9998872184805805 5.006059646606445 2.097083806991577 1.5347249507904053 0.0 Vehicle 
