12.983729325991064 -18.6872426768972 -5.896100163459778 0.3753577768802643 0.3753577768802643 1.8600000143051147 0.0 Pedestrian 
11.683234495633315 34.87289195793221 -6.276100039482117 0.5 0.5 1.100000023841858 0.0 Pedestrian 
38.313829395647794 20.975179254711065 -6.176100075244904 0.3753577768802643 0.3753577768802643 1.2999999523162842 0.0 Pedestrian 
10.096079280040009 -11.56939635119113 -5.896100044250488 0.3753577768802643 0.3753577768802643 1.8600000143051147 0.0 Pedestrian 
13.443313499344669 -37.35349788295832 -6.176100075244904 0.3753577768802643 0.3753577768802643 1.2999999523162842 0.0 Pedestrian 
12.593770436431356 34.412265944844194 -5.896100163459778 0.3753577768802643 0.3753577768802643 1.8600000143051147 0.0 Pedestrian 
36.83028075398701 -16.155975471061538 -6.3285000920295715 0.3753577768802643 0.3753577768802643 1.2999999523162842 0.0 Pedestrian 
19.004073288599784 -10.895925651727794 -7.0039943885058165 6.273552894592285 2.3895740509033203 2.098191261291504 0.0 Vehicle 
14.603605190331757 3.811484106101659 -6.9902143673971295 4.6045098304748535 1.9315931797027588 1.8548461198806763 0.0 Vehicle 
18.493466869411918 41.30156990163118 -7.007486820220947 5.357479572296143 2.033203125 1.4106584787368774 0.0 Vehicle 
33.15359411834562 -26.14186135551654 -6.998323802952655 4.791779518127441 2.163450002670288 1.488319993019104 0.0 Vehicle 
29.65383051956472 -26.176059064872447 -6.999915370943199 5.006059646606445 2.097083806991577 1.5347249507904053 0.0 Vehicle 
