11.630448323226446 -13.117224866381548 -5.896100163459778 0.3753577768802643 0.3753577768802643 1.8600000143051147 0.0 Pedestrian 
11.45569923392378 31.26479929500556 -6.278930842876434 0.5 0.5 1.100000023841858 0.0 Pedestrian 
5.052504360883262 -12.545549745924518 -5.896100044250488 0.3753577768802643 0.3753577768802643 1.8600000143051147 0.0 Pedestrian 
36.37193484353642 17.38361660093608 -6.3285000920295715 0.3753577768802643 0.3753577768802643 1.2999999523162842 0.0 Pedestrian 
10.028978479037157 -3.6295347941313594 -6.048500239849091 0.3753577768802643 0.3753577768802643 1.8600000143051147 0.0 Pedestrian 
13.533710225361943 -32.9806900922232 -6.176100075244904 0.3753577768802643 0.3753577768802643 1.2999999523162842 0.0 Pedestrian 
12.758289537645297 28.11744090780985 -5.896100163459778 0.3753577768802643 0.3753577768802643 1.8600000143051147 0.0 Pedestrian 
31.91494247572875 -15.0286576416878 -6.3285000920295715 0.3753577768802643 0.3753577768802643 1.2999999523162842 0.0 Pedestrian 
19.022586886552006 -12.795461671363228 -7.002843799535185 6.273552894592285 2.3895740509033203 2.098191261291504 0.0 Vehicle 
13.07142049398272 3.79578169809902 -6.990181980654597 4.6045098304748535 1.9315931797027588 1.8548461198806763 0.0 Vehicle 
18.511359416802406 39.46878718681387 -7.008678760379553 5.357479572296143 2.033203125 1.4106584787368774 0.0 Vehicle 
33.13935144194606 -24.68423702388202 -6.998399639152922 4.791779518127441 2.163450002670288 1.488319993019104 0.0 Vehicle 
29.67265502631483 -24.6623702240081 -6.999906902317889 5.006059646606445 2.097083806991577 1.5347249507904053 0.0 Vehicle 
