12.022250197815865 -13.204006877424376 -5.896100163459778 0.3753577768802643 0.3753577768802643 1.8600000143051147 0.0 Pedestrian 
11.524817755198384 31.069802286412028 -6.278930842876434 0.5 0.5 1.100000023841858 0.0 Pedestrian 
5.477284632963688 -12.44168404181903 -5.896100044250488 0.3753577768802643 0.3753577768802643 1.8600000143051147 0.0 Pedestrian 
36.04641529498487 17.329511915436456 -6.3285000920295715 0.3753577768802643 0.3753577768802643 1.2999999523162842 0.0 Pedestrian 
10.017729686779298 -3.197231843544614 -6.048500239849091 0.3753577768802643 0.3753577768802643 1.8600000143051147 0.0 Pedestrian 
13.531662203488708 -32.50449643984393 -6.176100075244904 0.3753577768802643 0.3753577768802643 1.2999999523162842 0.0 Pedestrian 
12.769583630553058 27.594210428119027 -5.896100163459778 0.3753577768802643 0.3753577768802643 1.8600000143051147 0.0 Pedestrian 
31.645795917694002 -14.88610459571612 -6.3285000920295715 0.3753577768802643 0.3753577768802643 1.2999999523162842 0.0 Pedestrian 
19.026289864829295 -13.173015290156286 -7.002896442310885 6.273552894592285 2.3895740509033203 2.098191261291504 0.0 Vehicle 
12.737870353331108 3.7923825164262155 -6.989807720296085 4.6045098304748535 1.9315931797027588 1.8548461198806763 0.0 Vehicle 
18.514970751720654 39.09997898343465 -7.008555507287383 5.357479572296143 2.033203125 1.4106584787368774 0.0 Vehicle 
33.13681278439975 -24.42572048990155 -6.99838865280617 4.791779518127441 2.163450002670288 1.488319993019104 0.0 Vehicle 
29.6757483758918 -24.402487098604638 -6.999909763340838 5.006059646606445 2.097083806991577 1.5347249507904053 0.0 Vehicle 
