9.588543289961777 -13.022012149565512 -5.896100163459778 0.3753577768802643 0.3753577768802643 1.8600000143051147 0.0 Pedestrian 
11.70844805975753 30.116632506748374 -6.276385307312012 0.5 0.5 1.100000023841858 0.0 Pedestrian 
7.071201537120487 -11.980548568844256 -5.896100044250488 0.3753577768802643 0.3753577768802643 1.8600000143051147 0.0 Pedestrian 
34.743703026982125 17.11638516091773 -6.3285000920295715 0.3753577768802643 0.3753577768802643 1.2999999523162842 0.0 Pedestrian 
10.024298516500814 -1.7479461866774955 -6.048500239849091 0.3753577768802643 0.3753577768802643 1.8600000143051147 0.0 Pedestrian 
13.47558418110296 -31.101065197056982 -6.176100075244904 0.3753577768802643 0.3753577768802643 1.2999999523162842 0.0 Pedestrian 
12.674484484227065 25.47570935241481 -5.896100163459778 0.3753577768802643 0.3753577768802643 1.8600000143051147 0.0 Pedestrian 
30.63249990781017 -14.306824987670439 -6.3285000920295715 0.3753577768802643 0.3753577768802643 1.2999999523162842 0.0 Pedestrian 
19.042217977802594 -14.800451627827897 -7.002933216048405 6.273552894592285 2.3895740509033203 2.098191261291504 0.0 Vehicle 
11.254004951448602 3.7772379148206596 -6.989723186939955 4.6045098304748535 1.9315931797027588 1.8548461198806763 0.0 Vehicle 
18.530606403276977 37.50234147034132 -7.008231258019805 5.357479572296143 2.033203125 1.4106584787368774 0.0 Vehicle 
33.13220257591324 -23.954855174487534 -6.997887706849724 4.791779518127441 2.163450002670288 1.488319993019104 0.0 Vehicle 
29.686995342405126 -23.389722633216707 -6.999917087559879 5.006059646606445 2.097083806991577 1.5347249507904053 0.0 Vehicle 
