11.468421262362355 -13.117165075990215 -5.896100163459778 0.3753577768802643 0.3753577768802643 1.8600000143051147 0.0 Pedestrian 
11.576711814269004 30.88448302808274 -6.278930842876434 0.5 0.5 1.100000023841858 0.0 Pedestrian 
5.907432326271305 -12.328000555364952 -5.896100044250488 0.3753577768802643 0.3753577768802643 1.8600000143051147 0.0 Pedestrian 
35.72070740596855 17.276428386263092 -6.3285000920295715 0.3753577768802643 0.3753577768802643 1.2999999523162842 0.0 Pedestrian 
10.002540703504401 -2.7185541592466507 -6.048500239849091 0.3753577768802643 0.3753577768802643 1.8600000143051147 0.0 Pedestrian 
13.517722039590808 -32.077320218245404 -6.176100075244904 0.3753577768802643 0.3753577768802643 1.2999999523162842 0.0 Pedestrian 
12.729502641389402 26.952434622567353 -5.896100163459778 0.3753577768802643 0.3753577768802643 1.8600000143051147 0.0 Pedestrian 
31.394789049857764 -14.739213677455268 -6.3285000920295715 0.3753577768802643 0.3753577768802643 1.2999999523162842 0.0 Pedestrian 
19.03010912233445 -13.564392012554208 -7.002967395819724 6.273552894592285 2.3895740509033203 2.098191261291504 0.0 Vehicle 
12.386539304477438 3.7887995801489893 -6.989733104594052 4.6045098304748535 1.9315931797027588 1.8548461198806763 0.0 Vehicle 
18.518711539843423 38.71653320218286 -7.008502787910402 5.357479572296143 2.033203125 1.4106584787368774 0.0 Vehicle 
33.13460443407604 -24.200272647214774 -6.998234462807886 4.791779518127441 2.163450002670288 1.488319993019104 0.0 Vehicle 
29.678747354201178 -24.143399300896135 -6.999911556245934 5.006059646606445 2.097083806991577 1.5347249507904053 0.0 Vehicle 
