9.946984322596817 3.5440780175253366 -6.0485000014305115 0.3753577768802643 0.3753577768802643 1.8600000143051147 0.0 Pedestrian 
9.911349031731838 17.19541437599878 -6.2804049253463745 0.5 0.5 1.100000023841858 0.0 Pedestrian 
10.275837697237378 -12.101262926821846 -5.896100163459778 0.3753577768802643 0.3753577768802643 1.8600000143051147 0.0 Pedestrian 
10.484105135244725 -5.620643326402728 -6.048500180244446 0.3753577768802643 0.3753577768802643 1.8600000143051147 0.0 Pedestrian 
10.787128754235056 5.0620374059651425 -6.048500061035156 0.3753577768802643 0.3753577768802643 1.8600000143051147 0.0 Pedestrian 
22.46165656197376 13.504876172630588 -6.3285000920295715 0.3753577768802643 0.3753577768802643 1.2999999523162842 0.0 Pedestrian 
6.258497396455567 12.16407264598763 -5.896100163459778 0.3753577768802643 0.3753577768802643 1.8600000143051147 0.0 Pedestrian 
12.562769689256314 -18.48471997470631 -6.176100075244904 0.3753577768802643 0.3753577768802643 1.2999999523162842 0.0 Pedestrian 
10.107523670492899 10.005898270342641 -6.048500180244446 0.3753577768802643 0.3753577768802643 1.8600000143051147 0.0 Pedestrian 
20.80183421325097 -12.916011687449327 -6.3285000920295715 0.3753577768802643 0.3753577768802643 1.2999999523162842 0.0 Pedestrian 
19.256394391715787 -36.75668696766547 -7.002649326343089 6.273552894592285 2.3895740509033203 2.098191261291504 0.0 Vehicle 
18.699622130115948 15.9347289854486 -7.006153773982078 5.357479572296143 2.033203125 1.4106584787368774 0.0 Vehicle 
33.132200718072454 -23.954364751967887 -6.998320827493444 4.791779518127441 2.163450002670288 1.488319993019104 0.0 Vehicle 
29.66166506380977 -7.251883750629418 -6.999912471772404 5.006059646606445 2.097083806991577 1.5347249507904053 0.0 Vehicle 
