12.792900205854991 -14.305170395932578 -5.896100163459778 0.3753577768802643 0.3753577768802643 1.8600000143051147 0.0 Pedestrian 
11.270135947610683 32.03153926478535 -6.278930842876434 0.5 0.5 1.100000023841858 0.0 Pedestrian 
3.1528267119303592 -12.954162268120172 -5.896100044250488 0.3753577768802643 0.3753577768802643 1.8600000143051147 0.0 Pedestrian 
37.80923289327722 17.47570283765924 -6.176100075244904 0.3753577768802643 0.3753577768802643 1.2999999523162842 0.0 Pedestrian 
10.04896870035084 -5.554304160530705 -6.048500239849091 0.3753577768802643 0.3753577768802643 1.8600000143051147 0.0 Pedestrian 
13.535538182899018 -33.82440581099934 -6.176100075244904 0.3753577768802643 0.3753577768802643 1.2999999523162842 0.0 Pedestrian 
12.827216395179448 29.048092422417653 -5.896100163459778 0.3753577768802643 0.3753577768802643 1.8600000143051147 0.0 Pedestrian 
32.89795409634637 -15.688600717522263 -6.3285000920295715 0.3753577768802643 0.3753577768802643 1.2999999523162842 0.0 Pedestrian 
19.009471768105954 -11.452323908942276 -7.005740298889577 6.273552894592285 2.3895740509033203 2.098191261291504 0.0 Vehicle 
14.202175960649127 3.807129158857663 -6.9938435554504395 4.6045098304748535 1.9315931797027588 1.8548461198806763 0.0 Vehicle 
18.498591314159313 40.7735683566832 -7.014093264937401 5.357479572296143 2.033203125 1.4106584787368774 0.0 Vehicle 
33.148876441889925 -25.660485804369728 -6.99886606214568 4.791779518127441 2.163450002670288 1.488319993019104 0.0 Vehicle 
29.65900473930604 -25.7645865640103 -6.999809589397046 5.006059646606445 2.097083806991577 1.5347249507904053 0.0 Vehicle 
