9.939143447717074 4.228130491701702 -6.0485000014305115 0.3753577768802643 0.3753577768802643 1.8600000143051147 0.0 Pedestrian 
9.440399603152201 16.795068555224248 -6.2804049253463745 0.5 0.5 1.100000023841858 0.0 Pedestrian 
10.040101736238405 -10.76870953801199 -6.048500180244446 0.3753577768802643 0.3753577768802643 1.8600000143051147 0.0 Pedestrian 
10.470481080620466 -4.669109770677437 -6.048500180244446 0.3753577768802643 0.3753577768802643 1.8600000143051147 0.0 Pedestrian 
10.842438366722362 6.029361315366458 -6.048500061035156 0.3753577768802643 0.3753577768802643 1.8600000143051147 0.0 Pedestrian 
22.413977243246137 13.499982927393262 -6.3285000920295715 0.3753577768802643 0.3753577768802643 1.2999999523162842 0.0 Pedestrian 
6.220453462720016 12.149962822621433 -5.896100163459778 0.3753577768802643 0.3753577768802643 1.8600000143051147 0.0 Pedestrian 
12.54963133718023 -17.898620738771456 -6.176100075244904 0.3753577768802643 0.3753577768802643 1.2999999523162842 0.0 Pedestrian 
10.159127483296782 9.232521246065403 -6.048500180244446 0.3753577768802643 0.3753577768802643 1.8600000143051147 0.0 Pedestrian 
20.06117016077026 -12.892581307245678 -6.3285000920295715 0.3753577768802643 0.3753577768802643 1.2999999523162842 0.0 Pedestrian 
19.265680975439466 -37.70512179650916 -7.002649249974638 6.273552894592285 2.3895740509033203 2.098191261291504 0.0 Vehicle 
18.678897704832558 15.203419523682669 -7.005450115073472 5.357479572296143 2.033203125 1.4106584787368774 0.0 Vehicle 
33.132200718072454 -23.954364751967887 -6.998320827493444 4.791779518127441 2.163450002670288 1.488319993019104 0.0 Vehicle 
29.653547697828536 -6.342177589781386 -6.999912662511633 5.006059646606445 2.097083806991577 1.5347249507904053 0.0 Vehicle 
