10.463064833162255 7.045234465718465 -6.0485000014305115 0.3753577768802643 0.3753577768802643 1.8600000143051147 0.0 Pedestrian 
7.9077642485633675 15.33763731764202 -6.2804049253463745 0.5 0.5 1.100000023841858 0.0 Pedestrian 
10.102498311558122 -6.070215881977106 -6.048500180244446 0.3753577768802643 0.3753577768802643 1.8600000143051147 0.0 Pedestrian 
10.459142578237607 -0.29575183012957496 -6.048500180244446 0.3753577768802643 0.3753577768802643 1.8600000143051147 0.0 Pedestrian 
10.315829508348461 10.373507032326415 -6.048500061035156 0.3753577768802643 0.3753577768802643 1.8600000143051147 0.0 Pedestrian 
22.48587427620761 13.628537436919942 -6.3285000920295715 0.3753577768802643 0.3753577768802643 1.2999999523162842 0.0 Pedestrian 
1.571962254503461 12.38603375974128 -5.896100163459778 0.3753577768802643 0.3753577768802643 1.8600000143051147 0.0 Pedestrian 
12.75115129518639 -15.660822015470785 -6.176100075244904 0.3753577768802643 0.3753577768802643 1.2999999523162842 0.0 Pedestrian 
9.934438787658793 6.325976256181605 -6.048500180244446 0.3753577768802643 0.3753577768802643 1.8600000143051147 0.0 Pedestrian 
17.393565259400546 -12.844200922821756 -6.3285000920295715 0.3753577768802643 0.3753577768802643 1.2999999523162842 0.0 Pedestrian 
19.307478541790488 -41.97439893884916 -7.002649173606187 6.273552894592285 2.3895740509033203 2.098191261291504 0.0 Vehicle 
18.322093980989695 12.597252289318817 -7.007036418654025 5.357479572296143 2.033203125 1.4106584787368774 0.0 Vehicle 
29.774095736768743 -38.0509354058006 -7.005206889938563 4.1928300857543945 1.8161858320236206 1.4738311767578125 0.0 Vehicle 
33.132200718072454 -23.954364751967887 -6.998320827493444 4.791779518127441 2.163450002670288 1.488319993019104 0.0 Vehicle 
29.611052570546022 -2.2365577004890156 -6.999913196566922 5.006059646606445 2.097083806991577 1.5347249507904053 0.0 Vehicle 
