10.071723725371626 -5.525607102789422 -6.0485000014305115 0.3753577768802643 0.3753577768802643 1.8600000143051147 0.0 Pedestrian 
11.442288735961696 22.256445972037227 -6.2804049253463745 0.5 0.5 1.100000023841858 0.0 Pedestrian 
1.6515168588336877 -12.746523964009498 -5.896100163459778 0.3753577768802643 0.3753577768802643 1.8600000143051147 0.0 Pedestrian 
7.352134657310856 -12.246386360079555 -5.896100044250488 0.3753577768802643 0.3753577768802643 1.8600000143051147 0.0 Pedestrian 
10.60444702506964 -3.6977114539726017 -6.048500061035156 0.3753577768802643 0.3753577768802643 1.8600000143051147 0.0 Pedestrian 
25.95063192493054 15.676466428413505 -6.3285000920295715 0.3753577768802643 0.3753577768802643 1.2999999523162842 0.0 Pedestrian 
11.113565340095743 7.9348780900226075 -6.048500239849091 0.3753577768802643 0.3753577768802643 1.8600000143051147 0.0 Pedestrian 
12.633439928289974 -24.171925004542572 -6.176100075244904 0.3753577768802643 0.3753577768802643 1.2999999523162842 0.0 Pedestrian 
8.762948406916287 15.247916551582875 -5.901233792304993 0.3753577768802643 0.3753577768802643 1.8600000143051147 0.0 Pedestrian 
25.102472276769205 -12.537780183601399 -6.3285000920295715 0.3753577768802643 0.3753577768802643 1.2999999523162842 0.0 Pedestrian 
19.163933774668735 -27.2813193422528 -7.002652988303453 6.273552894592285 2.3895740509033203 2.098191261291504 0.0 Vehicle 
-0.8139978720090704 3.6538692367269476 -6.98902765288949 4.6045098304748535 1.9315931797027588 1.8548461198806763 0.0 Vehicle 
18.651192835342286 25.20815351791498 -7.006689128931612 5.357479572296143 2.033203125 1.4106584787368774 0.0 Vehicle 
33.132200718072454 -23.954364751967887 -6.998320827493444 4.791779518127441 2.163450002670288 1.488319993019104 0.0 Vehicle 
29.708715382131984 -16.034607575094356 -6.9998948860156815 5.006059646606445 2.097083806991577 1.5347249507904053 0.0 Vehicle 
