10.171497480011094 8.363244629252335 -6.0485000014305115 0.3753577768802643 0.3753577768802643 1.8600000143051147 0.0 Pedestrian 
7.024480561008012 14.656279168781566 -6.2804049253463745 0.5 0.5 1.100000023841858 0.0 Pedestrian 
10.065489837627936 -4.679018343602024 -6.048500180244446 0.3753577768802643 0.3753577768802643 1.8600000143051147 0.0 Pedestrian 
10.33167878845373 1.1800340847785264 -6.048500180244446 0.3753577768802643 0.3753577768802643 1.8600000143051147 0.0 Pedestrian 
10.477937872167502 10.935134013840184 -6.048500061035156 0.3753577768802643 0.3753577768802643 1.8600000143051147 0.0 Pedestrian 
22.343738804856088 14.007308776001423 -6.3285000920295715 0.3753577768802643 0.3753577768802643 1.2999999523162842 0.0 Pedestrian 
0.1604058412269751 12.405886489294403 -5.896100163459778 0.3753577768802643 0.3753577768802643 1.8600000143051147 0.0 Pedestrian 
12.7291203247905 -14.824880927167783 -6.176100075244904 0.3753577768802643 0.3753577768802643 1.2999999523162842 0.0 Pedestrian 
9.905665884566798 5.561938061719644 -6.048500180244446 0.3753577768802643 0.3753577768802643 1.8600000143051147 0.0 Pedestrian 
16.626561574870195 -12.745943438924655 -6.3285000920295715 0.3753577768802643 0.3753577768802643 1.2999999523162842 0.0 Pedestrian 
19.321416828922366 -43.39794788867482 -7.002649173606187 6.273552894592285 2.3895740509033203 2.098191261291504 0.0 Vehicle 
18.095039184745758 11.86805448746793 -7.0072362325154245 5.357479572296143 2.033203125 1.4106584787368774 0.0 Vehicle 
29.760252428149244 -36.596877495082595 -7.005206813570112 4.1928300857543945 1.8161858320236206 1.4738311767578125 0.0 Vehicle 
33.132200718072454 -23.954364751967887 -6.998320827493444 4.791779518127441 2.163450002670288 1.488319993019104 0.0 Vehicle 
29.595211487877922 -0.8656389380669225 -6.999913120271231 5.006059646606445 2.097083806991577 1.5347249507904053 0.0 Vehicle 
