10.216548628280686 7.692690516970686 -6.0485000014305115 0.3753577768802643 0.3753577768802643 1.8600000143051147 0.0 Pedestrian 
7.263267674791727 14.84051573952263 -6.2804049253463745 0.5 0.5 1.100000023841858 0.0 Pedestrian 
10.104678268638096 -5.064073764763066 -6.048500180244446 0.3753577768802643 0.3753577768802643 1.8600000143051147 0.0 Pedestrian 
10.40137958576432 0.7208958318557848 -6.048500180244446 0.3753577768802643 0.3753577768802643 1.8600000143051147 0.0 Pedestrian 
10.286830109763688 10.407324681772252 -6.048500061035156 0.3753577768802643 0.3753577768802643 1.8600000143051147 0.0 Pedestrian 
22.35451346193034 13.871027994188012 -6.3285000920295715 0.3753577768802643 0.3753577768802643 1.2999999523162842 0.0 Pedestrian 
0.6339318868093926 12.394913100934218 -5.896100163459778 0.3753577768802643 0.3753577768802643 1.8600000143051147 0.0 Pedestrian 
12.811662564861024 -15.070246183942572 -6.176100075244904 0.3753577768802643 0.3753577768802643 1.2999999523162842 0.0 Pedestrian 
10.030497864536578 6.209460101967892 -6.048500180244446 0.3753577768802643 0.3753577768802643 1.8600000143051147 0.0 Pedestrian 
16.8136351940866 -12.810909242274079 -6.3285000920295715 0.3753577768802643 0.3753577768802643 1.2999999523162842 0.0 Pedestrian 
19.316769845671672 -42.92340615624289 -7.002649173606187 6.273552894592285 2.3895740509033203 2.098191261291504 0.0 Vehicle 
18.174223520116985 12.107973661544634 -7.00716272322461 5.357479572296143 2.033203125 1.4106584787368774 0.0 Vehicle 
29.76485731930444 -37.08158161141432 -7.0052068517543375 4.1928300857543945 1.8161858320236206 1.4738311767578125 0.0 Vehicle 
33.132200718072454 -23.954364751967887 -6.998320827493444 4.791779518127441 2.163450002670288 1.488319993019104 0.0 Vehicle 
29.600621901143406 -1.3226925641822618 -6.999912891391432 5.006059646606445 2.097083806991577 1.5347249507904053 0.0 Vehicle 
