13.402457312570974 -21.839623063756108 -5.896100163459778 0.3753577768802643 0.3753577768802643 1.8600000143051147 0.0 Pedestrian 
12.09718123167157 36.335882540519265 -6.276100039482117 0.5 0.5 1.100000023841858 0.0 Pedestrian 
38.738477307843254 22.90910702403744 -6.176100075244904 0.3753577768802643 0.3753577768802643 1.2999999523162842 0.0 Pedestrian 
7.953809671315938 -12.82017439553897 -5.896100044250488 0.3753577768802643 0.3753577768802643 1.8600000143051147 0.0 Pedestrian 
13.402649533843459 -39.33308983316374 -6.176100075244904 0.3753577768802643 0.3753577768802643 1.2999999523162842 0.0 Pedestrian 
12.811419298576595 37.437333424733424 -5.896100163459778 0.3753577768802643 0.3753577768802643 1.8600000143051147 0.0 Pedestrian 
38.63021105721107 -16.800164785164156 -6.176100015640259 0.3753577768802643 0.3753577768802643 1.2999999523162842 0.0 Pedestrian 
19.004073288599784 -10.895925651727794 -6.9920030403882265 6.273552894592285 2.3895740509033203 2.098191261291504 0.0 Vehicle 
14.603605198652446 3.811483867828315 -6.979118138551712 4.6045098304748535 1.9315931797027588 1.8548461198806763 0.0 Vehicle 
18.493466869411918 41.30156990163118 -7.006868228781968 5.357479572296143 2.033203125 1.4106584787368774 0.0 Vehicle 
33.15359411834562 -26.14186135551654 -6.998809452052228 4.791779518127441 2.163450002670288 1.488319993019104 0.0 Vehicle 
29.65383051956472 -26.176059064872447 -7.000411167129641 5.006059646606445 2.097083806991577 1.5347249507904053 0.0 Vehicle 
