13.568136050156454 -21.184800464236446 -5.896100163459778 0.3753577768802643 0.3753577768802643 1.8600000143051147 0.0 Pedestrian 
12.04231589462809 36.10173513223572 -6.276100039482117 0.5 0.5 1.100000023841858 0.0 Pedestrian 
38.66775882024275 22.586780533537535 -6.176100075244904 0.3753577768802643 0.3753577768802643 1.2999999523162842 0.0 Pedestrian 
8.41491869260905 -12.263955790461182 -5.896100044250488 0.3753577768802643 0.3753577768802643 1.8600000143051147 0.0 Pedestrian 
13.409113314882376 -39.00314207159113 -6.176100075244904 0.3753577768802643 0.3753577768802643 1.2999999523162842 0.0 Pedestrian 
12.72509915766895 36.92343731080621 -5.896100163459778 0.3753577768802643 0.3753577768802643 1.8600000143051147 0.0 Pedestrian 
38.47062675953518 -16.480929966526787 -6.176100015640259 0.3753577768802643 0.3753577768802643 1.2999999523162842 0.0 Pedestrian 
19.004073288599784 -10.895925651727794 -6.994783496949822 6.273552894592285 2.3895740509033203 2.098191261291504 0.0 Vehicle 
14.6036051944921 3.811483986964987 -6.981729678809643 4.6045098304748535 1.9315931797027588 1.8548461198806763 0.0 Vehicle 
18.493466869411918 41.30156990163118 -7.007065524812788 5.357479572296143 2.033203125 1.4106584787368774 0.0 Vehicle 
33.15359411834562 -26.14186135551654 -6.9985382271697745 4.791779518127441 2.163450002670288 1.488319993019104 0.0 Vehicle 
29.65383051956472 -26.176059064872447 -7.000134296409669 5.006059646606445 2.097083806991577 1.5347249507904053 0.0 Vehicle 
