9.943198230229193 9.897761113136198 -6.0485000014305115 0.3753577768802643 0.3753577768802643 1.8600000143051147 0.0 Pedestrian 
6.288833876935733 14.083944480652349 -6.27770721912384 0.5 0.5 1.100000023841858 0.0 Pedestrian 
10.041745409888524 -3.321374442331262 -6.048500180244446 0.3753577768802643 0.3753577768802643 1.8600000143051147 0.0 Pedestrian 
10.462572579853187 2.495181595394911 -6.048500180244446 0.3753577768802643 0.3753577768802643 1.8600000143051147 0.0 Pedestrian 
10.09513392949571 12.243367320497669 -5.896100163459778 0.3753577768802643 0.3753577768802643 1.8600000143051147 0.0 Pedestrian 
22.457518349079663 14.594446749288636 -6.3285000920295715 0.3753577768802643 0.3753577768802643 1.2999999523162842 0.0 Pedestrian 
-1.2162994366789164 12.432904122634227 -5.896100163459778 0.3753577768802643 0.3753577768802643 1.8600000143051147 0.0 Pedestrian 
12.547717167770386 -14.018123064986526 -6.176100075244904 0.3753577768802643 0.3753577768802643 1.2999999523162842 0.0 Pedestrian 
10.327703578027743 3.9683495771934787 -6.048500180244446 0.3753577768802643 0.3753577768802643 1.8600000143051147 0.0 Pedestrian 
15.962492752386666 -12.665100282686353 -6.3285000920295715 0.3753577768802643 0.3753577768802643 1.2999999523162842 0.0 Pedestrian 
19.335378087146864 -44.821717423639825 -7.002649173606187 6.273552894592285 2.3895740509033203 2.098191261291504 0.0 Vehicle 
17.80037515629483 11.192258601655908 -7.007219409570098 5.357479572296143 2.033203125 1.4106584787368774 0.0 Vehicle 
29.74630784342969 -35.14210552076554 -7.0030583762563765 4.1928300857543945 1.8161858320236206 1.4738311767578125 0.0 Vehicle 
33.132200718072454 -23.954364751967887 -6.998320827493444 4.791779518127441 2.163450002670288 1.488319993019104 0.0 Vehicle 
29.578615048362874 0.5059238112983167 -6.999912929539278 5.006059646606445 2.097083806991577 1.5347249507904053 0.0 Vehicle 
