9.986466941157428 0.322216049200847 -6.0485000014305115 0.3753577768802643 0.3753577768802643 1.8600000143051147 0.0 Pedestrian 
10.848762287690981 18.57970381112898 -6.2804049253463745 0.5 0.5 1.100000023841858 0.0 Pedestrian 
7.332596303036141 -12.15164690784195 -5.896100163459778 0.3753577768802643 0.3753577768802643 1.8600000143051147 0.0 Pedestrian 
10.34848487346757 -8.928833855905395 -6.048500180244446 0.3753577768802643 0.3753577768802643 1.8600000143051147 0.0 Pedestrian 
10.704000808175397 1.8325288386403145 -6.048500061035156 0.3753577768802643 0.3753577768802643 1.8600000143051147 0.0 Pedestrian 
23.015380219564463 13.682944464673142 -6.3285000920295715 0.3753577768802643 0.3753577768802643 1.2999999523162842 0.0 Pedestrian 
9.640550943722229 12.090515739701345 -5.896100163459778 0.3753577768802643 0.3753577768802643 1.8600000143051147 0.0 Pedestrian 
12.530212964469627 -20.543882833967587 -6.176100075244904 0.3753577768802643 0.3753577768802643 1.2999999523162842 0.0 Pedestrian 
8.646420311462485 13.151937638458776 -5.896100044250488 0.3753577768802643 0.3753577768802643 1.8600000143051147 0.0 Pedestrian 
22.45458809086101 -12.649697879456653 -6.3285000920295715 0.3753577768802643 0.3753577768802643 1.2999999523162842 0.0 Pedestrian 
19.223962888301543 -33.438120641152636 -7.002649707719684 6.273552894592285 2.3895740509033203 2.098191261291504 0.0 Vehicle 
18.710249049217694 19.143921120031564 -7.007519550155848 5.357479572296143 2.033203125 1.4106584787368774 0.0 Vehicle 
33.132200718072454 -23.954364751967887 -6.998320827493444 4.791779518127441 2.163450002670288 1.488319993019104 0.0 Vehicle 
29.685536969640616 -10.418026095863866 -6.999910907747108 5.006059646606445 2.097083806991577 1.5347249507904053 0.0 Vehicle 
