7.873355717686152 -12.858466950943807 -5.896100163459778 0.3753577768802643 0.3753577768802643 1.8600000143051147 0.0 Pedestrian 
12.017122333513967 28.57413730609312 -6.276385307312012 0.5 0.5 1.100000023841858 0.0 Pedestrian 
8.262423812675578 -11.721007727599158 -5.896100044250488 0.3753577768802643 0.3753577768802643 1.8600000143051147 0.0 Pedestrian 
33.11535937770186 16.849732865808278 -6.3285000920295715 0.3753577768802643 0.3753577768802643 1.2999999523162842 0.0 Pedestrian 
10.016559291789392 -0.7410750088064333 -6.048500239849091 0.3753577768802643 0.3753577768802643 1.8600000143051147 0.0 Pedestrian 
13.350130210261852 -29.44804533625404 -6.176100075244904 0.3753577768802643 0.3753577768802643 1.2999999523162842 0.0 Pedestrian 
12.479034835312802 23.23896807946221 -5.896100163459778 0.3753577768802643 0.3753577768802643 1.8600000143051147 0.0 Pedestrian 
29.386122800174306 -13.549204114155941 -6.3285000920295715 0.3753577768802643 0.3753577768802643 1.2999999523162842 0.0 Pedestrian 
19.063699245819663 -17.000083294656633 -7.002766055986285 6.273552894592285 2.3895740509033203 2.098191261291504 0.0 Vehicle 
9.209603913461587 3.756359084647144 -6.989139118231833 4.6045098304748535 1.9315931797027588 1.8548461198806763 0.0 Vehicle 
18.551771560504108 35.33668362489948 -7.007841014303267 5.357479572296143 2.033203125 1.4106584787368774 0.0 Vehicle 
33.13220171655503 -23.954393344769187 -6.998297100071795 4.791779518127441 2.163450002670288 1.488319993019104 0.0 Vehicle 
29.698122748431032 -22.1702266764687 -6.99991567611869 5.006059646606445 2.097083806991577 1.5347249507904053 0.0 Vehicle 
