10.037355505128382 8.942463109458117 -6.0485000014305115 0.3753577768802643 0.3753577768802643 1.8600000143051147 0.0 Pedestrian 
6.785094891356451 14.457703090192695 -6.2804049253463745 0.5 0.5 1.100000023841858 0.0 Pedestrian 
10.06342538122238 -4.233396752937892 -6.048500180244446 0.3753577768802643 0.3753577768802643 1.8600000143051147 0.0 Pedestrian 
10.453453926686906 1.6829283159584634 -6.048500180244446 0.3753577768802643 0.3753577768802643 1.8600000143051147 0.0 Pedestrian 
10.411360225865202 11.603896027074143 -6.048500061035156 0.3753577768802643 0.3753577768802643 1.8600000143051147 0.0 Pedestrian 
22.353523986554087 14.175249262167199 -6.3285000920295715 0.3753577768802643 0.3753577768802643 1.2999999523162842 0.0 Pedestrian 
-0.31695778157653365 12.414387940203255 -5.896100163459778 0.3753577768802643 0.3753577768802643 1.8600000143051147 0.0 Pedestrian 
12.665839826653581 -14.557028751736766 -6.176100075244904 0.3753577768802643 0.3753577768802643 1.2999999523162842 0.0 Pedestrian 
10.235477752231539 4.965838377248801 -6.048500180244446 0.3753577768802643 0.3753577768802643 1.8600000143051147 0.0 Pedestrian 
16.400940238749826 -12.701210378995256 -6.3285000920295715 0.3753577768802643 0.3753577768802643 1.2999999523162842 0.0 Pedestrian 
19.326064610959122 -43.87251249534779 -7.002649173606187 6.273552894592285 2.3895740509033203 2.098191261291504 0.0 Vehicle 
18.00510393816721 11.637379257254793 -7.007166118361056 5.357479572296143 2.033203125 1.4106584787368774 0.0 Vehicle 
29.75563108932093 -36.11213959991335 -7.005206813570112 4.1928300857543945 1.8161858320236206 1.4738311767578125 0.0 Vehicle 
33.132200718072454 -23.954364751967887 -6.998320827493444 4.791779518127441 2.163450002670288 1.488319993019104 0.0 Vehicle 
29.58981376133452 -0.4085113912375391 -6.999912891391432 5.006059646606445 2.097083806991577 1.5347249507904053 0.0 Vehicle 
