9.908773511875168 10.893174973414148 -6.0485000014305115 0.3753577768802643 0.3753577768802643 1.8600000143051147 0.0 Pedestrian 
6.610127560303553 14.255127129292077 -6.27770721912384 0.5 0.5 1.100000023841858 0.0 Pedestrian 
10.045943861308118 -2.50813570659534 -6.048500180244446 0.3753577768802643 0.3753577768802643 1.8600000143051147 0.0 Pedestrian 
10.446634416094023 2.870705041211579 -6.048500180244446 0.3753577768802643 0.3753577768802643 1.8600000143051147 0.0 Pedestrian 
8.703037379276793 12.318071741607923 -5.896100163459778 0.3753577768802643 0.3753577768802643 1.8600000143051147 0.0 Pedestrian 
22.46240310668321 15.0067756060281 -6.3285000920295715 0.3753577768802643 0.3753577768802643 1.2999999523162842 0.0 Pedestrian 
-2.139953829450988 12.476074721723194 -5.896100163459778 0.3753577768802643 0.3753577768802643 1.8600000143051147 0.0 Pedestrian 
12.380319486464245 -13.450220610934593 -6.176100075244904 0.3753577768802643 0.3753577768802643 1.2999999523162842 0.0 Pedestrian 
10.340618860897582 3.4546585664421627 -6.048500180244446 0.3753577768802643 0.3753577768802643 1.8600000143051147 0.0 Pedestrian 
15.53942729516372 -12.656300122076686 -6.3285000920295715 0.3753577768802643 0.3753577768802643 1.2999999523162842 0.0 Pedestrian 
17.57185882864016 10.763311147869672 -7.007274684961885 5.357479572296143 2.033203125 1.4106584787368774 0.0 Vehicle 
29.73673760419294 -34.17243123288904 -7.003237628843635 4.1928300857543945 1.8161858320236206 1.4738311767578125 0.0 Vehicle 
33.132200718072454 -23.954364751967887 -6.998320827493444 4.791779518127441 2.163450002670288 1.488319993019104 0.0 Vehicle 
29.567072833699967 1.4205767555357056 -6.9999129676871235 5.006059646606445 2.097083806991577 1.5347249507904053 0.0 Vehicle 
