10.041348063023829 -3.2020023496319254 -6.0485000014305115 0.3753577768802643 0.3753577768802643 1.8600000143051147 0.0 Pedestrian 
11.329946037187497 20.634796201257018 -6.2804049253463745 0.5 0.5 1.100000023841858 0.0 Pedestrian 
3.8479431783561324 -12.630356965795954 -5.896100163459778 0.3753577768802643 0.3753577768802643 1.8600000143051147 0.0 Pedestrian 
8.887092410092606 -12.225273044103346 -5.896100044250488 0.3753577768802643 0.3753577768802643 1.8600000143051147 0.0 Pedestrian 
10.601413542744723 -1.4347953735921237 -6.048500061035156 0.3753577768802643 0.3753577768802643 1.8600000143051147 0.0 Pedestrian 
24.322303491861547 15.40981561892147 -6.3285000920295715 0.3753577768802643 0.3753577768802643 1.2999999523162842 0.0 Pedestrian 
10.537358159735252 10.00131946106444 -6.048500239849091 0.3753577768802643 0.3753577768802643 1.8600000143051147 0.0 Pedestrian 
12.517317123019055 -23.06681060618871 -6.176100075244904 0.3753577768802643 0.3753577768802643 1.2999999523162842 0.0 Pedestrian 
7.170284373808258 14.231922314760482 -5.898651480674744 0.3753577768802643 0.3753577768802643 1.8600000143051147 0.0 Pedestrian 
24.145256116467124 -12.539134375001709 -6.3285000920295715 0.3753577768802643 0.3753577768802643 1.2999999523162842 0.0 Pedestrian 
19.186970597972362 -29.647918143343986 -7.002650928450748 6.273552894592285 2.3895740509033203 2.098191261291504 0.0 Vehicle 
-3.193412002551593 3.6295114799872366 -6.989012585021555 4.6045098304748535 1.9315931797027588 1.8548461198806763 0.0 Vehicle 
18.67371192757294 22.876929978794237 -7.007616634014994 5.357479572296143 2.033203125 1.4106584787368774 0.0 Vehicle 
33.132200718072454 -23.954364751967887 -6.998320827493444 4.791779518127441 2.163450002670288 1.488319993019104 0.0 Vehicle 
29.703137669592905 -13.951110740082072 -6.999904155731201 5.006059646606445 2.097083806991577 1.5347249507904053 0.0 Vehicle 
