10.003289474589153 -1.8506888117794915 -6.0485000014305115 0.3753577768802643 0.3753577768802643 1.8600000143051147 0.0 Pedestrian 
11.379479104169597 19.661445577306154 -6.2804049253463745 0.5 0.5 1.100000023841858 0.0 Pedestrian 
5.163501883720841 -12.4650583506982 -5.896100163459778 0.3753577768802643 0.3753577768802643 1.8600000143051147 0.0 Pedestrian 
10.37982333278049 -11.60705075465637 -5.896100044250488 0.3753577768802643 0.3753577768802643 1.8600000143051147 0.0 Pedestrian 
10.658287980250375 -0.2381446763644135 -6.048500061035156 0.3753577768802643 0.3753577768802643 1.8600000143051147 0.0 Pedestrian 
23.811860635529342 14.648615879475983 -6.3285000920295715 0.3753577768802643 0.3753577768802643 1.2999999523162842 0.0 Pedestrian 
10.453191664945425 10.444475727128179 -6.048500239849091 0.3753577768802643 0.3753577768802643 1.8600000143051147 0.0 Pedestrian 
12.571367724176184 -22.229577276546593 -6.176100075244904 0.3753577768802643 0.3753577768802643 1.2999999523162842 0.0 Pedestrian 
7.037957711555855 13.70938961651143 -5.896100044250488 0.3753577768802643 0.3753577768802643 1.8600000143051147 0.0 Pedestrian 
23.524408071166775 -12.560072454582269 -6.3285000920295715 0.3753577768802643 0.3753577768802643 1.2999999523162842 0.0 Pedestrian 
19.20083254046324 -31.06884364767302 -7.00265024183318 6.273552894592285 2.3895740509033203 2.098191261291504 0.0 Vehicle 
18.687359139815314 21.477456276661087 -7.007519054226577 5.357479572296143 2.033203125 1.4106584787368774 0.0 Vehicle 
33.132200718072454 -23.954364751967887 -6.998320827493444 4.791779518127441 2.163450002670288 1.488319993019104 0.0 Vehicle 
29.69789012096757 -12.644391273795009 -6.999907627105131 5.006059646606445 2.097083806991577 1.5347249507904053 0.0 Vehicle 
