10.016170512450323 -2.2986904779014594 -6.0485000014305115 0.3753577768802643 0.3753577768802643 1.8600000143051147 0.0 Pedestrian 
11.33189790420402 19.986467696698355 -6.2804049253463745 0.5 0.5 1.100000023841858 0.0 Pedestrian 
4.715778762837502 -12.454517953773575 -5.896100163459778 0.3753577768802643 0.3753577768802643 1.8600000143051147 0.0 Pedestrian 
10.15114386936817 -12.211024408584308 -5.896100044250488 0.3753577768802643 0.3753577768802643 1.8600000143051147 0.0 Pedestrian 
10.629646397422185 -0.6509200060447711 -6.048500061035156 0.3753577768802643 0.3753577768802643 1.8600000143051147 0.0 Pedestrian 
24.00576527946901 14.86679201786444 -6.3285000920295715 0.3753577768802643 0.3753577768802643 1.2999999523162842 0.0 Pedestrian 
10.372101422538375 10.820963471650998 -6.048500239849091 0.3753577768802643 0.3753577768802643 1.8600000143051147 0.0 Pedestrian 
12.506769360785114 -22.642777565082838 -6.176100075244904 0.3753577768802643 0.3753577768802643 1.2999999523162842 0.0 Pedestrian 
6.199542432588714 13.59304999824053 -5.896100044250488 0.3753577768802643 0.3753577768802643 1.8600000143051147 0.0 Pedestrian 
23.732732201218937 -12.548448118808778 -6.3285000920295715 0.3753577768802643 0.3753577768802643 1.2999999523162842 0.0 Pedestrian 
19.19621471290378 -30.59513682503905 -7.002650470705703 6.273552894592285 2.3895740509033203 2.098191261291504 0.0 Vehicle 
18.68279248978115 21.944013694717796 -7.007531108800322 5.357479572296143 2.033203125 1.4106584787368774 0.0 Vehicle 
33.132200718072454 -23.954364751967887 -6.998320827493444 4.791779518127441 2.163450002670288 1.488319993019104 0.0 Vehicle 
29.69973115624859 -13.083177699331031 -6.999906673430814 5.006059646606445 2.097083806991577 1.5347249507904053 0.0 Vehicle 
