10.191969032941158 6.798952833806936 -6.0485000014305115 0.3753577768802643 0.3753577768802643 1.8600000143051147 0.0 Pedestrian 
7.999153635596485 15.35309470715572 -6.2804049253463745 0.5 0.5 1.100000023841858 0.0 Pedestrian 
10.121823772830297 -7.082706675400573 -6.048500180244446 0.3753577768802643 0.3753577768802643 1.8600000143051147 0.0 Pedestrian 
10.463879762764599 -1.3006022371199606 -6.048500180244446 0.3753577768802643 0.3753577768802643 1.8600000143051147 0.0 Pedestrian 
10.568086173095338 9.409950052228965 -6.048500061035156 0.3753577768802643 0.3753577768802643 1.8600000143051147 0.0 Pedestrian 
22.552539921353016 13.532638194296965 -6.3285000920295715 0.3753577768802643 0.3753577768802643 1.2999999523162842 0.0 Pedestrian 
2.5239606680323234 12.358855762729604 -5.896100163459778 0.3753577768802643 0.3753577768802643 1.8600000143051147 0.0 Pedestrian 
12.631592426467634 -16.231116893037893 -6.176100075244904 0.3753577768802643 0.3753577768802643 1.2999999523162842 0.0 Pedestrian 
10.160529591482332 7.184214443377812 -6.048500180244446 0.3753577768802643 0.3753577768802643 1.8600000143051147 0.0 Pedestrian 
17.97823945971153 -12.8716872837241 -6.3285000920295715 0.3753577768802643 0.3753577768802643 1.2999999523162842 0.0 Pedestrian 
19.298175316690532 -41.02548756331714 -7.002649097470567 6.273552894592285 2.3895740509033203 2.098191261291504 0.0 Vehicle 
18.439370245302534 13.112239434529442 -7.006904773414135 5.357479572296143 2.033203125 1.4106584787368774 0.0 Vehicle 
29.783315310201743 -39.02018679862624 -7.005206889938563 4.1928300857543945 1.8161858320236206 1.4738311767578125 0.0 Vehicle 
33.132200718072454 -23.954364751967887 -6.998320827493444 4.791779518127441 2.163450002670288 1.488319993019104 0.0 Vehicle 
29.621270951204714 -3.150027554203348 -6.999913158419076 5.006059646606445 2.097083806991577 1.5347249507904053 0.0 Vehicle 
