10.12106814054318 -7.411719372940411 -6.0485000014305115 0.3753577768802643 0.3753577768802643 1.8600000143051147 0.0 Pedestrian 
11.649523802193542 23.558016039155063 -6.2804049253463745 0.5 0.5 1.100000023841858 0.0 Pedestrian 
-0.08725886746216815 -12.67001566152328 -5.896100163459778 0.3753577768802643 0.3753577768802643 1.8600000143051147 0.0 Pedestrian 
5.356040643995527 -12.581155083737599 -5.896100044250488 0.3753577768802643 0.3753577768802643 1.8600000143051147 0.0 Pedestrian 
10.585330703493092 -5.493795721533729 -6.048500061035156 0.3753577768802643 0.3753577768802643 1.8600000143051147 0.0 Pedestrian 
27.253306870980957 15.889787502026365 -6.3285000920295715 0.3753577768802643 0.3753577768802643 1.2999999523162842 0.0 Pedestrian 
11.72562230277435 6.016208609707917 -6.048500239849091 0.3753577768802643 0.3753577768802643 1.8600000143051147 0.0 Pedestrian 
12.668858807694491 -25.212422308676196 -6.176100075244904 0.3753577768802643 0.3753577768802643 1.2999999523162842 0.0 Pedestrian 
10.395700748293493 16.47306551443546 -5.901233792304993 0.3753577768802643 0.3753577768802643 1.8600000143051147 0.0 Pedestrian 
25.741283767983504 -12.530192743251405 -6.3285000920295715 0.3753577768802643 0.3753577768802643 1.2999999523162842 0.0 Pedestrian 
19.145599123412893 -25.390405453121502 -7.0026562691200525 6.273552894592285 2.3895740509033203 2.098191261291504 0.0 Vehicle 
1.081255279532259 3.673262110314674 -6.98905351664871 4.6045098304748535 1.9315931797027588 1.8548461198806763 0.0 Vehicle 
18.632666274211914 27.070459755485672 -7.007690219674259 5.357479572296143 2.033203125 1.4106584787368774 0.0 Vehicle 
33.132200718072454 -23.954364751967887 -6.998320827493444 4.791779518127441 2.163450002670288 1.488319993019104 0.0 Vehicle 
29.710414333943703 -17.544888720133258 -6.99988489151292 5.006059646606445 2.097083806991577 1.5347249507904053 0.0 Vehicle 
