10.001192208166703 -0.5550446426556164 -6.0485000014305115 0.3753577768802643 0.3753577768802643 1.8600000143051147 0.0 Pedestrian 
11.203068147404188 19.328819050091624 -6.2804049253463745 0.5 0.5 1.100000023841858 0.0 Pedestrian 
6.4536582475408295 -12.20455326233332 -5.896100163459778 0.3753577768802643 0.3753577768802643 1.8600000143051147 0.0 Pedestrian 
10.238376184187217 -9.919713252918655 -6.048500180244446 0.3753577768802643 0.3753577768802643 1.8600000143051147 0.0 Pedestrian 
10.68069739096231 1.0036814466453166 -6.048500061035156 0.3753577768802643 0.3753577768802643 1.8600000143051147 0.0 Pedestrian 
23.286153659747235 13.949387803668401 -6.3285000920295715 0.3753577768802643 0.3753577768802643 1.2999999523162842 0.0 Pedestrian 
10.552781341388748 11.933329667149223 -6.048500239849091 0.3753577768802643 0.3753577768802643 1.8600000143051147 0.0 Pedestrian 
12.543179563786367 -21.203763479366557 -6.176100075244904 0.3753577768802643 0.3753577768802643 1.2999999523162842 0.0 Pedestrian 
8.328177760962582 12.733359116194492 -5.896100044250488 0.3753577768802643 0.3753577768802643 1.8600000143051147 0.0 Pedestrian 
22.911261185363415 -12.592988520591462 -6.3285000920295715 0.3753577768802643 0.3753577768802643 1.2999999523162842 0.0 Pedestrian 
19.214712189378474 -32.49027619767844 -7.002649860223755 6.273552894592285 2.3895740509033203 2.098191261291504 0.0 Vehicle 
18.701100638779707 20.07746866053799 -7.007518176920712 5.357479572296143 2.033203125 1.4106584787368774 0.0 Vehicle 
33.132200718072454 -23.954364751967887 -6.998320827493444 4.791779518127441 2.163450002670288 1.488319993019104 0.0 Vehicle 
29.69098536671332 -11.313825574720681 -6.999909763340838 5.006059646606445 2.097083806991577 1.5347249507904053 0.0 Vehicle 
