9.950887855577347 3.8983729515950216 -6.0485000014305115 0.3753577768802643 0.3753577768802643 1.8600000143051147 0.0 Pedestrian 
9.708489542635157 16.979646110359454 -6.2804049253463745 0.5 0.5 1.100000023841858 0.0 Pedestrian 
10.413598920922553 -11.409937792478331 -5.928784489631653 0.3753577768802643 0.3753577768802643 1.8600000143051147 0.0 Pedestrian 
10.467621234334167 -5.1451083754171805 -6.048500180244446 0.3753577768802643 0.3753577768802643 1.8600000143051147 0.0 Pedestrian 
10.824837963338215 5.545688894709457 -6.048500061035156 0.3753577768802643 0.3753577768802643 1.8600000143051147 0.0 Pedestrian 
22.41405389214811 13.507406850112488 -6.3285000920295715 0.3753577768802643 0.3753577768802643 1.2999999523162842 0.0 Pedestrian 
5.789279864255704 12.138673310733452 -5.896100163459778 0.3753577768802643 0.3753577768802643 1.8600000143051147 0.0 Pedestrian 
12.572337598321965 -18.220927325959224 -6.176100075244904 0.3753577768802643 0.3753577768802643 1.2999999523162842 0.0 Pedestrian 
10.127226626667284 9.560603490176618 -6.048500180244446 0.3753577768802643 0.3753577768802643 1.8600000143051147 0.0 Pedestrian 
20.405302092274084 -12.885713119364482 -6.3285000920295715 0.3753577768802643 0.3753577768802643 1.2999999523162842 0.0 Pedestrian 
19.26104464266959 -37.23088505395776 -7.002649249974638 6.273552894592285 2.3895740509033203 2.098191261291504 0.0 Vehicle 
18.69207903558911 15.561361163699075 -7.005279292818159 5.357479572296143 2.033203125 1.4106584787368774 0.0 Vehicle 
33.132200718072454 -23.954364751967887 -6.998320827493444 4.791779518127441 2.163450002670288 1.488319993019104 0.0 Vehicle 
29.65771205923258 -6.797214968194339 -6.999912548068096 5.006059646606445 2.097083806991577 1.5347249507904053 0.0 Vehicle 
