7.825420389871979 -12.528113366406728 -5.896100163459778 0.3753577768802643 0.3753577768802643 1.8600000143051147 0.0 Pedestrian 
12.23776591137262 28.0025633739682 -6.276385307312012 0.5 0.5 1.100000023841858 0.0 Pedestrian 
-2.199217120636149 -13.143535087485247 -5.896100044250488 0.3753577768802643 0.3753577768802643 1.8600000143051147 0.0 Pedestrian 
9.460006778060105 -11.816752703350971 -5.896100044250488 0.3753577768802643 0.3753577768802643 1.8600000143051147 0.0 Pedestrian 
32.46400665518262 16.743071796477807 -6.3285000920295715 0.3753577768802643 0.3753577768802643 1.2999999523162842 0.0 Pedestrian 
10.212180229176248 -0.380107103642672 -6.048500239849091 0.3753577768802643 0.3753577768802643 1.8600000143051147 0.0 Pedestrian 
13.305058960136819 -28.789594988739168 -6.176100075244904 0.3753577768802643 0.3753577768802643 1.2999999523162842 0.0 Pedestrian 
12.381904088365815 22.342526519744297 -5.896100163459778 0.3753577768802643 0.3753577768802643 1.8600000143051147 0.0 Pedestrian 
28.926400724688477 -13.272009479574876 -6.3285000920295715 0.3753577768802643 0.3753577768802643 1.2999999523162842 0.0 Pedestrian 
19.072595812424083 -17.908930134306047 -7.002735767280683 6.273552894592285 2.3895740509033203 2.098191261291504 0.0 Vehicle 
8.380888046519953 3.7478934834700652 -6.988915462978184 4.6045098304748535 1.9315931797027588 1.8548461198806763 0.0 Vehicle 
18.560519745327127 34.44126752299837 -7.007752208504826 5.357479572296143 2.033203125 1.4106584787368774 0.0 Vehicle 
33.13220091776897 -23.954370470528147 -6.998314571450464 4.791779518127441 2.163450002670288 1.488319993019104 0.0 Vehicle 
29.70163998046617 -21.689880428771744 -6.999915027619863 5.006059646606445 2.097083806991577 1.5347249507904053 0.0 Vehicle 
