8.994118304169362 -12.958394643173733 -5.896100163459778 0.3753577768802643 0.3753577768802643 1.8600000143051147 0.0 Pedestrian 
11.853380606209882 29.16676432213808 -6.276385307312012 0.5 0.5 1.100000023841858 0.0 Pedestrian 
8.214588959052143 -11.709642071175494 -5.896100044250488 0.3753577768802643 0.3753577768802643 1.8600000143051147 0.0 Pedestrian 
33.76668160123304 16.956392870090667 -6.3285000920295715 0.3753577768802643 0.3753577768802643 1.2999999523162842 0.0 Pedestrian 
9.990768405753084 -1.0439808556523076 -6.048500239849091 0.3753577768802643 0.3753577768802643 1.8600000143051147 0.0 Pedestrian 
13.395247341999976 -30.106497898570296 -6.176100075244904 0.3753577768802643 0.3753577768802643 1.2999999523162842 0.0 Pedestrian 
12.561446552820968 24.13455210734105 -5.896100163459778 0.3753577768802643 0.3753577768802643 1.8600000143051147 0.0 Pedestrian 
29.875721095858722 -13.859529251021286 -6.3285000920295715 0.3753577768802643 0.3753577768802643 1.2999999523162842 0.0 Pedestrian 
19.054968700855497 -16.10517233224516 -7.002811222104356 6.273552894592285 2.3895740509033203 2.098191261291504 0.0 Vehicle 
10.040120834911864 3.764841298632277 -6.989449215121567 4.6045098304748535 1.9315931797027588 1.8548461198806763 0.0 Vehicle 
18.543144847018354 36.21812794062896 -7.00796567928046 5.357479572296143 2.033203125 1.4106584787368774 0.0 Vehicle 
33.13220417947872 -23.95446387367906 -6.998238849686459 4.791779518127441 2.163450002670288 1.488319993019104 0.0 Vehicle 
29.694086985652135 -22.654087424307477 -6.999916400913207 5.006059646606445 2.097083806991577 1.5347249507904053 0.0 Vehicle 
