10.103845190852432 -9.26814381276779 -6.0485000014305115 0.3753577768802643 0.3753577768802643 1.8600000143051147 0.0 Pedestrian 
11.941784969913371 24.817667097910203 -6.276385307312012 0.5 0.5 1.100000023841858 0.0 Pedestrian 
-1.7845814119309438 -12.577776483738717 -5.896100163459778 0.3753577768802643 0.3753577768802643 1.8600000143051147 0.0 Pedestrian 
3.336318432523086 -12.94147750276818 -5.896100044250488 0.3753577768802643 0.3753577768802643 1.8600000143051147 0.0 Pedestrian 
10.554025682780605 -7.294553019663454 -6.048500061035156 0.3753577768802643 0.3753577768802643 1.8600000143051147 0.0 Pedestrian 
28.555981850314126 16.10310762254585 -6.3285000920295715 0.3753577768802643 0.3753577768802643 1.2999999523162842 0.0 Pedestrian 
12.154826433360203 4.033330200524269 -6.048500239849091 0.3753577768802643 0.3753577768802643 1.8600000143051147 0.0 Pedestrian 
12.712923948207433 -26.18965207485087 -6.176100075244904 0.3753577768802643 0.3753577768802643 1.2999999523162842 0.0 Pedestrian 
11.380323521548632 17.62692284596517 -5.901233792304993 0.3753577768802643 0.3753577768802643 1.8600000143051147 0.0 Pedestrian 
26.386973435310736 -12.528067743390466 -6.3285000920295715 0.3753577768802643 0.3753577768802643 1.2999999523162842 0.0 Pedestrian 
19.127379957315057 -23.503235847297788 -7.002662448910996 6.273552894592285 2.3895740509033203 2.098191261291504 0.0 Vehicle 
2.964039093745386 3.692520612721353 -6.989085483364761 4.6045098304748535 1.9315931797027588 1.8548461198806763 0.0 Vehicle 
18.614103235823322 28.929001135014346 -7.006170749664307 5.357479572296143 2.033203125 1.4106584787368774 0.0 Vehicle 
33.132200718072454 -23.954364751967887 -6.998320827493444 4.791779518127441 2.163450002670288 1.488319993019104 0.0 Vehicle 
29.71014350708674 -18.79764115945602 -6.99989713668765 5.006059646606445 2.097083806991577 1.5347249507904053 0.0 Vehicle 
