10.109200471999962 -9.706567045719453 -6.0485000014305115 0.3753577768802643 0.3753577768802643 1.8600000143051147 0.0 Pedestrian 
12.013163214124162 25.108421223511527 -6.276385307312012 0.5 0.5 1.100000023841858 0.0 Pedestrian 
-2.207808333734434 -12.55779426852041 -5.896100163459778 0.3753577768802643 0.3753577768802643 1.8600000143051147 0.0 Pedestrian 
2.852043276771923 -12.961098849067866 -5.896100044250488 0.3753577768802643 0.3753577768802643 1.8600000143051147 0.0 Pedestrian 
10.54429457464623 -7.746486683095668 -6.048500061035156 0.3753577768802643 0.3753577768802643 1.8600000143051147 0.0 Pedestrian 
28.881665803038004 16.15643937656648 -6.3285000920295715 0.3753577768802643 0.3753577768802643 1.2999999523162842 0.0 Pedestrian 
12.131177666503415 3.5501579937675984 -6.048500239849091 0.3753577768802643 0.3753577768802643 1.8600000143051147 0.0 Pedestrian 
12.724800772057108 -26.398156330441452 -6.176100075244904 0.3753577768802643 0.3753577768802643 1.2999999523162842 0.0 Pedestrian 
12.073448948351633 17.748034840688092 -5.896100163459778 0.3753577768802643 0.3753577768802643 1.8600000143051147 0.0 Pedestrian 
26.578536855600603 -12.540157952575669 -6.3285000920295715 0.3753577768802643 0.3753577768802643 1.2999999523162842 0.0 Pedestrian 
19.12285998104811 -23.032331119191213 -7.002664661267772 6.273552894592285 2.3895740509033203 2.098191261291504 0.0 Vehicle 
3.4319305941162055 3.697304930077543 -6.989077473059297 4.6045098304748535 1.9315931797027588 1.8548461198806763 0.0 Vehicle 
18.60998105437632 29.39332393946586 -7.00755857443437 5.357479572296143 2.033203125 1.4106584787368774 0.0 Vehicle 
33.132200718072454 -23.954364751967887 -6.998320827493444 4.791779518127441 2.163450002670288 1.488319993019104 0.0 Vehicle 
29.710234906041734 -19.062153812994666 -6.999904994969256 5.006059646606445 2.097083806991577 1.5347249507904053 0.0 Vehicle 
