10.112949613991567 -8.334810065324518 -6.0485000014305115 0.3753577768802643 0.3753577768802643 1.8600000143051147 0.0 Pedestrian 
11.796190227586877 24.208130578749092 -6.276385307312012 0.5 0.5 1.100000023841858 0.0 Pedestrian 
-0.936926028828097 -12.62066859903257 -5.896100163459778 0.3753577768802643 0.3753577768802643 1.8600000143051147 0.0 Pedestrian 
4.353407953616639 -12.744891146920281 -5.896100044250488 0.3753577768802643 0.3753577768802643 1.8600000143051147 0.0 Pedestrian 
10.569807515629996 -6.392849641885505 -6.048500061035156 0.3753577768802643 0.3753577768802643 1.8600000143051147 0.0 Pedestrian 
27.90465959350019 15.996448571356837 -6.3285000920295715 0.3753577768802643 0.3753577768802643 1.2999999523162842 0.0 Pedestrian 
12.100642257466365 5.042808119785121 -6.048500239849091 0.3753577768802643 0.3753577768802643 1.8600000143051147 0.0 Pedestrian 
12.69288538929068 -25.752672946734265 -6.176100075244904 0.3753577768802643 0.3753577768802643 1.2999999523162842 0.0 Pedestrian 
11.360243270191766 17.39090123409028 -5.901233792304993 0.3753577768802643 0.3753577768802643 1.8600000143051147 0.0 Pedestrian 
26.061585987650446 -12.529991026163543 -6.3285000920295715 0.3753577768802643 0.3753577768802643 1.2999999523162842 0.0 Pedestrian 
19.13646051480707 -24.44620807743047 -7.002658863086253 6.273552894592285 2.3895740509033203 2.098191261291504 0.0 Vehicle 
2.024608417519434 3.682911942591339 -6.9890760611742735 4.6045098304748535 1.9315931797027588 1.8548461198806763 0.0 Vehicle 
18.624369252010013 28.00017610882003 -7.00649713492021 5.357479572296143 2.033203125 1.4106584787368774 0.0 Vehicle 
33.132200718072454 -23.954364751967887 -6.998320827493444 4.791779518127441 2.163450002670288 1.488319993019104 0.0 Vehicle 
29.710352928166174 -18.21076663020733 -6.999887409212533 5.006059646606445 2.097083806991577 1.5347249507904053 0.0 Vehicle 
