9.554761850002194 -12.990290997572288 -5.896100163459778 0.3753577768802643 0.3753577768802643 1.8600000143051147 0.0 Pedestrian 
11.790961935991362 29.46852457684895 -6.276385307312012 0.5 0.5 1.100000023841858 0.0 Pedestrian 
7.7901875037214126 -11.744781461131993 -5.896100044250488 0.3753577768802643 0.3753577768802643 1.8600000143051147 0.0 Pedestrian 
34.09235033774564 17.009723138493882 -6.3285000920295715 0.3753577768802643 0.3753577768802643 1.2999999523162842 0.0 Pedestrian 
9.990943910654536 -1.2343883278655312 -6.048500239849091 0.3753577768802643 0.3753577768802643 1.8600000143051147 0.0 Pedestrian 
13.418422780156561 -30.435681644450483 -6.176100075244904 0.3753577768802643 0.3753577768802643 1.2999999523162842 0.0 Pedestrian 
12.607235768180985 24.581385788007196 -5.896100163459778 0.3753577768802643 0.3753577768802643 1.8600000143051147 0.0 Pedestrian 
30.117631614053465 -14.03537503243092 -6.3285000920295715 0.3753577768802643 0.3753577768802643 1.2999999523162842 0.0 Pedestrian 
19.05067964951202 -15.664490358609555 -7.002845935756341 6.273552894592285 2.3895740509033203 2.098191261291504 0.0 Vehicle 
10.451571293488291 3.7690427057542166 -6.989546795375645 4.6045098304748535 1.9315931797027588 1.8548461198806763 0.0 Vehicle 
18.538939342015723 36.652045250796846 -7.008046588860452 5.357479572296143 2.033203125 1.4106584787368774 0.0 Vehicle 
33.13220717492645 -23.95454965208296 -6.998170757316984 4.791779518127441 2.163450002670288 1.488319993019104 0.0 Vehicle 
29.69189737820409 -22.89743991039643 -6.999916629793006 5.006059646606445 2.097083806991577 1.5347249507904053 0.0 Vehicle 
