9.991887441197282 -0.11676314580404323 -6.0485000014305115 0.3753577768802643 0.3753577768802643 1.8600000143051147 0.0 Pedestrian 
11.026073879941194 18.923266068378098 -6.2804049253463745 0.5 0.5 1.100000023841858 0.0 Pedestrian 
6.894467228319826 -12.20510357741091 -5.896100163459778 0.3753577768802643 0.3753577768802643 1.8600000143051147 0.0 Pedestrian 
10.34929927778034 -9.427414482872678 -6.048500180244446 0.3753577768802643 0.3753577768802643 1.8600000143051147 0.0 Pedestrian 
10.6948454633398 1.4178856436775504 -6.048500061035156 0.3753577768802643 0.3753577768802643 1.8600000143051147 0.0 Pedestrian 
23.15333054117854 13.772922431548523 -6.3285000920295715 0.3753577768802643 0.3753577768802643 1.2999999523162842 0.0 Pedestrian 
10.259319511455704 12.204668279042494 -5.896100163459778 0.3753577768802643 0.3753577768802643 1.8600000143051147 0.0 Pedestrian 
12.53686400856229 -20.873817298902622 -6.176100075244904 0.3753577768802643 0.3753577768802643 1.2999999523162842 0.0 Pedestrian 
8.263251020386349 12.880023455915989 -5.896100044250488 0.3753577768802643 0.3753577768802643 1.8600000143051147 0.0 Pedestrian 
22.675817950529336 -12.623328116268794 -6.3285000920295715 0.3753577768802643 0.3753577768802643 1.2999999523162842 0.0 Pedestrian 
19.219336806619452 -32.96417745136125 -7.002649784088135 6.273552894592285 2.3895740509033203 2.098191261291504 0.0 Vehicle 
18.705674111778144 19.610715858339063 -7.007519092410803 5.357479572296143 2.033203125 1.4106584787368774 0.0 Vehicle 
33.132200718072454 -23.954364751967887 -6.998320827493444 4.791779518127441 2.163450002670288 1.488319993019104 0.0 Vehicle 
29.688301130114766 -10.866632974600407 -6.99991018295259 5.006059646606445 2.097083806991577 1.5347249507904053 0.0 Vehicle 
