10.233216011600987 5.808422170687294 -6.0485000014305115 0.3753577768802643 0.3753577768802643 1.8600000143051147 0.0 Pedestrian 
8.573976783648199 15.98721334373954 -6.2804049253463745 0.5 0.5 1.100000023841858 0.0 Pedestrian 
10.02636202393996 -8.65085633820263 -6.048500180244446 0.3753577768802643 0.3753577768802643 1.8600000143051147 0.0 Pedestrian 
10.476848311323668 -2.751908562824383 -6.048500180244446 0.3753577768802643 0.3753577768802643 1.8600000143051147 0.0 Pedestrian 
10.920355235339079 7.879134073487364 -6.048500061035156 0.3753577768802643 0.3753577768802643 1.8600000143051147 0.0 Pedestrian 
22.485663883842143 13.497712138981456 -6.3285000920295715 0.3753577768802643 0.3753577768802643 1.2999999523162842 0.0 Pedestrian 
3.933344498396238 12.28579134833683 -5.896100163459778 0.3753577768802643 0.3753577768802643 1.8600000143051147 0.0 Pedestrian 
12.898943157010152 -17.1494661422538 -6.176100075244904 0.3753577768802643 0.3753577768802643 1.2999999523162842 0.0 Pedestrian 
10.057330736088785 7.703685409818661 -6.048500180244446 0.3753577768802643 0.3753577768802643 1.8600000143051147 0.0 Pedestrian 
18.878835899958858 -12.91214474369076 -6.3285000920295715 0.3753577768802643 0.3753577768802643 1.2999999523162842 0.0 Pedestrian 
19.284250342659675 -39.60231985084215 -7.002649173606187 6.273552894592285 2.3895740509033203 2.098191261291504 0.0 Vehicle 
18.57126010834918 13.938906778258342 -7.0065616415813565 5.357479572296143 2.033203125 1.4106584787368774 0.0 Vehicle 
33.132200718072454 -23.954364751967887 -6.998320827493444 4.791779518127441 2.163450002670288 1.488319993019104 0.0 Vehicle 
29.63581636673664 -4.519258156954038 -6.99991281509574 5.006059646606445 2.097083806991577 1.5347249507904053 0.0 Vehicle 
