12.795636827590329 -14.739434819879193 -5.896100163459778 0.3753577768802643 0.3753577768802643 1.8600000143051147 0.0 Pedestrian 
11.242444001856924 32.22991242610169 -6.278930842876434 0.5 0.5 1.100000023841858 0.0 Pedestrian 
2.643409806746547 -12.979167578728266 -5.896100044250488 0.3753577768802643 0.3753577768802643 1.8600000143051147 0.0 Pedestrian 
38.04831298299867 17.742928846679547 -6.176100075244904 0.3753577768802643 0.3753577768802643 1.2999999523162842 0.0 Pedestrian 
10.073967427649116 -6.045442528902299 -6.048500239849091 0.3753577768802643 0.3753577768802643 1.8600000143051147 0.0 Pedestrian 
13.518169483801728 -34.30028508432281 -6.176100075244904 0.3753577768802643 0.3753577768802643 1.2999999523162842 0.0 Pedestrian 
12.84386838986903 29.496401124685804 -5.896100163459778 0.3753577768802643 0.3753577768802643 1.8600000143051147 0.0 Pedestrian 
33.2256814148506 -15.727449316948537 -6.3285000920295715 0.3753577768802643 0.3753577768802643 1.2999999523162842 0.0 Pedestrian 
19.006566981147394 -11.153154556556387 -7.005118198227137 6.273552894592285 2.3895740509033203 2.098191261291504 0.0 Vehicle 
14.419696637287522 3.8094241982123407 -6.992401371244341 4.6045098304748535 1.9315931797027588 1.8548461198806763 0.0 Vehicle 
18.49579712107129 41.05951463372219 -7.0126108741387725 5.357479572296143 2.033203125 1.4106584787368774 0.0 Vehicle 
33.15145701772438 -25.921514383876456 -6.998845310183242 4.791779518127441 2.163450002670288 1.488319993019104 0.0 Vehicle 
29.656127504835453 -25.99349463861074 -6.999815235147253 5.006059646606445 2.097083806991577 1.5347249507904053 0.0 Vehicle 
