13.733825767076908 -24.192017458729993 -5.896100163459778 0.3753577768802643 0.3753577768802643 1.8600000143051147 0.0 Pedestrian 
12.337828153353627 37.348298549117544 -6.276100039482117 0.5 0.5 1.100000023841858 0.0 Pedestrian 
39.0450315130354 24.29549186769225 -6.176100075244904 0.3753577768802643 0.3753577768802643 1.2999999523162842 0.0 Pedestrian 
8.934881421125908 -12.87235681774871 -5.896100044250488 0.3753577768802643 0.3753577768802643 1.8600000143051147 0.0 Pedestrian 
13.39544953511114 -40.80277661429852 -6.176100075244904 0.3753577768802643 0.3753577768802643 1.2999999523162842 0.0 Pedestrian 
13.072475466430035 39.76371828861795 -5.896100163459778 0.3753577768802643 0.3753577768802643 1.8600000143051147 0.0 Pedestrian 
38.66709911827357 -17.80884361422568 -6.176100015640259 0.3753577768802643 0.3753577768802643 1.2999999523162842 0.0 Pedestrian 
19.004073288599784 -10.895925651727794 -7.046853352338076 6.273552894592285 2.3895740509033203 2.098191261291504 0.0 Vehicle 
14.603559406486752 3.8114835211912492 -7.029633501544595 4.6045098304748535 1.9315931797027588 1.8548461198806763 0.0 Vehicle 
18.493466869411918 41.30156990163118 -7.022359294816852 5.357479572296143 2.033203125 1.4106584787368774 0.0 Vehicle 
33.15359411834562 -26.14186135551654 -7.007748202886432 4.791779518127441 2.163450002670288 1.488319993019104 0.0 Vehicle 
29.65381493724317 -26.17605006646272 -7.009538478218019 5.006059646606445 2.097083806991577 1.5347249507904053 0.0 Vehicle 
