10.054384119415054 -5.052675661131275 -6.0485000014305115 0.3753577768802643 0.3753577768802643 1.8600000143051147 0.0 Pedestrian 
11.406532352383351 21.931111124077233 -6.2804049253463745 0.5 0.5 1.100000023841858 0.0 Pedestrian 
2.09468826953092 -12.784119959503528 -5.896100163459778 0.3753577768802643 0.3753577768802643 1.8600000143051147 0.0 Pedestrian 
7.844541715880538 -12.14439597168564 -5.896100044250488 0.3753577768802643 0.3753577768802643 1.8600000143051147 0.0 Pedestrian 
10.606199844744811 -3.247724914479022 -6.048500061035156 0.3753577768802643 0.3753577768802643 1.8600000143051147 0.0 Pedestrian 
25.624963188417937 15.62313616001029 -6.3285000920295715 0.3753577768802643 0.3753577768802643 1.2999999523162842 0.0 Pedestrian 
10.954720096565119 8.346626604617086 -6.048500239849091 0.3753577768802643 0.3753577768802643 1.8600000143051147 0.0 Pedestrian 
12.61981051987496 -23.91673105843472 -6.176100075244904 0.3753577768802643 0.3753577768802643 1.2999999523162842 0.0 Pedestrian 
8.301786819977465 15.012811720667287 -5.901233792304993 0.3753577768802643 0.3753577768802643 1.8600000143051147 0.0 Pedestrian 
24.915164791906676 -12.535635470000102 -6.3285000920295715 0.3753577768802643 0.3753577768802643 1.2999999523162842 0.0 Pedestrian 
19.16854614985013 -27.754432808282445 -7.002652378054336 6.273552894592285 2.3895740509033203 2.098191261291504 0.0 Vehicle 
-1.2891389623854048 3.649006088697597 -6.989024029113352 4.6045098304748535 1.9315931797027588 1.8548461198806763 0.0 Vehicle 
18.65564908380884 24.74213426175197 -7.006967487279326 5.357479572296143 2.033203125 1.4106584787368774 0.0 Vehicle 
33.132200718072454 -23.954364751967887 -6.998320827493444 4.791779518127441 2.163450002670288 1.488319993019104 0.0 Vehicle 
29.707893780220203 -15.631134995940101 -6.999896907807852 5.006059646606445 2.097083806991577 1.5347249507904053 0.0 Vehicle 
