10.034519492721913 -2.7489345511474994 -6.0485000014305115 0.3753577768802643 0.3753577768802643 1.8600000143051147 0.0 Pedestrian 
11.327583216493544 20.310708593883533 -6.2804049253463745 0.5 0.5 1.100000023841858 0.0 Pedestrian 
4.289091035820107 -12.578088848657785 -5.896100163459778 0.3753577768802643 0.3753577768802643 1.8600000143051147 0.0 Pedestrian 
9.53445164011299 -12.15684340707287 -5.896100044250488 0.3753577768802643 0.3753577768802643 1.8600000143051147 0.0 Pedestrian 
10.630400939180696 -1.0642771983568764 -6.048500061035156 0.3753577768802643 0.3753577768802643 1.8600000143051147 0.0 Pedestrian 
24.1906996018948 15.109680259790252 -6.3285000920295715 0.3753577768802643 0.3753577768802643 1.2999999523162842 0.0 Pedestrian 
10.455185220078295 10.41056048338578 -6.048500239849091 0.3753577768802643 0.3753577768802643 1.8600000143051147 0.0 Pedestrian 
12.509367189318255 -22.859703663641426 -6.176100075244904 0.3753577768802643 0.3753577768802643 1.2999999523162842 0.0 Pedestrian 
6.610974179743266 13.888976361690766 -5.896100044250488 0.3753577768802643 0.3753577768802643 1.8600000143051147 0.0 Pedestrian 
23.947500653956126 -12.547788343925845 -6.3285000920295715 0.3753577768802643 0.3753577768802643 1.2999999523162842 0.0 Pedestrian 
19.1915991485715 -30.12149481275469 -7.002650699578226 6.273552894592285 2.3895740509033203 2.098191261291504 0.0 Vehicle 
-3.670170906487822 3.6246310356984175 -6.989010372199118 4.6045098304748535 1.9315931797027588 1.8548461198806763 0.0 Vehicle 
18.678258601962213 22.410507367472974 -7.007560977712274 5.357479572296143 2.033203125 1.4106584787368774 0.0 Vehicle 
33.132200718072454 -23.954364751967887 -6.998320827493444 4.791779518127441 2.163450002670288 1.488319993019104 0.0 Vehicle 
29.701511568334524 -13.518916440863109 -6.999905452728854 5.006059646606445 2.097083806991577 1.5347249507904053 0.0 Vehicle 
