9.96509017612722 10.405883278958413 -6.0485000014305115 0.3753577768802643 0.3753577768802643 1.8600000143051147 0.0 Pedestrian 
6.565641121439853 14.190281669378237 -6.27770721912384 0.5 0.5 1.100000023841858 0.0 Pedestrian 
10.087734769865403 -2.8597227707359707 -6.048500180244446 0.3753577768802643 0.3753577768802643 1.8600000143051147 0.0 Pedestrian 
10.160469150102966 2.8583326132424816 -6.048500180244446 0.3753577768802643 0.3753577768802643 1.8600000143051147 0.0 Pedestrian 
9.372009910606799 12.183811692900349 -5.896100163459778 0.3753577768802643 0.3753577768802643 1.8600000143051147 0.0 Pedestrian 
22.485286929370872 14.80792727104756 -6.3285000920295715 0.3753577768802643 0.3753577768802643 1.2999999523162842 0.0 Pedestrian 
-1.6745916943779235 12.442673695562917 -5.896100163459778 0.3753577768802643 0.3753577768802643 1.8600000143051147 0.0 Pedestrian 
12.472454149240505 -13.746857037734571 -6.176100075244904 0.3753577768802643 0.3753577768802643 1.2999999523162842 0.0 Pedestrian 
10.058777251506683 3.5056033600108947 -6.048500180244446 0.3753577768802643 0.3753577768802643 1.8600000143051147 0.0 Pedestrian 
15.744330468227389 -12.650333748459047 -6.3285000920295715 0.3753577768802643 0.3753577768802643 1.2999999523162842 0.0 Pedestrian 
19.340028398672814 -45.29635446540942 -7.002649173606187 6.273552894592285 2.3895740509033203 2.098191261291504 0.0 Vehicle 
17.690201903482198 10.974485761477126 -7.007299785502255 5.357479572296143 2.033203125 1.4106584787368774 0.0 Vehicle 
29.740743032936876 -34.65745782768943 -7.003736972808838 4.1928300857543945 1.8161858320236206 1.4738311767578125 0.0 Vehicle 
33.132200718072454 -23.954364751967887 -6.998320827493444 4.791779518127441 2.163450002670288 1.488319993019104 0.0 Vehicle 
29.572875342814136 0.9632254958072508 -6.999913120271231 5.006059646606445 2.097083806991577 1.5347249507904053 0.0 Vehicle 
