9.650597242337184 -12.269681920351331 -5.896100163459778 0.3753577768802643 0.3753577768802643 1.8600000143051147 0.0 Pedestrian 
12.360991933780184 26.830889588338778 -6.276385307312012 0.5 0.5 1.100000023841858 0.0 Pedestrian 
0.01943475922527682 -13.100247131154333 -5.896100044250488 0.3753577768802643 0.3753577768802643 1.8600000143051147 0.0 Pedestrian 
10.499254054461105 -10.285875677272884 -6.048500061035156 0.3753577768802643 0.3753577768802643 1.8600000143051147 0.0 Pedestrian 
30.835662972619602 16.47642045446173 -6.3285000920295715 0.3753577768802643 0.3753577768802643 1.2999999523162842 0.0 Pedestrian 
11.308361076145568 0.9142659851879102 -6.048500239849091 0.3753577768802643 0.3753577768802643 1.8600000143051147 0.0 Pedestrian 
13.030082194408678 -27.421574788647604 -6.176100075244904 0.3753577768802643 0.3753577768802643 1.2999999523162842 0.0 Pedestrian 
12.09750391368513 20.081261712637456 -5.896100163459778 0.3753577768802643 0.3753577768802643 1.8600000143051147 0.0 Pedestrian 
27.805001722267136 -12.642745965530025 -6.3285000920295715 0.3753577768802643 0.3753577768802643 1.2999999523162842 0.0 Pedestrian 
19.09517551267021 -20.220028214097624 -7.002688922919333 6.273552894592285 2.3895740509033203 2.098191261291504 0.0 Vehicle 
6.199245786185321 3.7255987478186015 -6.989703464321792 4.6045098304748535 1.9315931797027588 1.8548461198806763 0.0 Vehicle 
18.582785132051953 32.16409179755135 -7.0076235006563365 5.357479572296143 2.033203125 1.4106584787368774 0.0 Vehicle 
33.132200718072454 -23.954364751967887 -6.998320827493444 4.791779518127441 2.163450002670288 1.488319993019104 0.0 Vehicle 
29.70787265954195 -20.49767343630947 -6.999914455416729 5.006059646606445 2.097083806991577 1.5347249507904053 0.0 Vehicle 
