9.941376997826351 4.463666310787104 -6.0485000014305115 0.3753577768802643 0.3753577768802643 1.8600000143051147 0.0 Pedestrian 
9.2243837056252 16.611083247127453 -6.2804049253463745 0.5 0.5 1.100000023841858 0.0 Pedestrian 
10.16754259691929 -10.224752650664072 -6.048500180244446 0.3753577768802643 0.3753577768802643 1.8600000143051147 0.0 Pedestrian 
10.460056626637758 -4.193080759484133 -6.048500180244446 0.3753577768802643 0.3753577768802643 1.8600000143051147 0.0 Pedestrian 
10.863787807667956 6.509296699355502 -6.048500061035156 0.3753577768802643 0.3753577768802643 1.8600000143051147 0.0 Pedestrian 
22.42099933078822 13.514446553057724 -6.3285000920295715 0.3753577768802643 0.3753577768802643 1.2999999523162842 0.0 Pedestrian 
5.681211244253909 12.206473415515347 -5.896100163459778 0.3753577768802643 0.3753577768802643 1.8600000143051147 0.0 Pedestrian 
12.551833605823404 -18.16936540036204 -6.176100075244904 0.3753577768802643 0.3753577768802643 1.2999999523162842 0.0 Pedestrian 
9.992400113458494 8.745452135864525 -6.048500180244446 0.3753577768802643 0.3753577768802643 1.8600000143051147 0.0 Pedestrian 
19.742954923846142 -12.883028267611394 -6.3285000920295715 0.3753577768802643 0.3753577768802643 1.2999999523162842 0.0 Pedestrian 
19.270317707602374 -38.17936997618108 -7.002649249974638 6.273552894592285 2.3895740509033203 2.098191261291504 0.0 Vehicle 
18.655597727471395 14.861537729695328 -7.005791988223791 5.357479572296143 2.033203125 1.4106584787368774 0.0 Vehicle 
33.132200718072454 -23.954364751967887 -6.998320827493444 4.791779518127441 2.163450002670288 1.488319993019104 0.0 Vehicle 
29.64934178756259 -5.886824849415461 -6.999912738800049 5.006059646606445 2.097083806991577 1.5347249507904053 0.0 Vehicle 
