9.964885684943244 2.1430171422196054 -6.0485000014305115 0.3753577768802643 0.3753577768802643 1.8600000143051147 0.0 Pedestrian 
10.584649529081297 17.88729864484651 -6.2804049253463745 0.5 0.5 1.100000023841858 0.0 Pedestrian 
8.343232112023259 -12.00722414632935 -5.896100163459778 0.3753577768802643 0.3753577768802643 1.8600000143051147 0.0 Pedestrian 
10.45301339058711 -7.041441981484354 -6.048500180244446 0.3753577768802643 0.3753577768802643 1.8600000143051147 0.0 Pedestrian 
10.719094205867439 3.571112316333938 -6.048500061035156 0.3753577768802643 0.3753577768802643 1.8600000143051147 0.0 Pedestrian 
22.658226331656728 13.530869548403757 -6.3285000920295715 0.3753577768802643 0.3753577768802643 1.2999999523162842 0.0 Pedestrian 
7.669730801895675 12.14385079088936 -5.896100163459778 0.3753577768802643 0.3753577768802643 1.8600000143051147 0.0 Pedestrian 
12.529876963479111 -19.284683640838807 -6.176100075244904 0.3753577768802643 0.3753577768802643 1.2999999523162842 0.0 Pedestrian 
10.046075901080151 11.517627980795623 -6.048500180244446 0.3753577768802643 0.3753577768802643 1.8600000143051147 0.0 Pedestrian 
21.55430539147332 -12.796610917114208 -6.3285000920295715 0.3753577768802643 0.3753577768802643 1.2999999523162842 0.0 Pedestrian 
19.24249484570788 -35.33424741853025 -7.00264940247871 6.273552894592285 2.3895740509033203 2.098191261291504 0.0 Vehicle 
18.725446089751586 17.276399070926573 -7.007518329657614 5.357479572296143 2.033203125 1.4106584787368774 0.0 Vehicle 
33.132200718072454 -23.954364751967887 -6.998320827493444 4.791779518127441 2.163450002670288 1.488319993019104 0.0 Vehicle 
29.672891096082296 -8.613066611826866 -6.999911823273578 5.006059646606445 2.097083806991577 1.5347249507904053 0.0 Vehicle 
