9.944633583112298 3.0989714762361587 -6.0485000014305115 0.3753577768802643 0.3753577768802643 1.8600000143051147 0.0 Pedestrian 
10.13502093960944 17.411125029150185 -6.2804049253463745 0.5 0.5 1.100000023841858 0.0 Pedestrian 
9.602437637795092 -12.210978394079348 -5.896100163459778 0.3753577768802643 0.3753577768802643 1.8600000143051147 0.0 Pedestrian 
10.47167662453709 -6.095019852197765 -6.048500180244446 0.3753577768802643 0.3753577768802643 1.8600000143051147 0.0 Pedestrian 
10.76608228521296 4.5668677270636415 -6.048500061035156 0.3753577768802643 0.3753577768802643 1.8600000143051147 0.0 Pedestrian 
22.517061156930104 13.50584523692578 -6.3285000920295715 0.3753577768802643 0.3753577768802643 1.2999999523162842 0.0 Pedestrian 
6.741315810204501 12.132718792598212 -5.896100163459778 0.3753577768802643 0.3753577768802643 1.8600000143051147 0.0 Pedestrian 
12.528328106749996 -18.750642757180117 -6.176100075244904 0.3753577768802643 0.3753577768802643 1.2999999523162842 0.0 Pedestrian 
10.083062834429395 10.484693994781196 -6.048500180244446 0.3753577768802643 0.3753577768802643 1.8600000143051147 0.0 Pedestrian 
21.05191693110669 -12.877727218379846 -6.3285000920295715 0.3753577768802643 0.3753577768802643 1.2999999523162842 0.0 Pedestrian 
19.251760189042074 -36.28251122309018 -7.002649326343089 6.273552894592285 2.3895740509033203 2.098191261291504 0.0 Vehicle 
18.713771944194647 16.351506632188602 -7.007228450383991 5.357479572296143 2.033203125 1.4106584787368774 0.0 Vehicle 
33.132200718072454 -23.954364751967887 -6.998320827493444 4.791779518127441 2.163450002670288 1.488319993019104 0.0 Vehicle 
29.66557272529127 -7.706128518466585 -6.999912014012807 5.006059646606445 2.097083806991577 1.5347249507904053 0.0 Vehicle 
