10.101959854855558 -6.470593591613351 -6.0485000014305115 0.3753577768802643 0.3753577768802643 1.8600000143051147 0.0 Pedestrian 
11.533416824312212 22.9085468779424 -6.2804049253463745 0.5 0.5 1.100000023841858 0.0 Pedestrian 
0.7648808000787426 -12.722396798129353 -5.896100163459778 0.3753577768802643 0.3753577768802643 1.8600000143051147 0.0 Pedestrian 
6.357132923794495 -12.418341185503891 -5.896100044250488 0.3753577768802643 0.3753577768802643 1.8600000143051147 0.0 Pedestrian 
10.596883213730244 -4.596025567056699 -6.048500061035156 0.3753577768802643 0.3753577768802643 1.8600000143051147 0.0 Pedestrian 
26.60196939795575 15.783126965219935 -6.3285000920295715 0.3753577768802643 0.3753577768802643 1.2999999523162842 0.0 Pedestrian 
11.419461968381343 6.990905481806806 -6.048500239849091 0.3753577768802643 0.3753577768802643 1.8600000143051147 0.0 Pedestrian 
12.652641377540846 -24.67587439803276 -6.176100075244904 0.3753577768802643 0.3753577768802643 1.2999999523162842 0.0 Pedestrian 
9.619531342933627 15.844363976711861 -5.901233792304993 0.3753577768802643 0.3753577768802643 1.8600000143051147 0.0 Pedestrian 
25.45620573807382 -12.534786878792715 -6.3285000920295715 0.3753577768802643 0.3753577768802643 1.2999999523162842 0.0 Pedestrian 
19.15475430083613 -26.33551451860467 -7.00265436177142 6.273552894592285 2.3895740509033203 2.098191261291504 0.0 Vehicle 
0.13483441591257717 3.663579045874151 -6.9890370750799775 4.6045098304748535 1.9315931797027588 1.8548461198806763 0.0 Vehicle 
18.641590776909368 26.13982632670627 -7.006663341540843 5.357479572296143 2.033203125 1.4106584787368774 0.0 Vehicle 
33.132200718072454 -23.954364751967887 -6.998320827493444 4.791779518127441 2.163450002670288 1.488319993019104 0.0 Vehicle 
29.709917399858668 -16.813616083872148 -6.999889392856858 5.006059646606445 2.097083806991577 1.5347249507904053 0.0 Vehicle 
