10.093222418612761 -10.142694996637942 -6.0485000014305115 0.3753577768802643 0.3753577768802643 1.8600000143051147 0.0 Pedestrian 
12.101894468600278 25.401119195957563 -6.276385307312012 0.5 0.5 1.100000023841858 0.0 Pedestrian 
-2.6307465555874927 -12.540832687577904 -5.896100163459778 0.3753577768802643 0.3753577768802643 1.8600000143051147 0.0 Pedestrian 
2.369891275360601 -12.989490094421626 -5.896100044250488 0.3753577768802643 0.3753577768802643 1.8600000143051147 0.0 Pedestrian 
10.54803011227255 -8.214165746938988 -6.048500061035156 0.3753577768802643 0.3753577768802643 1.8600000143051147 0.0 Pedestrian 
29.20731929005658 16.209769112445656 -6.3285000920295715 0.3753577768802643 0.3753577768802643 1.2999999523162842 0.0 Pedestrian 
12.080272128945287 3.0653293909639956 -6.048500239849091 0.3753577768802643 0.3753577768802643 1.8600000143051147 0.0 Pedestrian 
12.744444235964991 -26.607397062949076 -6.176100075244904 0.3753577768802643 0.3753577768802643 1.2999999523162842 0.0 Pedestrian 
12.079632757876247 18.38243572013255 -5.896100163459778 0.3753577768802643 0.3753577768802643 1.8600000143051147 0.0 Pedestrian 
26.767675022676443 -12.531766735999554 -6.3285000920295715 0.3753577768802643 0.3753577768802643 1.2999999523162842 0.0 Pedestrian 
19.118326014038374 -22.561900190447545 -7.002667331602424 6.273552894592285 2.3895740509033203 2.098191261291504 0.0 Vehicle 
3.8983874116267616 3.7020744248446604 -6.989062900654972 4.6045098304748535 1.9315931797027588 1.8548461198806763 0.0 Vehicle 
18.605522839549977 29.85677617930139 -7.007565555628389 5.357479572296143 2.033203125 1.4106584787368774 0.0 Vehicle 
33.132200718072454 -23.954364751967887 -6.998320827493444 4.791779518127441 2.163450002670288 1.488319993019104 0.0 Vehicle 
29.710290902218986 -19.3103499314509 -6.999911975864961 5.006059646606445 2.097083806991577 1.5347249507904053 0.0 Vehicle 
