10.046056109054788 -4.107643632714712 -6.0485000014305115 0.3753577768802643 0.3753577768802643 1.8600000143051147 0.0 Pedestrian 
11.353959106000161 21.279801206078105 -6.2804049253463745 0.5 0.5 1.100000023841858 0.0 Pedestrian 
2.9844095992635715 -12.821832953727835 -5.896100163459778 0.3753577768802643 0.3753577768802643 1.8600000143051147 0.0 Pedestrian 
8.82375845730077 -11.93665240717803 -5.896100044250488 0.3753577768802643 0.3753577768802643 1.8600000143051147 0.0 Pedestrian 
10.606798148005844 -2.344945267849994 -6.048500061035156 0.3753577768802643 0.3753577768802643 1.8600000143051147 0.0 Pedestrian 
24.97362571539273 15.51647562320386 -6.3285000920295715 0.3753577768802643 0.3753577768802643 1.2999999523162842 0.0 Pedestrian 
10.727810469991972 9.201695281653656 -6.048500239849091 0.3753577768802643 0.3753577768802643 1.8600000143051147 0.0 Pedestrian 
12.613305884033252 -23.457636797509053 -6.176100075244904 0.3753577768802643 0.3753577768802643 1.2999999523162842 0.0 Pedestrian 
8.27832618377655 14.971529155505891 -5.901233792304993 0.3753577768802643 0.3753577768802643 1.8600000143051147 0.0 Pedestrian 
24.548957056139884 -12.533375113950001 -6.3285000920295715 0.3753577768802643 0.3753577768802643 1.2999999523162842 0.0 Pedestrian 
19.177751850491745 -28.70098866951139 -7.002651538699865 6.273552894592285 2.3895740509033203 2.098191261291504 0.0 Vehicle 
-2.2406268360474653 3.6392658692784465 -6.9890176970511675 4.6045098304748535 1.9315931797027588 1.8548461198806763 0.0 Vehicle 
18.66467098382698 23.809586180333554 -7.0077312658540905 5.357479572296143 2.033203125 1.4106584787368774 0.0 Vehicle 
33.132200718072454 -23.954364751967887 -6.998320827493444 4.791779518127441 2.163450002670288 1.488319993019104 0.0 Vehicle 
29.705902134667028 -14.80240680675945 -6.999900913244346 5.006059646606445 2.097083806991577 1.5347249507904053 0.0 Vehicle 
