14.064584998775217 -24.634236640896802 -5.896100163459778 0.3753577768802643 0.3753577768802643 1.8600000143051147 0.0 Pedestrian 
12.413040211403228 37.68273114762121 -6.276100039482117 0.5 0.5 1.100000023841858 0.0 Pedestrian 
39.13842610623381 24.762452811262165 -6.176100075244904 0.3753577768802643 0.3753577768802643 1.2999999523162842 0.0 Pedestrian 
9.452333664491732 -12.653786427901423 -5.896100044250488 0.3753577768802643 0.3753577768802643 1.8600000143051147 0.0 Pedestrian 
13.292034498685382 -41.26479708619456 -6.176100075244904 0.3753577768802643 0.3753577768802643 1.2999999523162842 0.0 Pedestrian 
13.0750369458342 40.309909152781984 -5.896100163459778 0.3753577768802643 0.3753577768802643 1.8600000143051147 0.0 Pedestrian 
38.70145276557875 -18.16213084212245 -6.176100015640259 0.3753577768802643 0.3753577768802643 1.2999999523162842 0.0 Pedestrian 
19.004073288599784 -10.895925651727794 -7.06830682605505 6.273552894592285 2.3895740509033203 2.098191261291504 0.0 Vehicle 
14.603544142431522 3.8114834056455607 -7.049679774791002 4.6045098304748535 1.9315931797027588 1.8548461198806763 0.0 Vehicle 
18.493466869411918 41.30156990163118 -7.037500210106373 5.357479572296143 2.033203125 1.4106584787368774 0.0 Vehicle 
33.15359411834562 -26.14186135551654 -7.015235614031553 4.791779518127441 2.163450002670288 1.488319993019104 0.0 Vehicle 
29.6537842385586 -26.176045412950543 -7.017182216048241 5.006059646606445 2.097083806991577 1.5347249507904053 0.0 Vehicle 
