10.054735138548303 -3.657936725360969 -6.0485000014305115 0.3753577768802643 0.3753577768802643 1.8600000143051147 0.0 Pedestrian 
11.337963651703518 20.958723432509373 -6.2804049253463745 0.5 0.5 1.100000023841858 0.0 Pedestrian 
3.431243230552738 -12.814771676671171 -5.896100163459778 0.3753577768802643 0.3753577768802643 1.8600000143051147 0.0 Pedestrian 
8.373613852086748 -12.033844240124836 -5.896100044250488 0.3753577768802643 0.3753577768802643 1.8600000143051147 0.0 Pedestrian 
10.60569073401862 -1.8917521141336238 -6.048500061035156 0.3753577768802643 0.3753577768802643 1.8600000143051147 0.0 Pedestrian 
24.647956978880124 15.463145354800645 -6.3285000920295715 0.3753577768802643 0.3753577768802643 1.2999999523162842 0.0 Pedestrian 
10.63668851355271 9.595251216270185 -6.048500239849091 0.3753577768802643 0.3753577768802643 1.8600000143051147 0.0 Pedestrian 
12.555216203629982 -23.27240984180139 -6.176100075244904 0.3753577768802643 0.3753577768802643 1.2999999523162842 0.0 Pedestrian 
7.774994193135434 14.64810394202948 -5.901233792304993 0.3753577768802643 0.3753577768802643 1.8600000143051147 0.0 Pedestrian 
24.34435022607302 -12.54345543190118 -6.3285000920295715 0.3753577768802643 0.3753577768802643 1.2999999523162842 0.0 Pedestrian 
19.182359826356446 -29.174413376505868 -7.002651233691722 6.273552894592285 2.3895740509033203 2.098191261291504 0.0 Vehicle 
-2.716866807349586 3.634390649154348 -6.989014987833798 4.6045098304748535 1.9315931797027588 1.8548461198806763 0.0 Vehicle 
18.669167782672858 23.343280155018874 -7.007690677419305 5.357479572296143 2.033203125 1.4106584787368774 0.0 Vehicle 
33.132200718072454 -23.954364751967887 -6.998320827493444 4.791779518127441 2.163450002670288 1.488319993019104 0.0 Vehicle 
29.704588758151644 -14.379167772907635 -6.999902515410213 5.006059646606445 2.097083806991577 1.5347249507904053 0.0 Vehicle 
