13.19909804707521 -20.608743878305404 -5.896100163459778 0.3753577768802643 0.3753577768802643 1.8600000143051147 0.0 Pedestrian 
11.985201287501752 35.86728969891749 -6.276100039482117 0.5 0.5 1.100000023841858 0.0 Pedestrian 
38.59688710548143 22.26446968585151 -6.176100075244904 0.3753577768802643 0.3753577768802643 1.2999999523162842 0.0 Pedestrian 
8.451938972720939 -12.332898137169877 -5.896100044250488 0.3753577768802643 0.3753577768802643 1.8600000143051147 0.0 Pedestrian 
13.416112558915358 -38.67322523253267 -6.176100075244904 0.3753577768802643 0.3753577768802643 1.2999999523162842 0.0 Pedestrian 
12.706659176175009 36.39734968316361 -5.896100163459778 0.3753577768802643 0.3753577768802643 1.8600000143051147 0.0 Pedestrian 
38.226974388608596 -16.23334300088129 -6.176100015640259 0.3753577768802643 0.3753577768802643 1.2999999523162842 0.0 Pedestrian 
19.004073288599784 -10.895925651727794 -6.998765049036592 6.273552894592285 2.3895740509033203 2.098191261291504 0.0 Vehicle 
14.60360519241193 3.811484046533323 -6.985421733930707 4.6045098304748535 1.9315931797027588 1.8548461198806763 0.0 Vehicle 
18.493466869411918 41.30156990163118 -7.007274913601577 5.357479572296143 2.033203125 1.4106584787368774 0.0 Vehicle 
33.15359411834562 -26.14186135551654 -6.998416042421013 4.791779518127441 2.163450002670288 1.488319993019104 0.0 Vehicle 
29.65383051956472 -26.176059064872447 -7.000009593963114 5.006059646606445 2.097083806991577 1.5347249507904053 0.0 Vehicle 
