8.377030691539176 -12.46441484317063 -5.896100163459778 0.3753577768802643 0.3753577768802643 1.8600000143051147 0.0 Pedestrian 
12.143137555087378 28.26742570642898 -6.276385307312012 0.5 0.5 1.100000023841858 0.0 Pedestrian 
-1.779222877082617 -13.138277526574598 -5.896100044250488 0.3753577768802643 0.3753577768802643 1.8600000143051147 0.0 Pedestrian 
9.98612022655989 -11.877686695140483 -5.896100044250488 0.3753577768802643 0.3753577768802643 1.8600000143051147 0.0 Pedestrian 
32.13833791867002 16.68974152807459 -6.3285000920295715 0.3753577768802643 0.3753577768802643 1.2999999523162842 0.0 Pedestrian 
10.365516014393414 -0.1374024044663429 -6.048500239849091 0.3753577768802643 0.3753577768802643 1.8600000143051147 0.0 Pedestrian 
13.282446954473158 -28.46036866522843 -6.176100075244904 0.3753577768802643 0.3753577768802643 1.2999999523162842 0.0 Pedestrian 
12.33051042400163 21.89353708633928 -5.896100163459778 0.3753577768802643 0.3753577768802643 1.8600000143051147 0.0 Pedestrian 
28.691990348628707 -13.135614089988167 -6.3285000920295715 0.3753577768802643 0.3753577768802643 1.2999999523162842 0.0 Pedestrian 
19.07707773591838 -18.367377429661815 -7.002723636571318 6.273552894592285 2.3895740509033203 2.098191261291504 0.0 Vehicle 
7.967133008907917 3.743666229813769 -6.988896580412984 4.6045098304748535 1.9315931797027588 1.8548461198806763 0.0 Vehicle 
18.564964869445234 33.98955789588115 -7.007717647589743 5.357479572296143 2.033203125 1.4106584787368774 0.0 Vehicle 
33.132200851203464 -23.954368564341394 -6.998317928402685 4.791779518127441 2.163450002670288 1.488319993019104 0.0 Vehicle 
29.70323906389929 -21.45060415068758 -6.999914722444373 5.006059646606445 2.097083806991577 1.5347249507904053 0.0 Vehicle 
