10.271025827628398 6.242410015722214 -6.0485000014305115 0.3753577768802643 0.3753577768802643 1.8600000143051147 0.0 Pedestrian 
8.389231408293384 15.777827027067701 -6.2804049253463745 0.5 0.5 1.100000023841858 0.0 Pedestrian 
10.105108389154196 -8.118136730852484 -6.048500180244446 0.3753577768802643 0.3753577768802643 1.8600000143051147 0.0 Pedestrian 
10.489560621508016 -2.266421270720798 -6.048500180244446 0.3753577768802643 0.3753577768802643 1.8600000143051147 0.0 Pedestrian 
10.849636108652547 8.433453824304024 -6.048500061035156 0.3753577768802643 0.3753577768802643 1.8600000143051147 0.0 Pedestrian 
22.52794293789774 13.48935590594067 -6.3285000920295715 0.3753577768802643 0.3753577768802643 1.2999999523162842 0.0 Pedestrian 
3.4654278271498598 12.325449922367056 -5.896100163459778 0.3753577768802643 0.3753577768802643 1.8600000143051147 0.0 Pedestrian 
12.690447712405714 -16.843571714626137 -6.176100075244904 0.3753577768802643 0.3753577768802643 1.2999999523162842 0.0 Pedestrian 
10.049196336940751 7.599526807359609 -6.048500180244446 0.3753577768802643 0.3753577768802643 1.8600000143051147 0.0 Pedestrian 
18.572808250575974 -12.88914242322187 -6.3285000920295715 0.3753577768802643 0.3753577768802643 1.2999999523162842 0.0 Pedestrian 
19.28889093562188 -40.07667858934576 -7.002649173606187 6.273552894592285 2.3895740509033203 2.098191261291504 0.0 Vehicle 
18.533921902022136 13.65449720011884 -7.006687297485769 5.357479572296143 2.033203125 1.4106584787368774 0.0 Vehicle 
33.132200718072454 -23.954364751967887 -6.998320827493444 4.791779518127441 2.163450002670288 1.488319993019104 0.0 Vehicle 
29.63105978925207 -4.063001881110267 -6.9999129676871235 5.006059646606445 2.097083806991577 1.5347249507904053 0.0 Vehicle 
