10.049877341312168 4.945769362743505 -6.0485000014305115 0.3753577768802643 0.3753577768802643 1.8600000143051147 0.0 Pedestrian 
9.010550306863003 16.407009777720305 -6.2804049253463745 0.5 0.5 1.100000023841858 0.0 Pedestrian 
10.0579178867523 -9.698780963411764 -6.048500180244446 0.3753577768802643 0.3753577768802643 1.8600000143051147 0.0 Pedestrian 
10.461160003339849 -3.7157521872937878 -6.048500180244446 0.3753577768802643 0.3753577768802643 1.8600000143051147 0.0 Pedestrian 
10.786275331587511 7.00150385437712 -6.048500061035156 0.3753577768802643 0.3753577768802643 1.8600000143051147 0.0 Pedestrian 
22.43408454421793 13.508749504162097 -6.3285000920295715 0.3753577768802643 0.3753577768802643 1.2999999523162842 0.0 Pedestrian 
5.0152701458181355 12.227691324922489 -5.896100163459778 0.3753577768802643 0.3753577768802643 1.8600000143051147 0.0 Pedestrian 
12.689791779589555 -17.94625990976897 -6.176100075244904 0.3753577768802643 0.3753577768802643 1.2999999523162842 0.0 Pedestrian 
10.468805028683136 8.42949325622044 -6.048500180244446 0.3753577768802643 0.3753577768802643 1.8600000143051147 0.0 Pedestrian 
19.425359100366165 -12.870226305023266 -6.3285000920295715 0.3753577768802643 0.3753577768802643 1.2999999523162842 0.0 Pedestrian 
19.274956170468414 -38.65366771670858 -7.002649249974638 6.273552894592285 2.3895740509033203 2.098191261291504 0.0 Vehicle 
18.63433310671072 14.542694036569173 -7.0059727667830884 5.357479572296143 2.033203125 1.4106584787368774 0.0 Vehicle 
33.132200718072454 -23.954364751967887 -6.998320827493444 4.791779518127441 2.163450002670288 1.488319993019104 0.0 Vehicle 
29.644958381015854 -5.431198710454623 -6.999912586215942 5.006059646606445 2.097083806991577 1.5347249507904053 0.0 Vehicle 
