10.34056059751785 -11.546471563634668 -5.896100163459778 0.3753577768802643 0.3753577768802643 1.8600000143051147 0.0 Pedestrian 
12.35849612431663 26.236909986660294 -6.276385307312012 0.5 0.5 1.100000023841858 0.0 Pedestrian 
0.945423443940939 -13.0738501823339 -5.896100044250488 0.3753577768802643 0.3753577768802643 1.8600000143051147 0.0 Pedestrian 
10.518295613998085 -9.491072511372977 -6.048500061035156 0.3753577768802643 0.3753577768802643 1.8600000143051147 0.0 Pedestrian 
30.184325499594394 16.3697599176553 -6.3285000920295715 0.3753577768802643 0.3753577768802643 1.2999999523162842 0.0 Pedestrian 
11.739745732183435 1.6863970885659114 -6.048500239849091 0.3753577768802643 0.3753577768802643 1.8600000143051147 0.0 Pedestrian 
12.82781093780956 -27.101103368785857 -6.176100075244904 0.3753577768802643 0.3753577768802643 1.2999999523162842 0.0 Pedestrian 
11.970518604694576 19.170547808552215 -5.896100163459778 0.3753577768802643 0.3753577768802643 1.8600000143051147 0.0 Pedestrian 
27.38470329474336 -12.56496528078253 -6.3285000920295715 0.3753577768802643 0.3753577768802643 1.2999999523162842 0.0 Pedestrian 
19.104348818607107 -21.154288668449794 -7.002678089076653 6.273552894592285 2.3895740509033203 2.098191261291504 0.0 Vehicle 
5.2867077313775415 3.7162693805469615 -6.989184131845832 4.6045098304748535 1.9315931797027588 1.8548461198806763 0.0 Vehicle 
18.591890503297762 31.243581703092786 -7.007594661321491 5.357479572296143 2.033203125 1.4106584787368774 0.0 Vehicle 
33.132200718072454 -23.954364751967887 -6.998320827493444 4.791779518127441 2.163450002670288 1.488319993019104 0.0 Vehicle 
29.70936895915682 -20.022852286339457 -6.999914417268883 5.006059646606445 2.097083806991577 1.5347249507904053 0.0 Vehicle 
