10.095814497141419 -5.998177781065124 -6.0485000014305115 0.3753577768802643 0.3753577768802643 1.8600000143051147 0.0 Pedestrian 
11.484462554477204 22.58164230461125 -6.2804049253463745 0.5 0.5 1.100000023841858 0.0 Pedestrian 
1.1920372752898913 -12.748662022243934 -5.896100163459778 0.3753577768802643 0.3753577768802643 1.8600000143051147 0.0 Pedestrian 
6.853383061187344 -12.320594718704228 -5.896100044250488 0.3753577768802643 0.3753577768802643 1.8600000143051147 0.0 Pedestrian 
10.600763139783602 -4.147052121672232 -6.048500061035156 0.3753577768802643 0.3753577768802643 1.8600000143051147 0.0 Pedestrian 
26.27631591093717 15.729797229340761 -6.3285000920295715 0.3753577768802643 0.3753577768802643 1.2999999523162842 0.0 Pedestrian 
11.23875640577224 7.464199454713935 -6.048500239849091 0.3753577768802643 0.3753577768802643 1.8600000143051147 0.0 Pedestrian 
12.641910791400889 -24.438545947938678 -6.176100075244904 0.3753577768802643 0.3753577768802643 1.2999999523162842 0.0 Pedestrian 
9.13725744354904 15.602164636587759 -5.901233792304993 0.3753577768802643 0.3753577768802643 1.8600000143051147 0.0 Pedestrian 
25.280631837872377 -12.537234627448925 -6.3285000920295715 0.3753577768802643 0.3753577768802643 1.2999999523162842 0.0 Pedestrian 
19.15934137513223 -26.8083406829586 -7.0026535987854 6.273552894592285 2.3895740509033203 2.098191261291504 0.0 Vehicle 
-0.3393146533655338 3.6587274887455763 -6.989031734876335 4.6045098304748535 1.9315931797027588 1.8548461198806763 0.0 Vehicle 
18.646255731569283 25.674388820616628 -7.005402545910329 5.357479572296143 2.033203125 1.4106584787368774 0.0 Vehicle 
33.132200718072454 -23.954364751967887 -6.998320827493444 4.791779518127441 2.163450002670288 1.488319993019104 0.0 Vehicle 
29.709365365546304 -16.429230654996786 -6.999892292027653 5.006059646606445 2.097083806991577 1.5347249507904053 0.0 Vehicle 
