7.443087551869851 -12.778509456700135 -5.896100163459778 0.3753577768802643 0.3753577768802643 1.8600000143051147 0.0 Pedestrian 
12.120283281144623 28.28529285787306 -6.276385307312012 0.5 0.5 1.100000023841858 0.0 Pedestrian 
-2.6191651437557084 -13.148367344840494 -5.896100044250488 0.3753577768802643 0.3753577768802643 1.8600000143051147 0.0 Pedestrian 
8.802442909119634 -11.807635172601294 -5.896100044250488 0.3753577768802643 0.3753577768802643 1.8600000143051147 0.0 Pedestrian 
32.789675358412474 16.7964030179744 -6.3285000920295715 0.3753577768802643 0.3753577768802643 1.2999999523162842 0.0 Pedestrian 
10.096137861695517 -0.5719072800793583 -6.048500239849091 0.3753577768802643 0.3753577768802643 1.8600000143051147 0.0 Pedestrian 
13.327579202574299 -29.11881688264714 -6.176100075244904 0.3753577768802643 0.3753577768802643 1.2999999523162842 0.0 Pedestrian 
12.436388056796929 22.790465402598215 -5.896100163459778 0.3753577768802643 0.3753577768802643 1.8600000143051147 0.0 Pedestrian 
29.158901689522466 -13.415374632538146 -6.3285000920295715 0.3753577768802643 0.3753577768802643 1.2999999523162842 0.0 Pedestrian 
19.068187304688564 -17.453022412229757 -7.002749652834609 6.273552894592285 2.3895740509033203 2.098191261291504 0.0 Vehicle 
8.795039943327474 3.7521239200192724 -6.988992290571332 4.6045098304748535 1.9315931797027588 1.8548461198806763 0.0 Vehicle 
18.55616282050329 34.890451452667435 -7.007792987860739 5.357479572296143 2.033203125 1.4106584787368774 0.0 Vehicle 
33.13220118403099 -23.95437809527516 -6.998308391659521 4.791779518127441 2.163450002670288 1.488319993019104 0.0 Vehicle 
29.69989105871963 -21.929675328857 -6.999915637970844 5.006059646606445 2.097083806991577 1.5347249507904053 0.0 Vehicle 
