10.780959744877862 -13.117588286267278 -5.896100163459778 0.3753577768802643 0.3753577768802643 1.8600000143051147 0.0 Pedestrian 
11.636657867092936 30.69419082002662 -6.278930842876434 0.5 0.5 1.100000023841858 0.0 Pedestrian 
6.289044250959435 -12.217857505619577 -5.896100044250488 0.3753577768802643 0.3753577768802643 1.8600000143051147 0.0 Pedestrian 
35.39502608258212 17.223021337865703 -6.3285000920295715 0.3753577768802643 0.3753577768802643 1.2999999523162842 0.0 Pedestrian 
10.009224675717554 -2.42945230071507 -6.048500239849091 0.3753577768802643 0.3753577768802643 1.8600000143051147 0.0 Pedestrian 
13.500195074210694 -31.745492511908083 -6.176100075244904 0.3753577768802643 0.3753577768802643 1.2999999523162842 0.0 Pedestrian 
12.733204514873421 26.37291657686967 -5.896100163459778 0.3753577768802643 0.3753577768802643 1.8600000143051147 0.0 Pedestrian 
31.140569785470092 -14.59345980910166 -6.3285000920295715 0.3753577768802643 0.3753577768802643 1.2999999523162842 0.0 Pedestrian 
19.034052622316082 -13.966759329746765 -7.00298723205924 6.273552894592285 2.3895740509033203 2.098191261291504 0.0 Vehicle 
12.020586728111452 3.785064789381906 -6.989754505455494 4.6045098304748535 1.9315931797027588 1.8548461198806763 0.0 Vehicle 
18.522608261616455 38.3216265305324 -7.008418330922723 5.357479572296143 2.033203125 1.4106584787368774 0.0 Vehicle 
33.13309384174937 -24.042025839323742 -6.99805456167087 4.791779518127441 2.163450002670288 1.488319993019104 0.0 Vehicle 
29.6816465880557 -23.888450730266754 -6.999915065767709 5.006059646606445 2.097083806991577 1.5347249507904053 0.0 Vehicle 
