8.381550507116359 -12.864485181032705 -5.896100163459778 0.3753577768802643 0.3753577768802643 1.8600000143051147 0.0 Pedestrian 
11.928417173361439 28.86831700354105 -6.276385307312012 0.5 0.5 1.100000023841858 0.0 Pedestrian 
8.640463557203915 -11.669468115009636 -5.896100044250488 0.3753577768802643 0.3753577768802643 1.8600000143051147 0.0 Pedestrian 
33.441012864720435 16.903062601687452 -6.3285000920295715 0.3753577768802643 0.3753577768802643 1.2999999523162842 0.0 Pedestrian 
9.987365100194513 -0.8866236653744863 -6.048500239849091 0.3753577768802643 0.3753577768802643 1.8600000143051147 0.0 Pedestrian 
13.372818197133626 -29.77726137239756 -6.176100075244904 0.3753577768802643 0.3753577768802643 1.2999999523162842 0.0 Pedestrian 
12.528394302102555 23.68631004681538 -5.896100163459778 0.3753577768802643 0.3753577768802643 1.8600000143051147 0.0 Pedestrian 
29.631693720273233 -13.70132714666613 -6.3285000920295715 0.3753577768802643 0.3753577768802643 1.2999999523162842 0.0 Pedestrian 
19.05934698657454 -16.55059574876975 -7.002785510849208 6.273552894592285 2.3895740509033203 2.098191261291504 0.0 Vehicle 
9.624610541197393 3.7605976000999846 -6.989323863759637 4.6045098304748535 1.9315931797027588 1.8548461198806763 0.0 Vehicle 
18.547440451748116 35.7794444071443 -7.007897892035544 5.357479572296143 2.033203125 1.4106584787368774 0.0 Vehicle 
33.1322025819066 -23.95441812519698 -6.998276500729844 4.791779518127441 2.163450002670288 1.488319993019104 0.0 Vehicle 
29.6961740282821 -22.411732854233378 -6.999915790562227 5.006059646606445 2.097083806991577 1.5347249507904053 0.0 Vehicle 
