12.259119557727828 -12.90670263643517 -5.896100163459778 0.3753577768802643 0.3753577768802643 1.8600000143051147 0.0 Pedestrian 
11.39894251601973 31.454702847132808 -6.278930842876434 0.5 0.5 1.100000023841858 0.0 Pedestrian 
4.622396974389218 -12.648145282855353 -5.896100044250488 0.3753577768802643 0.3753577768802643 1.8600000143051147 0.0 Pedestrian 
36.69807374891452 17.434413516937866 -6.3285000920295715 0.3753577768802643 0.3753577768802643 1.2999999523162842 0.0 Pedestrian 
10.058341418712068 -4.103988281962984 -6.048500239849091 0.3753577768802643 0.3753577768802643 1.8600000143051147 0.0 Pedestrian 
13.54145451453661 -33.36816425676193 -6.176100075244904 0.3753577768802643 0.3753577768802643 1.2999999523162842 0.0 Pedestrian 
12.723432371164975 27.70689380524277 -5.896100163459778 0.3753577768802643 0.3753577768802643 1.8600000143051147 0.0 Pedestrian 
32.17815328543995 -15.188363640131797 -6.3285000920295715 0.3753577768802643 0.3753577768802643 1.2999999523162842 0.0 Pedestrian 
19.0190816942862 -12.436688530691185 -7.003047962207347 6.273552894592285 2.3895740509033203 2.098191261291504 0.0 Vehicle 
13.384366240244663 3.7989653247562103 -6.99105810187757 4.6045098304748535 1.9315931797027588 1.8548461198806763 0.0 Vehicle 
18.507943798371628 39.81843695457087 -7.00924623478204 5.357479572296143 2.033203125 1.4106584787368774 0.0 Vehicle 
33.14174922163298 -24.930849367088967 -6.998364467639476 4.791779518127441 2.163450002670288 1.488319993019104 0.0 Vehicle 
29.66943829553533 -24.926152929483806 -6.999894618988037 5.006059646606445 2.097083806991577 1.5347249507904053 0.0 Vehicle 
