10.119126765109954 -12.995838271045159 -5.896100163459778 0.3753577768802643 0.3753577768802643 1.8600000143051147 0.0 Pedestrian 
11.701826968472574 30.503859617529088 -6.276385307312012 0.5 0.5 1.100000023841858 0.0 Pedestrian 
6.682345166136429 -12.100973826950735 -5.896100044250488 0.3753577768802643 0.3753577768802643 1.8600000143051147 0.0 Pedestrian 
35.069356281021435 17.16972156845054 -6.3285000920295715 0.3753577768802643 0.3753577768802643 1.2999999523162842 0.0 Pedestrian 
10.006933832214223 -2.062168689538453 -6.048500239849091 0.3753577768802643 0.3753577768802643 1.8600000143051147 0.0 Pedestrian 
13.47613290217339 -31.416274842072653 -6.176100075244904 0.3753577768802643 0.3753577768802643 1.2999999523162842 0.0 Pedestrian 
12.684913354043672 25.923838908609355 -5.896100163459778 0.3753577768802643 0.3753577768802643 1.8600000143051147 0.0 Pedestrian 
30.88751294403471 -14.447764590632119 -6.3285000920295715 0.3753577768802643 0.3753577768802643 1.2999999523162842 0.0 Pedestrian 
19.0381015327296 -14.37914074159221 -7.002969837049022 6.273552894592285 2.3895740509033203 2.098191261291504 0.0 Vehicle 
11.64250036569101 3.7812055559125923 -6.989761943928897 4.6045098304748535 1.9315931797027588 1.8548461198806763 0.0 Vehicle 
18.52655532017522 37.91653398351184 -7.008323345333338 5.357479572296143 2.033203125 1.4106584787368774 0.0 Vehicle 
33.13225099364746 -23.959302223477835 -6.997917804867029 4.791779518127441 2.163450002670288 1.488319993019104 0.0 Vehicle 
29.684446470855036 -23.63808987312757 -6.999917163848295 5.006059646606445 2.097083806991577 1.5347249507904053 0.0 Vehicle 
