9.968126506655208 1.202003565864345 -6.0485000014305115 0.3753577768802643 0.3753577768802643 1.8600000143051147 0.0 Pedestrian 
10.853248885218811 18.559218028643045 -6.2804049253463745 0.5 0.5 1.100000023841858 0.0 Pedestrian 
8.296184510133159 -11.993043617758076 -5.896100163459778 0.3753577768802643 0.3753577768802643 1.8600000143051147 0.0 Pedestrian 
10.420482780419256 -7.982941557763411 -6.048500180244446 0.3753577768802643 0.3753577768802643 1.8600000143051147 0.0 Pedestrian 
10.72696559679882 2.6627660877121855 -6.048500061035156 0.3753577768802643 0.3753577768802643 1.8600000143051147 0.0 Pedestrian 
22.807214247382987 13.588965756467132 -6.3285000920295715 0.3753577768802643 0.3753577768802643 1.2999999523162842 0.0 Pedestrian 
8.547343988101701 12.104841827088876 -5.896100163459778 0.3753577768802643 0.3753577768802643 1.8600000143051147 0.0 Pedestrian 
12.521160638461154 -19.887661528058857 -6.176100075244904 0.3753577768802643 0.3753577768802643 1.2999999523162842 0.0 Pedestrian 
9.778838477559766 12.885256191248459 -5.896100044250488 0.3753577768802643 0.3753577768802643 1.8600000143051147 0.0 Pedestrian 
22.005782001772758 -12.730567186265944 -6.3285000920295715 0.3753577768802643 0.3753577768802643 1.2999999523162842 0.0 Pedestrian 
19.23321891246502 -34.3861175795671 -7.002649555215612 6.273552894592285 2.3895740509033203 2.098191261291504 0.0 Vehicle 
18.719402585199575 18.210226803145133 -7.007519550155848 5.357479572296143 2.033203125 1.4106584787368774 0.0 Vehicle 
33.132200718072454 -23.954364751967887 -6.998320827493444 4.791779518127441 2.163450002670288 1.488319993019104 0.0 Vehicle 
29.6795211455061 -9.517345375049558 -6.999911289218289 5.006059646606445 2.097083806991577 1.5347249507904053 0.0 Vehicle 
