13.739050477236944 -22.395563283856518 -5.896100163459778 0.3753577768802643 0.3753577768802643 1.8600000143051147 0.0 Pedestrian 
12.15075016202627 36.5699904028196 -6.276100039482117 0.5 0.5 1.100000023841858 0.0 Pedestrian 
38.80916476393166 23.23144769898329 -6.176100075244904 0.3753577768802643 0.3753577768802643 1.2999999523162842 0.0 Pedestrian 
7.062595988597451 -12.673268421713033 -5.896100044250488 0.3753577768802643 0.3753577768802643 1.8600000143051147 0.0 Pedestrian 
13.394810369459918 -39.66300164968288 -6.176100075244904 0.3753577768802643 0.3753577768802643 1.2999999523162842 0.0 Pedestrian 
12.83425625262359 37.972609490394916 -5.896100163459778 0.3753577768802643 0.3753577768802643 1.8600000143051147 0.0 Pedestrian 
38.71698615466704 -17.252438523706587 -6.176100015640259 0.3753577768802643 0.3753577768802643 1.2999999523162842 0.0 Pedestrian 
19.004073288599784 -10.895925651727794 -6.993546085432172 6.273552894592285 2.3895740509033203 2.098191261291504 0.0 Vehicle 
14.6036051944921 3.811483986964987 -6.980470219627023 4.6045098304748535 1.9315931797027588 1.8548461198806763 0.0 Vehicle 
18.493466869411918 41.30156990163118 -7.007045459467918 5.357479572296143 2.033203125 1.4106584787368774 0.0 Vehicle 
33.15359411834562 -26.14186135551654 -6.999397830979433 4.791779518127441 2.163450002670288 1.488319993019104 0.0 Vehicle 
29.65383051956472 -26.176059064872447 -7.001012058230117 5.006059646606445 2.097083806991577 1.5347249507904053 0.0 Vehicle 
