14.044038098146459 -25.055393462105712 -5.896100163459778 0.3753577768802643 0.3753577768802643 1.8600000143051147 0.0 Pedestrian 
12.435551839092653 37.97329798842338 -6.276100039482117 0.5 0.5 1.100000023841858 0.0 Pedestrian 
39.23382822516592 25.165367422993313 -6.176100075244904 0.3753577768802643 0.3753577768802643 1.2999999523162842 0.0 Pedestrian 
9.926798587587925 -12.747172808371943 -5.896100044250488 0.3753577768802643 0.3753577768802643 1.8600000143051147 0.0 Pedestrian 
13.354589038678512 -41.642589593811635 -6.176100075244904 0.3753577768802643 0.3753577768802643 1.2999999523162842 0.0 Pedestrian 
13.059814827771362 40.58666518742257 -5.896100163459778 0.3753577768802643 0.3753577768802643 1.8600000143051147 0.0 Pedestrian 
38.79114173800761 -18.471803831798297 -6.176100015640259 0.3753577768802643 0.3753577768802643 1.2999999523162842 0.0 Pedestrian 
19.004073288599784 -10.895925651727794 -7.067466139793396 6.273552894592285 2.3895740509033203 2.098191261291504 0.0 Vehicle 
14.603544148672038 3.8114832269405525 -7.049329929053783 4.6045098304748535 1.9315931797027588 1.8548461198806763 0.0 Vehicle 
18.493466869411918 41.30156990163118 -7.051478900015354 5.357479572296143 2.033203125 1.4106584787368774 0.0 Vehicle 
33.15359411834562 -26.14186135551654 -7.023408642038703 4.791779518127441 2.163450002670288 1.488319993019104 0.0 Vehicle 
29.653768989064574 -26.176045945474584 -7.025521602481604 5.006059646606445 2.097083806991577 1.5347249507904053 0.0 Vehicle 
