12.670426499808215 -13.330365721224439 -5.896100163459778 0.3753577768802643 0.3753577768802643 1.8600000143051147 0.0 Pedestrian 
11.347638067027034 31.64543614795309 -6.278930842876434 0.5 0.5 1.100000023841858 0.0 Pedestrian 
4.138606906478216 -12.73324979636618 -5.896100044250488 0.3753577768802643 0.3753577768802643 1.8600000143051147 0.0 Pedestrian 
37.02363480041993 17.49213914337963 -6.3285000920295715 0.3753577768802643 0.3753577768802643 1.2999999523162842 0.0 Pedestrian 
10.054981166118047 -4.587518170152634 -6.048500239849091 0.3753577768802643 0.3753577768802643 1.8600000143051147 0.0 Pedestrian 
13.545552061744957 -33.064896138976565 -6.176100075244904 0.3753577768802643 0.3753577768802643 1.2999999523162842 0.0 Pedestrian 
12.770034063907374 28.153196664440316 -5.896100163459778 0.3753577768802643 0.3753577768802643 1.8600000143051147 0.0 Pedestrian 
32.43867058894489 -15.319469230907998 -6.3285000920295715 0.3753577768802643 0.3753577768802643 1.2999999523162842 0.0 Pedestrian 
19.015778796506154 -12.098136636711047 -7.003783588297665 6.273552894592285 2.3895740509033203 2.098191261291504 0.0 Vehicle 
13.67620485805535 3.8019015267037872 -6.992388973478228 4.6045098304748535 1.9315931797027588 1.8548461198806763 0.0 Vehicle 
18.504717760415133 40.148229557305854 -7.0106811709702015 5.357479572296143 2.033203125 1.4106584787368774 0.0 Vehicle 
33.144016379903064 -25.16060457460901 -6.998393535614014 4.791779518127441 2.163450002670288 1.488319993019104 0.0 Vehicle 
29.666031098788025 -25.200658576968976 -6.999865703590331 5.006059646606445 2.097083806991577 1.5347249507904053 0.0 Vehicle 
