9.09470822632288 -12.950194662169565 -5.896100163459778 0.3753577768802643 0.3753577768802643 1.8600000143051147 0.0 Pedestrian 
11.740560762384192 29.772864926528996 -6.276385307312012 0.5 0.5 1.100000023841858 0.0 Pedestrian 
7.436638894086045 -11.884234500763114 -5.896100044250488 0.3753577768802643 0.3753577768802643 1.8600000143051147 0.0 Pedestrian 
34.41801897440999 17.063056266177227 -6.3285000920295715 0.3753577768802643 0.3753577768802643 1.2999999523162842 0.0 Pedestrian 
10.003853853139642 -1.4672305807411021 -6.048500239849091 0.3753577768802643 0.3753577768802643 1.8600000143051147 0.0 Pedestrian 
13.43964947822198 -30.76502505037206 -6.176100075244904 0.3753577768802643 0.3753577768802643 1.2999999523162842 0.0 Pedestrian 
12.629667181982299 25.029463079969787 -5.896100163459778 0.3753577768802643 0.3753577768802643 1.8600000143051147 0.0 Pedestrian 
30.375613931624713 -14.169527339333854 -6.3285000920295715 0.3753577768802643 0.3753577768802643 1.2999999523162842 0.0 Pedestrian 
19.046429545620967 -15.229295903316938 -7.002888431539759 6.273552894592285 2.3895740509033203 2.098191261291504 0.0 Vehicle 
10.856596144378791 3.773179444258872 -6.989644832909107 4.6045098304748535 1.9315931797027588 1.8548461198806763 0.0 Vehicle 
18.534728700121065 37.08042579038079 -7.008137721568346 5.357479572296143 2.033203125 1.4106584787368774 0.0 Vehicle 
33.13221156824979 -23.95467546040868 -6.998052997631021 4.791779518127441 2.163450002670288 1.488319993019104 0.0 Vehicle 
29.689510368711836 -23.14257229688792 -6.999916324617516 5.006059646606445 2.097083806991577 1.5347249507904053 0.0 Vehicle 
