10.003057064589225 -0.9927643327937403 -6.0485000014305115 0.3753577768802643 0.3753577768802643 1.8600000143051147 0.0 Pedestrian 
11.379990465734615 19.652048748340462 -6.2804049253463745 0.5 0.5 1.100000023841858 0.0 Pedestrian 
6.023143460259718 -12.2823657390569 -5.896100163459778 0.3753577768802643 0.3753577768802643 1.8600000143051147 0.0 Pedestrian 
10.309537874269473 -10.432490968008551 -6.048500180244446 0.3753577768802643 0.3753577768802643 1.8600000143051147 0.0 Pedestrian 
10.67433371633021 0.5895439217979401 -6.048500061035156 0.3753577768802643 0.3753577768802643 1.8600000143051147 0.0 Pedestrian 
23.451602033715766 14.189763410490627 -6.3285000920295715 0.3753577768802643 0.3753577768802643 1.2999999523162842 0.0 Pedestrian 
10.578116332529639 11.587338166678592 -6.048500239849091 0.3753577768802643 0.3753577768802643 1.8600000143051147 0.0 Pedestrian 
12.550761426104202 -21.53368261601588 -6.176100075244904 0.3753577768802643 0.3753577768802643 1.2999999523162842 0.0 Pedestrian 
7.949123415726284 13.190942435615739 -5.896100044250488 0.3753577768802643 0.3753577768802643 1.8600000143051147 0.0 Pedestrian 
23.117516744789924 -12.57415735890163 -6.3285000920295715 0.3753577768802643 0.3753577768802643 1.2999999523162842 0.0 Pedestrian 
19.210073787084582 -32.01641741262824 -7.0026500129606575 6.273552894592285 2.3895740509033203 2.098191261291504 0.0 Vehicle 
18.69652863022238 20.54417952662834 -7.007516955956817 5.357479572296143 2.033203125 1.4106584787368774 0.0 Vehicle 
33.132200718072454 -23.954364751967887 -6.998320827493444 4.791779518127441 2.163450002670288 1.488319993019104 0.0 Vehicle 
29.693444146584653 -11.759371368690267 -6.999909305573965 5.006059646606445 2.097083806991577 1.5347249507904053 0.0 Vehicle 
