10.113659914055042 -8.793682979402433 -6.0485000014305115 0.3753577768802643 0.3753577768802643 1.8600000143051147 0.0 Pedestrian 
11.854668589482543 24.517200621891106 -6.276385307312012 0.5 0.5 1.100000023841858 0.0 Pedestrian 
-1.3609396797887854 -12.596957906817465 -5.896100163459778 0.3753577768802643 0.3753577768802643 1.8600000143051147 0.0 Pedestrian 
3.8446203634343163 -12.777861601038126 -5.896100044250488 0.3753577768802643 0.3753577768802643 1.8600000143051147 0.0 Pedestrian 
10.559564438808891 -6.843239067181344 -6.048500061035156 0.3753577768802643 0.3753577768802643 1.8600000143051147 0.0 Pedestrian 
28.23031308051877 16.04977830723601 -6.3285000920295715 0.3753577768802643 0.3753577768802643 1.2999999523162842 0.0 Pedestrian 
12.150034476885695 4.519018957792262 -6.048500239849091 0.3753577768802643 0.3753577768802643 1.8600000143051147 0.0 Pedestrian 
12.702112415612802 -25.974489992869508 -6.176100075244904 0.3753577768802643 0.3753577768802643 1.2999999523162842 0.0 Pedestrian 
11.722970083305015 17.834600432403477 -5.901233792304993 0.3753577768802643 0.3753577768802643 1.8600000143051147 0.0 Pedestrian 
26.204266022266438 -12.536541663412663 -6.3285000920295715 0.3753577768802643 0.3753577768802643 1.2999999523162842 0.0 Pedestrian 
19.131914112034593 -23.974546593182822 -7.002660465193912 6.273552894592285 2.3895740509033203 2.098191261291504 0.0 Vehicle 
2.4948808411239938 3.687721999174464 -6.989084225147963 4.6045098304748535 1.9315931797027588 1.8548461198806763 0.0 Vehicle 
18.619232150138103 28.464705852402517 -7.0061026574112475 5.357479572296143 2.033203125 1.4106584787368774 0.0 Vehicle 
33.132200718072454 -23.954364751967887 -6.998320827493444 4.791779518127441 2.163450002670288 1.488319993019104 0.0 Vehicle 
29.710352629575766 -18.514189396683264 -6.999890956882155 5.006059646606445 2.097083806991577 1.5347249507904053 0.0 Vehicle 
