10.425541992342156 7.164420384094171 -6.0485000014305115 0.3753577768802643 0.3753577768802643 1.8600000143051147 0.0 Pedestrian 
7.5706486132029625 15.073447188490263 -6.2804049253463745 0.5 0.5 1.100000023841858 0.0 Pedestrian 
10.094447631288133 -5.566411478228019 -6.048500180244446 0.3753577768802643 0.3753577768802643 1.8600000143051147 0.0 Pedestrian 
10.399558669619797 0.22126725189127683 -6.048500180244446 0.3753577768802643 0.3753577768802643 1.8600000143051147 0.0 Pedestrian 
10.160278162528748 10.84658130012565 -6.048500061035156 0.3753577768802643 0.3753577768802643 1.8600000143051147 0.0 Pedestrian 
22.411078086696897 13.733845129184829 -6.3285000920295715 0.3753577768802643 0.3753577768802643 1.2999999523162842 0.0 Pedestrian 
1.0921988516552688 12.393300576191336 -5.896100163459778 0.3753577768802643 0.3753577768802643 1.8600000143051147 0.0 Pedestrian 
12.793374485164733 -15.36764496092701 -6.176100075244904 0.3753577768802643 0.3753577768802643 1.2999999523162842 0.0 Pedestrian 
9.87198016211525 6.561548660404696 -6.048500180244446 0.3753577768802643 0.3753577768802643 1.8600000143051147 0.0 Pedestrian 
17.1031571170752 -12.82820131925314 -6.3285000920295715 0.3753577768802643 0.3753577768802643 1.2999999523162842 0.0 Pedestrian 
19.31212379433805 -42.44889111042551 -7.002649173606187 6.273552894592285 2.3895740509033203 2.098191261291504 0.0 Vehicle 
18.251482943870602 12.350548584686749 -7.007081890013069 5.357479572296143 2.033203125 1.4106584787368774 0.0 Vehicle 
29.769477193691642 -37.566277570474995 -7.0052068517543375 4.1928300857543945 1.8161858320236206 1.4738311767578125 0.0 Vehicle 
33.132200718072454 -23.954364751967887 -6.998320827493444 4.791779518127441 2.163450002670288 1.488319993019104 0.0 Vehicle 
29.605876940510527 -1.7796690729609281 -6.999913120271231 5.006059646606445 2.097083806991577 1.5347249507904053 0.0 Vehicle 
