9.976430690734022 0.7617695511895022 -6.0485000014305115 0.3753577768802643 0.3753577768802643 1.8600000143051147 0.0 Pedestrian 
10.740381814360752 18.31452746947116 -6.2804049253463745 0.5 0.5 1.100000023841858 0.0 Pedestrian 
7.779663881470398 -12.14866167529317 -5.896100163459778 0.3753577768802643 0.3753577768802643 1.8600000143051147 0.0 Pedestrian 
10.405382156283089 -8.437200261441944 -6.048500180244446 0.3753577768802643 0.3753577768802643 1.8600000143051147 0.0 Pedestrian 
10.71659792899979 2.247424387468982 -6.048500061035156 0.3753577768802643 0.3753577768802643 1.8600000143051147 0.0 Pedestrian 
22.898113956625913 13.624129555795662 -6.3285000920295715 0.3753577768802643 0.3753577768802643 1.2999999523162842 0.0 Pedestrian 
9.057601135030712 12.227333176299112 -5.896100163459778 0.3753577768802643 0.3753577768802643 1.8600000143051147 0.0 Pedestrian 
12.523623251180595 -20.213955769870154 -6.176100075244904 0.3753577768802643 0.3753577768802643 1.2999999523162842 0.0 Pedestrian 
9.139389317103728 12.95626569633282 -5.896100044250488 0.3753577768802643 0.3753577768802643 1.8600000143051147 0.0 Pedestrian 
22.230151984556883 -12.690060209719377 -6.3285000920295715 0.3753577768802643 0.3753577768802643 1.2999999523162842 0.0 Pedestrian 
19.228590168162725 -33.91209814230558 -7.0026496313512325 6.273552894592285 2.3895740509033203 2.098191261291504 0.0 Vehicle 
18.71482521811909 18.67709111726913 -7.007519588340074 5.357479572296143 2.033203125 1.4106584787368774 0.0 Vehicle 
33.132200718072454 -23.954364751967887 -6.998320827493444 4.791779518127441 2.163450002670288 1.488319993019104 0.0 Vehicle 
29.682531997103602 -9.9682071335111 -6.999911136626906 5.006059646606445 2.097083806991577 1.5347249507904053 0.0 Vehicle 
