12.804585676713032 -15.181515232018683 -5.896100163459778 0.3753577768802643 0.3753577768802643 1.8600000143051147 0.0 Pedestrian 
11.222440228694722 32.42105170649859 -6.278930842876434 0.5 0.5 1.100000023841858 0.0 Pedestrian 
2.1346438203866 -13.014942789993711 -5.896100044250488 0.3753577768802643 0.3753577768802643 1.8600000143051147 0.0 Pedestrian 
38.161184103496694 18.06926375096782 -6.176100075244904 0.3753577768802643 0.3753577768802643 1.2999999523162842 0.0 Pedestrian 
10.007998135078267 -6.529564211675165 -6.048500239849091 0.3753577768802643 0.3753577768802643 1.8600000143051147 0.0 Pedestrian 
13.498524035546978 -34.687356859498436 -6.176100075244904 0.3753577768802643 0.3753577768802643 1.2999999523162842 0.0 Pedestrian 
12.83660512941573 29.94486520523094 -5.896100163459778 0.3753577768802643 0.3753577768802643 1.8600000143051147 0.0 Pedestrian 
33.55339361699181 -15.766302261272358 -6.3285000920295715 0.3753577768802643 0.3753577768802643 1.2999999523162842 0.0 Pedestrian 
19.00455846837911 -10.947420382361088 -7.003425464499742 6.273552894592285 2.3895740509033203 2.098191261291504 0.0 Vehicle 
14.56567870179076 3.8110627080361184 -6.99000371992588 4.6045098304748535 1.9315931797027588 1.8548461198806763 0.0 Vehicle 
18.4939145694959 41.25333455368616 -7.009070072323084 5.357479572296143 2.033203125 1.4106584787368774 0.0 Vehicle 
33.15316879689665 -26.09820183612237 -6.998537998180836 4.791779518127441 2.163450002670288 1.488319993019104 0.0 Vehicle 
29.65426726144466 -26.13959697375151 -6.999868907936616 5.006059646606445 2.097083806991577 1.5347249507904053 0.0 Vehicle 
