10.119159112480986 -11.010907169730444 -6.0485000014305115 0.3753577768802643 0.3753577768802643 1.8600000143051147 0.0 Pedestrian 
12.378429150726049 26.000139548244306 -6.276385307312012 0.5 0.5 1.100000023841858 0.0 Pedestrian 
1.4070422688652684 -13.053397777922441 -5.896100044250488 0.3753577768802643 0.3753577768802643 1.8600000143051147 0.0 Pedestrian 
10.50577647392339 -9.093658566853833 -6.048500061035156 0.3753577768802643 0.3753577768802643 1.8600000143051147 0.0 Pedestrian 
29.858656729799037 16.316430602345463 -6.3285000920295715 0.3753577768802643 0.3753577768802643 1.2999999523162842 0.0 Pedestrian 
11.909669502998497 2.136585861252115 -6.048500239849091 0.3753577768802643 0.3753577768802643 1.8600000143051147 0.0 Pedestrian 
12.789802230589942 -26.988990660537866 -6.176100075244904 0.3753577768802643 0.3753577768802643 1.2999999523162842 0.0 Pedestrian 
12.022327452655148 19.58928466022644 -5.896100163459778 0.3753577768802643 0.3753577768802643 1.8600000143051147 0.0 Pedestrian 
27.172757582070773 -12.55201804063256 -6.3285000920295715 0.3753577768802643 0.3753577768802643 1.2999999523162842 0.0 Pedestrian 
19.10898323232547 -21.622786584621394 -7.002673969138414 6.273552894592285 2.3895740509033203 2.098191261291504 0.0 Vehicle 
4.82620332647998 3.7115612405382947 -6.98907995223999 4.6045098304748535 1.9315931797027588 1.8548461198806763 0.0 Vehicle 
18.59646674411944 30.781996291816995 -7.007583369966596 5.357479572296143 2.033203125 1.4106584787368774 0.0 Vehicle 
33.132200718072454 -23.954364751967887 -6.998320827493444 4.791779518127441 2.163450002670288 1.488319993019104 0.0 Vehicle 
29.709790539873353 -19.785708855908297 -6.999914379121037 5.006059646606445 2.097083806991577 1.5347249507904053 0.0 Vehicle 
