9.949096849108553 5.4458306497431295 -6.0485000014305115 0.3753577768802643 0.3753577768802643 1.8600000143051147 0.0 Pedestrian 
8.784145905288959 16.207899360397278 -6.2804049253463745 0.5 0.5 1.100000023841858 0.0 Pedestrian 
10.135814459779269 -9.19637910534209 -6.048500180244446 0.3753577768802643 0.3753577768802643 1.8600000143051147 0.0 Pedestrian 
10.47998810018149 -3.2283236473952 -6.048500180244446 0.3753577768802643 0.3753577768802643 1.8600000143051147 0.0 Pedestrian 
11.024523114961038 7.429414147186776 -6.048500061035156 0.3753577768802643 0.3753577768802643 1.8600000143051147 0.0 Pedestrian 
22.44975290372428 13.504720045277168 -6.3285000920295715 0.3753577768802643 0.3753577768802643 1.2999999523162842 0.0 Pedestrian 
4.40717101212104 12.285014177212929 -5.896100163459778 0.3753577768802643 0.3753577768802643 1.8600000143051147 0.0 Pedestrian 
12.783323886804396 -17.54226167649722 -6.176100075244904 0.3753577768802643 0.3753577768802643 1.2999999523162842 0.0 Pedestrian 
10.08981953499956 7.97262486949694 -6.048500180244446 0.3753577768802643 0.3753577768802643 1.8600000143051147 0.0 Pedestrian 
19.19141814861861 -12.916915185692233 -6.3285000920295715 0.3753577768802643 0.3753577768802643 1.2999999523162842 0.0 Pedestrian 
19.279594899596475 -39.1279730819831 -7.002649249974638 6.273552894592285 2.3895740509033203 2.098191261291504 0.0 Vehicle 
18.606943410150357 14.235291729430287 -7.006303043104708 5.357479572296143 2.033203125 1.4106584787368774 0.0 Vehicle 
33.132200718072454 -23.954364751967887 -6.998320827493444 4.791779518127441 2.163450002670288 1.488319993019104 0.0 Vehicle 
29.640413925861445 -4.975332951736391 -6.999913120271231 5.006059646606445 2.097083806991577 1.5347249507904053 0.0 Vehicle 
