12.712535968138354 -13.827488070501659 -5.896100163459778 0.3753577768802643 0.3753577768802643 1.8600000143051147 0.0 Pedestrian 
11.306660502958039 31.83513304127348 -6.278930842876434 0.5 0.5 1.100000023841858 0.0 Pedestrian 
3.6617138654896735 -12.920545168874128 -5.896100044250488 0.3753577768802643 0.3753577768802643 1.8600000143051147 0.0 Pedestrian 
37.39333063011125 17.428468282330982 -6.188527703285217 0.3753577768802643 0.3753577768802643 1.2999999523162842 0.0 Pedestrian 
10.091947632435676 -5.052790526588865 -6.048500239849091 0.3753577768802643 0.3753577768802643 1.8600000143051147 0.0 Pedestrian 
13.546376970366595 -33.39719640030694 -6.176100075244904 0.3753577768802643 0.3753577768802643 1.2999999523162842 0.0 Pedestrian 
12.808902011937803 28.600168442879863 -5.896100163459778 0.3753577768802643 0.3753577768802643 1.8600000143051147 0.0 Pedestrian 
32.69020336622498 -15.478359679486289 -6.3285000920295715 0.3753577768802643 0.3753577768802643 1.2999999523162842 0.0 Pedestrian 
19.012598592215895 -11.771842643101877 -7.004931507166475 6.273552894592285 2.3895740509033203 2.098191261291504 0.0 Vehicle 
13.948692075716265 3.8045932268054656 -6.993644047062844 4.6045098304748535 1.9315931797027588 1.8548461198806763 0.0 Vehicle 
18.501614942479108 40.46531196088529 -7.012746753171086 5.357479572296143 2.033203125 1.4106584787368774 0.0 Vehicle 
33.146264071078875 -25.39198842204985 -6.998632068629377 4.791779518127441 2.163450002670288 1.488319993019104 0.0 Vehicle 
29.662430326112826 -25.48929587619739 -6.999832401284948 5.006059646606445 2.097083806991577 1.5347249507904053 0.0 Vehicle 
