10.023906580547905 9.450449016055586 -6.0485000014305115 0.3753577768802643 0.3753577768802643 1.8600000143051147 0.0 Pedestrian 
6.545061472013032 14.260624520915258 -6.27770721912384 0.5 0.5 1.100000023841858 0.0 Pedestrian 
10.065061012779779 -3.8176553836000267 -6.048500180244446 0.3753577768802643 0.3753577768802643 1.8600000143051147 0.0 Pedestrian 
10.256958712646513 2.0592292948309137 -6.048500180244446 0.3753577768802643 0.3753577768802643 1.8600000143051147 0.0 Pedestrian 
10.531099485748996 11.92855367249092 -6.048500061035156 0.3753577768802643 0.3753577768802643 1.8600000143051147 0.0 Pedestrian 
22.396265899086828 14.371811733927302 -6.3285000920295715 0.3753577768802643 0.3753577768802643 1.2999999523162842 0.0 Pedestrian 
-0.7654540916532113 12.40597081346175 -5.896100163459778 0.3753577768802643 0.3753577768802643 1.8600000143051147 0.0 Pedestrian 
12.611589437325335 -14.28805584621557 -6.176100075244904 0.3753577768802643 0.3753577768802643 1.2999999523162842 0.0 Pedestrian 
9.943762657794606 4.379172770533625 -6.048500180244446 0.3753577768802643 0.3753577768802643 1.8600000143051147 0.0 Pedestrian 
16.183449779060638 -12.682946893626763 -6.3285000920295715 0.3753577768802643 0.3753577768802643 1.2999999523162842 0.0 Pedestrian 
19.330728574406976 -44.34710325611127 -7.002649173606187 6.273552894592285 2.3895740509033203 2.098191261291504 0.0 Vehicle 
17.908342614970188 11.411548974977336 -7.007202777545899 5.357479572296143 2.033203125 1.4106584787368774 0.0 Vehicle 
29.751374612729023 -35.62691946970176 -7.003772945376113 4.1928300857543945 1.8161858320236206 1.4738311767578125 0.0 Vehicle 
33.132200718072454 -23.954364751967887 -6.998320827493444 4.791779518127441 2.163450002670288 1.488319993019104 0.0 Vehicle 
29.584200245364816 0.048674463698262116 -6.999913196566922 5.006059646606445 2.097083806991577 1.5347249507904053 0.0 Vehicle 
