10.121583144685182 -7.874181382559186 -6.0485000014305115 0.3753577768802643 0.3753577768802643 1.8600000143051147 0.0 Pedestrian 
11.715270277099592 23.879313890104072 -6.2804049253463745 0.5 0.5 1.100000023841858 0.0 Pedestrian 
-0.5123668574887148 -12.64426099867103 -5.896100163459778 0.3753577768802643 0.3753577768802643 1.8600000143051147 0.0 Pedestrian 
4.849372063750238 -12.628897849585314 -5.896100044250488 0.3753577768802643 0.3753577768802643 1.8600000143051147 0.0 Pedestrian 
10.576559384242714 -5.943045900500124 -6.048500061035156 0.3753577768802643 0.3753577768802643 1.8600000143051147 0.0 Pedestrian 
27.57897560749356 15.94311777042958 -6.3285000920295715 0.3753577768802643 0.3753577768802643 1.2999999523162842 0.0 Pedestrian 
11.783638816326288 5.499914539184346 -6.048500239849091 0.3753577768802643 0.3753577768802643 1.8600000143051147 0.0 Pedestrian 
12.684818765228414 -25.48888347730656 -6.176100075244904 0.3753577768802643 0.3753577768802643 1.2999999523162842 0.0 Pedestrian 
10.78080350415425 17.007909335296404 -5.901233792304993 0.3753577768802643 0.3753577768802643 1.8600000143051147 0.0 Pedestrian 
25.902225518078424 -12.525406553183416 -6.3285000920295715 0.3753577768802643 0.3753577768802643 1.2999999523162842 0.0 Pedestrian 
19.141017501494858 -24.918172645371897 -7.002657413482666 6.273552894592285 2.3895740509033203 2.098191261291504 0.0 Vehicle 
1.553374443722381 3.6780921643280564 -6.989064655266702 4.6045098304748535 1.9315931797027588 1.8548461198806763 0.0 Vehicle 
18.62821254324784 27.535532477970946 -7.007452297024429 5.357479572296143 2.033203125 1.4106584787368774 0.0 Vehicle 
33.132200718072454 -23.954364751967887 -6.998320827493444 4.791779518127441 2.163450002670288 1.488319993019104 0.0 Vehicle 
29.710353835278525 -17.887249127299697 -6.9998853492797934 5.006059646606445 2.097083806991577 1.5347249507904053 0.0 Vehicle 
