8.805148321950199 -12.181981066494814 -5.896100163459778 0.3753577768802643 0.3753577768802643 1.8600000143051147 0.0 Pedestrian 
12.28189741087651 27.940722820478413 -6.276385307312012 0.5 0.5 1.100000023841858 0.0 Pedestrian 
-1.359261256619945 -13.13252298344537 -5.896100044250488 0.3753577768802643 0.3753577768802643 1.8600000143051147 0.0 Pedestrian 
10.360865317798698 -11.77989485302328 -5.896100044250488 0.3753577768802643 0.3753577768802643 1.8600000143051147 0.0 Pedestrian 
31.812669182157414 16.636411259671377 -6.3285000920295715 0.3753577768802643 0.3753577768802643 1.2999999523162842 0.0 Pedestrian 
10.503528163328596 0.1781599367805029 -6.048500239849091 0.3753577768802643 0.3753577768802643 1.8600000143051147 0.0 Pedestrian 
13.259819965577492 -28.131150498988745 -6.176100075244904 0.3753577768802643 0.3753577768802643 1.2999999523162842 0.0 Pedestrian 
12.27164505870708 21.44077316614903 -5.896100163459778 0.3753577768802643 0.3753577768802643 1.8600000143051147 0.0 Pedestrian 
28.46169390451665 -12.996790550746482 -6.3285000920295715 0.3753577768802643 0.3753577768802643 1.2999999523162842 0.0 Pedestrian 
19.081620294594472 -18.82799831044042 -7.002712879097089 6.273552894592285 2.3895740509033203 2.098191261291504 0.0 Vehicle 
7.547929215300774 3.7393830725359862 -6.989074612036347 4.6045098304748535 1.9315931797027588 1.8548461198806763 0.0 Vehicle 
18.569469963090086 33.53569374520862 -7.007688274141401 5.357479572296143 2.033203125 1.4106584787368774 0.0 Vehicle 
33.13220078463796 -23.95436665815464 -6.998319835751317 4.791779518127441 2.163450002670288 1.488319993019104 0.0 Vehicle 
29.704610330845725 -21.211799596369133 -6.999915065767709 5.006059646606445 2.097083806991577 1.5347249507904053 0.0 Vehicle 
