10.420772145157818 6.4624212221406765 -6.0485000014305115 0.3753577768802643 0.3753577768802643 1.8600000143051147 0.0 Pedestrian 
8.183804728822409 15.551189841505675 -6.2804049253463745 0.5 0.5 1.100000023841858 0.0 Pedestrian 
10.098331382728567 -6.55993938558413 -6.048500180244446 0.3753577768802643 0.3753577768802643 1.8600000143051147 0.0 Pedestrian 
10.435989139442839 -0.7721217733350159 -6.048500180244446 0.3753577768802643 0.3753577768802643 1.8600000143051147 0.0 Pedestrian 
10.406572408242216 9.882812290754714 -6.048500061035156 0.3753577768802643 0.3753577768802643 1.8600000143051147 0.0 Pedestrian 
22.535936462256203 13.559510414890951 -6.3285000920295715 0.3753577768802643 0.3753577768802643 1.2999999523162842 0.0 Pedestrian 
2.050536095569086 12.366486120093782 -5.896100163459778 0.3753577768802643 0.3753577768802643 1.8600000143051147 0.0 Pedestrian 
12.61350256151107 -15.947878546944139 -6.176100075244904 0.3753577768802643 0.3753577768802643 1.2999999523162842 0.0 Pedestrian 
10.033070432827417 6.561207334424864 -6.048500180244446 0.3753577768802643 0.3753577768802643 1.8600000143051147 0.0 Pedestrian 
17.685349686382224 -12.857638956128312 -6.3285000920295715 0.3753577768802643 0.3753577768802643 1.2999999523162842 0.0 Pedestrian 
19.30281883853496 -41.4999301740379 -7.002649173606187 6.273552894592285 2.3895740509033203 2.098191261291504 0.0 Vehicle 
18.38571466579434 12.850444636119846 -7.007023181766272 5.357479572296143 2.033203125 1.4106584787368774 0.0 Vehicle 
29.778698497827776 -38.53557852415622 -7.005206889938563 4.1928300857543945 1.8161858320236206 1.4738311767578125 0.0 Vehicle 
33.132200718072454 -23.954364751967887 -6.998320827493444 4.791779518127441 2.163450002670288 1.488319993019104 0.0 Vehicle 
29.61625525480468 -2.6933466178045364 -6.999912853243586 5.006059646606445 2.097083806991577 1.5347249507904053 0.0 Vehicle 
