9.064728365455721 -12.472065931366046 -5.896100163459778 0.3753577768802643 0.3753577768802643 1.8600000143051147 0.0 Pedestrian 
12.367523161493963 27.13092379101431 -6.276385307312012 0.5 0.5 1.100000023841858 0.0 Pedestrian 
-0.4416342211168427 -13.101467351596739 -5.896100044250488 0.3753577768802643 0.3753577768802643 1.8600000143051147 0.0 Pedestrian 
10.386131475004724 -10.683272283097608 -6.048500061035156 0.3753577768802643 0.3753577768802643 1.8600000143051147 0.0 Pedestrian 
31.161331709132206 16.529750722864947 -6.3285000920295715 0.3753577768802643 0.3753577768802643 1.2999999523162842 0.0 Pedestrian 
10.9988075072865 0.6386175146408277 -6.048500239849091 0.3753577768802643 0.3753577768802643 1.8600000143051147 0.0 Pedestrian 
13.214611403440713 -27.472703038003488 -6.176100075244904 0.3753577768802643 0.3753577768802643 1.2999999523162842 0.0 Pedestrian 
12.148191392514718 20.536482585450585 -5.896100163459778 0.3753577768802643 0.3753577768802643 1.8600000143051147 0.0 Pedestrian 
28.001999582130253 -12.730446742097797 -6.3285000920295715 0.3753577768802643 0.3753577768802643 1.2999999523162842 0.0 Pedestrian 
19.09064747062901 -19.754576384357847 -7.002695636590943 6.273552894592285 2.3895740509033203 2.098191261291504 0.0 Vehicle 
6.65340098687999 3.730240414204985 -6.989860248751938 4.6045098304748535 1.9315931797027588 1.8548461198806763 0.0 Vehicle 
18.578297350793207 32.62270683734141 -7.0076417732052505 5.357479572296143 2.033203125 1.4106584787368774 0.0 Vehicle 
33.132200718072454 -23.954364751967887 -6.998320827493444 4.791779518127441 2.163450002670288 1.488319993019104 0.0 Vehicle 
29.70696834769811 -20.735421545554004 -6.9999144935645745 5.006059646606445 2.097083806991577 1.5347249507904053 0.0 Vehicle 
