10.449543142310905 6.63495409370546 -6.0485000014305115 0.3753577768802643 0.3753577768802643 1.8600000143051147 0.0 Pedestrian 
8.210353779243874 15.582294334963308 -6.2804049253463745 0.5 0.5 1.100000023841858 0.0 Pedestrian 
10.083727771968093 -7.613432278920982 -6.048500180244446 0.3753577768802643 0.3753577768802643 1.8600000143051147 0.0 Pedestrian 
10.486908140856091 -1.783411484874705 -6.048500180244446 0.3753577768802643 0.3753577768802643 1.8600000143051147 0.0 Pedestrian 
10.642687425986416 8.919349114082593 -6.048500061035156 0.3753577768802643 0.3753577768802643 1.8600000143051147 0.0 Pedestrian 
22.545466010526397 13.512225837800429 -6.3285000920295715 0.3753577768802643 0.3753577768802643 1.2999999523162842 0.0 Pedestrian 
2.9953231152526953 12.33070274183467 -5.896100163459778 0.3753577768802643 0.3753577768802643 1.8600000143051147 0.0 Pedestrian 
12.674504221409705 -16.52692054060833 -6.176100075244904 0.3753577768802643 0.3753577768802643 1.2999999523162842 0.0 Pedestrian 
10.403954613457502 7.334450621667486 -6.048500180244446 0.3753577768802643 0.3753577768802643 1.8600000143051147 0.0 Pedestrian 
18.2685109676669 -12.886834737108757 -6.3285000920295715 0.3753577768802643 0.3753577768802643 1.2999999523162842 0.0 Pedestrian 
19.293532859894185 -40.55107545158444 -7.002649173606187 6.273552894592285 2.3895740509033203 2.098191261291504 0.0 Vehicle 
18.491296480031274 13.379396877670501 -7.006799373310059 5.357479572296143 2.033203125 1.4106584787368774 0.0 Vehicle 
29.787916473688654 -39.50478416849978 -7.005206889938563 4.1928300857543945 1.8161858320236206 1.4738311767578125 0.0 Vehicle 
33.132200718072454 -23.954364751967887 -6.998320827493444 4.791779518127441 2.163450002670288 1.488319993019104 0.0 Vehicle 
29.626267054711512 -3.606584644440545 -6.99991281509574 5.006059646606445 2.097083806991577 1.5347249507904053 0.0 Vehicle 
