8.571731294175763 -12.327182362769804 -5.896100163459778 0.3753577768802643 0.3753577768802643 1.8600000143051147 0.0 Pedestrian 
12.438717097022959 27.524893312554696 -6.276385307312012 0.5 0.5 1.100000023841858 0.0 Pedestrian 
-0.9392429589456412 -13.126205358790457 -5.896100044250488 0.3753577768802643 0.3753577768802643 1.8600000143051147 0.0 Pedestrian 
10.550158714901016 -11.314680774680255 -6.048500061035156 0.3753577768802643 0.3753577768802643 1.8600000143051147 0.0 Pedestrian 
31.487000478927563 16.583080038174785 -6.3285000920295715 0.3753577768802643 0.3753577768802643 1.2999999523162842 0.0 Pedestrian 
10.687028777640343 0.40963769917220816 -6.048500239849091 0.3753577768802643 0.3753577768802643 1.8600000143051147 0.0 Pedestrian 
13.237223342538869 -27.801927455327473 -6.176100075244904 0.3753577768802643 0.3753577768802643 1.2999999523162842 0.0 Pedestrian 
12.212492028543394 20.988814134793756 -5.896100163459778 0.3753577768802643 0.3753577768802643 1.8600000143051147 0.0 Pedestrian 
28.229788778867018 -12.864804128448327 -6.3285000920295715 0.3753577768802643 0.3753577768802643 1.2999999523162842 0.0 Pedestrian 
19.086166956358454 -19.290485571959948 -7.002703647594899 6.273552894592285 2.3895740509033203 2.098191261291504 0.0 Vehicle 
7.106060431852095 3.7348672723662304 -6.989612903445959 4.6045098304748535 1.9315931797027588 1.8548461198806763 0.0 Vehicle 
18.573856298519047 33.079983734030634 -7.007663211785257 5.357479572296143 2.033203125 1.4106584787368774 0.0 Vehicle 
33.132200718072454 -23.954364751967887 -6.998320827493444 4.791779518127441 2.163450002670288 1.488319993019104 0.0 Vehicle 
29.70578328181095 -20.973437107967015 -6.999914913176326 5.006059646606445 2.097083806991577 1.5347249507904053 0.0 Vehicle 
