13.618790197473743 -23.00479720006956 -5.896100163459778 0.3753577768802643 0.3753577768802643 1.8600000143051147 0.0 Pedestrian 
12.204041872302781 36.804166833344084 -6.276100039482117 0.5 0.5 1.100000023841858 0.0 Pedestrian 
38.88017558797337 23.55370996615659 -6.176100075244904 0.3753577768802643 0.3753577768802643 1.2999999523162842 0.0 Pedestrian 
7.682565771616581 -12.923178761205804 -5.896100044250488 0.3753577768802643 0.3753577768802643 1.8600000143051147 0.0 Pedestrian 
13.391206098533587 -39.993074759296746 -6.176100075244904 0.3753577768802643 0.3753577768802643 1.2999999523162842 0.0 Pedestrian 
12.919696820920166 38.51344215324286 -5.896100163459778 0.3753577768802643 0.3753577768802643 1.8600000143051147 0.0 Pedestrian 
38.738357890959136 -17.707919917296977 -6.176100015640259 0.3753577768802643 0.3753577768802643 1.2999999523162842 0.0 Pedestrian 
19.004073288599784 -10.895925651727794 -7.002833042060956 6.273552894592285 2.3895740509033203 2.098191261291504 0.0 Vehicle 
14.603605188251585 3.811484165669995 -6.988964824937284 4.6045098304748535 1.9315931797027588 1.8548461198806763 0.0 Vehicle 
18.493466869411918 41.30156990163118 -7.008496799506247 5.357479572296143 2.033203125 1.4106584787368774 0.0 Vehicle 
33.15359411834562 -26.14186135551654 -7.000634861004073 4.791779518127441 2.163450002670288 1.488319993019104 0.0 Vehicle 
29.65383038643371 -26.17605525249894 -7.0022749518975616 5.006059646606445 2.097083806991577 1.5347249507904053 0.0 Vehicle 
