10.034369462764065 -0.018565832288118145 -6.430398225784302 0.5 0.5 1.100000023841858 0.0 Pedestrian 
9.878814724523856 9.870595268513853 -6.048500061035156 0.3753577768802643 0.3753577768802643 1.8600000143051147 0.0 Pedestrian 
38.44773453399455 27.17835544975128 -6.176912307739258 0.3753577768802643 0.3753577768802643 1.2999999523162842 0.0 Pedestrian 
5.954117544638329 12.217713539177794 -5.897802948951721 0.3753577768802643 0.3753577768802643 1.8600000143051147 0.0 Pedestrian 
0.14017631132369957 12.397122323986878 -5.897198796272278 0.3753577768802643 0.3753577768802643 1.8600000143051147 0.0 Pedestrian 
9.139051169492838 12.699244217530577 -5.897170901298523 0.3753577768802643 0.3753577768802643 1.8600000143051147 0.0 Pedestrian 
7.338508708887346 13.769764984465155 -6.177344739437103 0.3753577768802643 0.3753577768802643 1.2999999523162842 0.0 Pedestrian 
-0.6879163967378901 -13.361388112605823 -5.896094918251038 0.3753577768802643 0.3753577768802643 1.8600000143051147 0.0 Pedestrian 
10.480821323564257 -1.0665166760165903 -6.3285000920295715 0.3753577768802643 0.3753577768802643 1.2999999523162842 0.0 Pedestrian 
10.418306169060699 -6.363230651309664 -6.328499913215637 0.3753577768802643 0.3753577768802643 1.2999999523162842 0.0 Pedestrian 
9.92242782124373 10.778490313725229 -6.048500061035156 0.3753577768802643 0.3753577768802643 1.8600000143051147 0.0 Pedestrian 
12.715153139388221 7.494283224867786 -7.006394329015166 5.357479572296143 2.033203125 1.4106584787368774 0.0 Vehicle 
29.601206833654643 -20.118518483022513 -7.005263309460133 4.1928300857543945 1.8161858320236206 1.4738311767578125 0.0 Vehicle 
33.10756352792603 -21.59527839045495 -6.998494129162282 4.791779518127441 2.163450002670288 1.488319993019104 0.0 Vehicle 
29.15272211995611 32.13418584474971 -6.999912548068096 5.006059646606445 2.097083806991577 1.5347249507904053 0.0 Vehicle 
