0.6060244259003085 12.715321352343267 -5.896581292152405 0.3753577768802643 0.3753577768802643 1.8600000143051147 0.0 Pedestrian 
10.00237513806833 9.514818866042447 -6.428500056266785 0.5 0.5 1.100000023841858 0.0 Pedestrian 
10.033639922163745 8.343188927896051 -6.048500180244446 0.3753577768802643 0.3753577768802643 1.8600000143051147 0.0 Pedestrian 
8.082212490962988 12.446437307486462 -5.896113276481628 0.3753577768802643 0.3753577768802643 1.8600000143051147 0.0 Pedestrian 
-2.2005733743983242 12.393152427670543 -5.896100163459778 0.3753577768802643 0.3753577768802643 1.8600000143051147 0.0 Pedestrian 
17.46316143456272 17.17920143579238 -6.3285000920295715 0.3753577768802643 0.3753577768802643 1.2999999523162842 0.0 Pedestrian 
9.280055777925554 -12.511022599274497 -6.176100075244904 0.3753577768802643 0.3753577768802643 1.2999999523162842 0.0 Pedestrian 
10.096171578486441 -7.898072060323329 -6.048500180244446 0.3753577768802643 0.3753577768802643 1.8600000143051147 0.0 Pedestrian 
10.403733346130082 -13.101477124812277 -6.176100015640259 0.3753577768802643 0.3753577768802643 1.2999999523162842 0.0 Pedestrian 
16.6558149673238 9.53702832295653 -7.008668803609908 5.357479572296143 2.033203125 1.4106584787368774 0.0 Vehicle 
29.626741208512513 -22.706167360257382 -7.004814052488655 4.1928300857543945 1.8161858320236206 1.4738311767578125 0.0 Vehicle 
33.132200718072454 -23.954364751967887 -6.998320827493444 4.791779518127441 2.163450002670288 1.488319993019104 0.0 Vehicle 
29.413696098277573 12.865959850953914 -6.999912548068096 5.006059646606445 2.097083806991577 1.5347249507904053 0.0 Vehicle 
