3.5434218929221473 12.631371086751074 -5.896581292152405 0.3753577768802643 0.3753577768802643 1.8600000143051147 0.0 Pedestrian 
9.938956423051753 11.27667794326021 -6.428500056266785 0.5 0.5 1.100000023841858 0.0 Pedestrian 
10.072223371074733 6.2890968480271 -6.048500180244446 0.3753577768802643 0.3753577768802643 1.8600000143051147 0.0 Pedestrian 
10.678996619225185 11.554868846803174 -6.048500180244446 0.3753577768802643 0.3753577768802643 1.8600000143051147 0.0 Pedestrian 
0.7127214674009679 12.521965832725414 -5.896100163459778 0.3753577768802643 0.3753577768802643 1.8600000143051147 0.0 Pedestrian 
19.01092807031356 17.011902452121262 -6.3285000920295715 0.3753577768802643 0.3753577768802643 1.2999999523162842 0.0 Pedestrian 
8.25007611518474 -12.901624118983364 -6.176100075244904 0.3753577768802643 0.3753577768802643 1.2999999523162842 0.0 Pedestrian 
10.031212419852238 -5.147703264887241 -6.048500180244446 0.3753577768802643 0.3753577768802643 1.8600000143051147 0.0 Pedestrian 
11.672226759637098 -12.954282975565661 -6.176100015640259 0.3753577768802643 0.3753577768802643 1.2999999523162842 0.0 Pedestrian 
16.707511848035264 9.590831484457112 -7.007472667377442 5.357479572296143 2.033203125 1.4106584787368774 0.0 Vehicle 
29.64845504417157 -24.95705542691951 -7.005207233130932 4.1928300857543945 1.8161858320236206 1.4738311767578125 0.0 Vehicle 
33.132200718072454 -23.954364751967887 -6.998320827493444 4.791779518127441 2.163450002670288 1.488319993019104 0.0 Vehicle 
29.45124932276858 10.117331699936472 -6.999912586215942 5.006059646606445 2.097083806991577 1.5347249507904053 0.0 Vehicle 
