4.510467884996828 12.550608451156222 -5.896581292152405 0.3753577768802643 0.3753577768802643 1.8600000143051147 0.0 Pedestrian 
10.050969214190197 11.665193184574264 -6.428500056266785 0.5 0.5 1.100000023841858 0.0 Pedestrian 
10.216522861387642 5.349049822777005 -6.048500180244446 0.3753577768802643 0.3753577768802643 1.8600000143051147 0.0 Pedestrian 
10.069661785227261 10.424233399404784 -6.048500180244446 0.3753577768802643 0.3753577768802643 1.8600000143051147 0.0 Pedestrian 
1.639569951849147 12.475647036518012 -5.896100163459778 0.3753577768802643 0.3753577768802643 1.8600000143051147 0.0 Pedestrian 
19.46202329666773 16.81473007524403 -6.3285000920295715 0.3753577768802643 0.3753577768802643 1.2999999523162842 0.0 Pedestrian 
8.899186426715033 -12.999202441164812 -6.176100075244904 0.3753577768802643 0.3753577768802643 1.2999999523162842 0.0 Pedestrian 
10.026802937345217 -4.027191833876259 -6.048500180244446 0.3753577768802643 0.3753577768802643 1.8600000143051147 0.0 Pedestrian 
12.245600477729411 -12.875901867388393 -6.176100015640259 0.3753577768802643 0.3753577768802643 1.2999999523162842 0.0 Pedestrian 
16.707745355872635 9.591140229255416 -7.0074899098835886 5.357479572296143 2.033203125 1.4106584787368774 0.0 Vehicle 
29.65771708639683 -25.927522966893775 -7.005208415910602 4.1928300857543945 1.8161858320236206 1.4738311767578125 0.0 Vehicle 
33.132200718072454 -23.954364751967887 -6.998320827493444 4.791779518127441 2.163450002670288 1.488319993019104 0.0 Vehicle 
29.463692995264186 9.201348751070213 -6.9999126243637875 5.006059646606445 2.097083806991577 1.5347249507904053 0.0 Vehicle 
