10.27848208877597 10.932323216641407 -6.0485000014305115 0.3753577768802643 0.3753577768802643 1.8600000143051147 0.0 Pedestrian 
7.212753439537046 13.941364018066906 -6.27770721912384 0.5 0.5 1.100000023841858 0.0 Pedestrian 
10.00871073004513 -1.59844336795436 -6.048500180244446 0.3753577768802643 0.3753577768802643 1.8600000143051147 0.0 Pedestrian 
10.807313619710477 3.887211905831755 -6.048500180244446 0.3753577768802643 0.3753577768802643 1.8600000143051147 0.0 Pedestrian 
7.684394394478389 12.30500701983442 -5.896100163459778 0.3753577768802643 0.3753577768802643 1.8600000143051147 0.0 Pedestrian 
22.311148100236956 15.353321038242598 -6.3285000920295715 0.3753577768802643 0.3753577768802643 1.2999999523162842 0.0 Pedestrian 
12.048856158112443 -12.873724078161217 -6.176100075244904 0.3753577768802643 0.3753577768802643 1.2999999523162842 0.0 Pedestrian 
9.87495948685162 3.4322999285902256 -6.048500180244446 0.3753577768802643 0.3753577768802643 1.8600000143051147 0.0 Pedestrian 
15.156489047923827 -12.646264728963047 -6.3285000920295715 0.3753577768802643 0.3753577768802643 1.2999999523162842 0.0 Pedestrian 
17.314217852647847 10.354279190629882 -7.007380733266473 5.357479572296143 2.033203125 1.4106584787368774 0.0 Vehicle 
29.727853059663346 -33.20271773193667 -7.003602466545999 4.1928300857543945 1.8161858320236206 1.4738311767578125 0.0 Vehicle 
33.132200718072454 -23.954364751967887 -6.998320827493444 4.791779518127441 2.163450002670288 1.488319993019104 0.0 Vehicle 
29.55544754860265 2.3354224212951067 -6.999912891391432 5.006059646606445 2.097083806991577 1.5347249507904053 0.0 Vehicle 
