1.0529309922025405 12.694498009641848 -5.896581292152405 0.3753577768802643 0.3753577768802643 1.8600000143051147 0.0 Pedestrian 
10.089452388776461 9.723715036180124 -6.428500056266785 0.5 0.5 1.100000023841858 0.0 Pedestrian 
10.18885910205046 8.103920979187308 -6.048500180244446 0.3753577768802643 0.3753577768802643 1.8600000143051147 0.0 Pedestrian 
8.561192238900077 12.487407466759805 -5.896113276481628 0.3753577768802643 0.3753577768802643 1.8600000143051147 0.0 Pedestrian 
-1.7314319843424855 12.445653781065857 -5.896100163459778 0.3753577768802643 0.3753577768802643 1.8600000143051147 0.0 Pedestrian 
17.69199576521641 16.938838888776786 -6.3285000920295715 0.3753577768802643 0.3753577768802643 1.2999999523162842 0.0 Pedestrian 
8.928440966317979 -12.550201724863427 -6.176100075244904 0.3753577768802643 0.3753577768802643 1.2999999523162842 0.0 Pedestrian 
10.08017646464085 -7.456209081489419 -6.048500180244446 0.3753577768802643 0.3753577768802643 1.8600000143051147 0.0 Pedestrian 
10.656987994703485 -13.060459594998974 -6.176100015640259 0.3753577768802643 0.3753577768802643 1.2999999523162842 0.0 Pedestrian 
16.689401964457403 9.571211771900607 -7.008078593760729 5.357479572296143 2.033203125 1.4106584787368774 0.0 Vehicle 
29.628018310466373 -22.83674127432414 -7.004914264660329 4.1928300857543945 1.8161858320236206 1.4738311767578125 0.0 Vehicle 
33.132200718072454 -23.954364751967887 -6.998320827493444 4.791779518127441 2.163450002670288 1.488319993019104 0.0 Vehicle 
29.42006163682561 12.40778826912208 -6.999912662511633 5.006059646606445 2.097083806991577 1.5347249507904053 0.0 Vehicle 
