9.970933797810783 0.6153114386659126 -6.430398225784302 0.5 0.5 1.100000023841858 0.0 Pedestrian 
9.957041905187811 10.139672652172294 -6.048500061035156 0.3753577768802643 0.3753577768802643 1.8600000143051147 0.0 Pedestrian 
-1.5682688774546065 13.212301725301813 -5.896100163459778 0.3753577768802643 0.3753577768802643 1.8600000143051147 0.0 Pedestrian 
38.45765701938656 28.11537065513096 -6.176912307739258 0.3753577768802643 0.3753577768802643 1.2999999523162842 0.0 Pedestrian 
4.678500278295651 12.18620122821926 -5.897802948951721 0.3753577768802643 0.3753577768802643 1.8600000143051147 0.0 Pedestrian 
-1.37177437472306 12.530403694074494 -5.897198796272278 0.3753577768802643 0.3753577768802643 1.8600000143051147 0.0 Pedestrian 
8.394709994572185 12.235976489434734 -5.897170901298523 0.3753577768802643 0.3753577768802643 1.8600000143051147 0.0 Pedestrian 
8.251455113869866 13.968085133450359 -6.177344739437103 0.3753577768802643 0.3753577768802643 1.2999999523162842 0.0 Pedestrian 
-2.0736626826843008 -13.53542627655247 -5.896094918251038 0.3753577768802643 0.3753577768802643 1.8600000143051147 0.0 Pedestrian 
10.46279054388085 -1.896385884020333 -6.3285000920295715 0.3753577768802643 0.3753577768802643 1.2999999523162842 0.0 Pedestrian 
-2.419328915760886 -12.427603786117743 -5.896100163459778 0.3753577768802643 0.3753577768802643 1.8600000143051147 0.0 Pedestrian 
10.410649760733506 -7.089251417348692 -6.328499913215637 0.3753577768802643 0.3753577768802643 1.2999999523162842 0.0 Pedestrian 
10.012127334417684 11.431713158609227 -6.048500061035156 0.3753577768802643 0.3753577768802643 1.8600000143051147 0.0 Pedestrian 
13.18410464932109 7.607311869461057 -7.005169543903321 5.357479572296143 2.033203125 1.4106584787368774 0.0 Vehicle 
29.609056767979695 -20.91650782442207 -7.005228748079389 4.1928300857543945 1.8161858320236206 1.4738311767578125 0.0 Vehicle 
33.11738852494511 -22.522842023336352 -6.9985096550080925 4.791779518127441 2.163450002670288 1.488319993019104 0.0 Vehicle 
29.170029304742854 30.756261082183755 -6.999912586215942 5.006059646606445 2.097083806991577 1.5347249507904053 0.0 Vehicle 
