9.997180939032223 -1.476827714581077 -6.430398225784302 0.5 0.5 1.100000023841858 0.0 Pedestrian 
9.915906439094265 9.271007216783346 -6.048500061035156 0.3753577768802643 0.3753577768802643 1.8600000143051147 0.0 Pedestrian 
38.15159674229386 23.88951998951825 -6.176912307739258 0.3753577768802643 0.3753577768802643 1.2999999523162842 0.0 Pedestrian 
8.149971281280603 12.282070703355885 -5.897802948951721 0.3753577768802643 0.3753577768802643 1.8600000143051147 0.0 Pedestrian 
4.72682780805733 12.31550337737292 -5.897198796272278 0.3753577768802643 0.3753577768802643 1.8600000143051147 0.0 Pedestrian 
9.99548570488939 11.263366245284146 -6.048500061035156 0.3753577768802643 0.3753577768802643 1.8600000143051147 0.0 Pedestrian 
-0.9740910204485616 -11.85546154376334 -6.176051557064056 0.3753577768802643 0.3753577768802643 1.2999999523162842 0.0 Pedestrian 
8.84567962233396 13.319085865947159 -6.177344739437103 0.3753577768802643 0.3753577768802643 1.2999999523162842 0.0 Pedestrian 
3.910068646289588 -13.01947238622472 -5.896094918251038 0.3753577768802643 0.3753577768802643 1.8600000143051147 0.0 Pedestrian 
10.620567523846443 1.7951695185960261 -6.3285000920295715 0.3753577768802643 0.3753577768802643 1.2999999523162842 0.0 Pedestrian 
10.419851072494232 -4.172397567357507 -6.328499913215637 0.3753577768802643 0.3753577768802643 1.2999999523162842 0.0 Pedestrian 
10.361318899886783 10.685955304155982 -6.048500061035156 0.3753577768802643 0.3753577768802643 1.8600000143051147 0.0 Pedestrian 
9.678096731382539 7.072049546191806 -7.008473529480398 5.357479572296143 2.033203125 1.4106584787368774 0.0 Vehicle 
29.562462658067147 -16.216063182553285 -7.005237903445959 4.1928300857543945 1.8161858320236206 1.4738311767578125 0.0 Vehicle 
33.06499561484901 -17.56015286098102 -6.998373012524098 4.791779518127441 2.163450002670288 1.488319993019104 0.0 Vehicle 
29.097890041601516 36.729065511655335 -6.9999122810404515 5.006059646606445 2.097083806991577 1.5347249507904053 0.0 Vehicle 
