9.965519272678701 1.288469946657301 -6.430398225784302 0.5 0.5 1.100000023841858 0.0 Pedestrian 
9.838277437105809 11.777330238562172 -6.048500061035156 0.3753577768802643 0.3753577768802643 1.8600000143051147 0.0 Pedestrian 
0.574790828502735 13.13403824157001 -5.896100163459778 0.3753577768802643 0.3753577768802643 1.8600000143051147 0.0 Pedestrian 
38.19945175764224 29.38131389068269 -6.176912307739258 0.3753577768802643 0.3753577768802643 1.2999999523162842 0.0 Pedestrian 
2.6693331592554586 12.230169497980569 -5.897802948951721 0.3753577768802643 0.3753577768802643 1.8600000143051147 0.0 Pedestrian 
6.490430668142231 12.411662425134637 -5.897170901298523 0.3753577768802643 0.3753577768802643 1.8600000143051147 0.0 Pedestrian 
9.428295291507503 14.1401691044789 -6.177344739437103 0.3753577768802643 0.3753577768802643 1.2999999523162842 0.0 Pedestrian 
10.339931543498473 -3.1355650735445124 -6.3285000920295715 0.3753577768802643 0.3753577768802643 1.2999999523162842 0.0 Pedestrian 
-0.9079509334309108 -12.557164473366015 -5.896100163459778 0.3753577768802643 0.3753577768802643 1.8600000143051147 0.0 Pedestrian 
10.439938714512074 -8.21217095197278 -6.328499913215637 0.3753577768802643 0.3753577768802643 1.2999999523162842 0.0 Pedestrian 
8.795765088047517 12.583333193939211 -5.896100163459778 0.3753577768802643 0.3753577768802643 1.8600000143051147 0.0 Pedestrian 
14.267004666326498 7.940167189856027 -7.008859500288963 5.357479572296143 2.033203125 1.4106584787368774 0.0 Vehicle 
29.61914000206758 -21.936724478739166 -7.005331744905561 4.1928300857543945 1.8161858320236206 1.4738311767578125 0.0 Vehicle 
33.126863505997306 -23.422019231318473 -6.9985290337353945 4.791779518127441 2.163450002670288 1.488319993019104 0.0 Vehicle 
29.193575360553353 28.919419812085266 -6.999912433624559 5.006059646606445 2.097083806991577 1.5347249507904053 0.0 Vehicle 
