1.5357014078137752 12.709115176765522 -5.896581292152405 0.3753577768802643 0.3753577768802643 1.8600000143051147 0.0 Pedestrian 
9.991278848967514 9.987788451931806 -6.428500056266785 0.5 0.5 1.100000023841858 0.0 Pedestrian 
9.993376424926113 7.6882761914717435 -6.048500180244446 0.3753577768802643 0.3753577768802643 1.8600000143051147 0.0 Pedestrian 
9.034340323098139 12.289196401054028 -5.896113276481628 0.3753577768802643 0.3753577768802643 1.8600000143051147 0.0 Pedestrian 
-1.2642201877319152 12.451976210736461 -5.896100163459778 0.3753577768802643 0.3753577768802643 1.8600000143051147 0.0 Pedestrian 
17.975301435004816 16.94172026989156 -6.3285000920295715 0.3753577768802643 0.3753577768802643 1.2999999523162842 0.0 Pedestrian 
8.640245964185823 -12.556042180186182 -6.176100075244904 0.3753577768802643 0.3753577768802643 1.2999999523162842 0.0 Pedestrian 
10.100047046350767 -7.028801647050159 -6.048500180244446 0.3753577768802643 0.3753577768802643 1.8600000143051147 0.0 Pedestrian 
10.912183335573872 -13.023424155639418 -6.176100015640259 0.3753577768802643 0.3753577768802643 1.2999999523162842 0.0 Pedestrian 
16.704674285220598 9.587705018579754 -7.0075987433083355 5.357479572296143 2.033203125 1.4106584787368774 0.0 Vehicle 
29.630673295825986 -23.110393965967887 -7.005063953343779 4.1928300857543945 1.8161858320236206 1.4738311767578125 0.0 Vehicle 
33.132200718072454 -23.954364751967887 -6.998320827493444 4.791779518127441 2.163450002670288 1.488319993019104 0.0 Vehicle 
29.426288964727586 11.9496395342818 -6.999912700652203 5.006059646606445 2.097083806991577 1.5347249507904053 0.0 Vehicle 
