10.02681030036091 0.029132992730069418 -6.430398225784302 0.5 0.5 1.100000023841858 0.0 Pedestrian 
9.893082233201913 9.834102258272878 -6.048500061035156 0.3753577768802643 0.3753577768802643 1.8600000143051147 0.0 Pedestrian 
38.42427940978247 26.847037573340458 -6.176912307739258 0.3753577768802643 0.3753577768802643 1.2999999523162842 0.0 Pedestrian 
6.404507683103731 12.259779918456502 -5.897802948951721 0.3753577768802643 0.3753577768802643 1.8600000143051147 0.0 Pedestrian 
0.6506871278831454 12.3597594247409 -5.897198796272278 0.3753577768802643 0.3753577768802643 1.8600000143051147 0.0 Pedestrian 
9.802657386920025 12.85200768007087 -5.897170901298523 0.3753577768802643 0.3753577768802643 1.8600000143051147 0.0 Pedestrian 
7.003729184011995 13.688330544729183 -6.177344739437103 0.3753577768802643 0.3753577768802643 1.2999999523162842 0.0 Pedestrian 
-0.2134556190755177 -13.407435924250308 -5.896094918251038 0.3753577768802643 0.3753577768802643 1.8600000143051147 0.0 Pedestrian 
10.51646563972945 -0.8074907630166308 -6.3285000920295715 0.3753577768802643 0.3753577768802643 1.2999999523162842 0.0 Pedestrian 
10.411250004011194 -6.133623594470919 -6.328499913215637 0.3753577768802643 0.3753577768802643 1.2999999523162842 0.0 Pedestrian 
9.91871281739914 10.711297405355708 -6.048500061035156 0.3753577768802643 0.3753577768802643 1.8600000143051147 0.0 Pedestrian 
12.521270859126886 7.452541146220938 -7.008004741743207 5.357479572296143 2.033203125 1.4106584787368774 0.0 Vehicle 
29.598007453144135 -19.79692200530178 -7.005290736909956 4.1928300857543945 1.8161858320236206 1.4738311767578125 0.0 Vehicle 
33.10387675886474 -21.244859418887245 -6.998479900415987 4.791779518127441 2.163450002670288 1.488319993019104 0.0 Vehicle 
29.147032569538197 32.5935490415045 -6.999912586215942 5.006059646606445 2.097083806991577 1.5347249507904053 0.0 Vehicle 
