-1.8652623082927846 12.523636992320348 -5.896581292152405 0.3753577768802643 0.3753577768802643 1.8600000143051147 0.0 Pedestrian 
9.878197484038413 8.849433823410095 -6.430398225784302 0.5 0.5 1.100000023841858 0.0 Pedestrian 
-0.7076475201530101 13.206914229615336 -5.896508097648621 0.3753577768802643 0.3753577768802643 1.8600000143051147 0.0 Pedestrian 
10.222769680684753 9.475041471942177 -6.048500180244446 0.3753577768802643 0.3753577768802643 1.8600000143051147 0.0 Pedestrian 
6.110186936423801 12.425422855494048 -5.896113276481628 0.3753577768802643 0.3753577768802643 1.8600000143051147 0.0 Pedestrian 
15.86942733186882 17.529559888121753 -6.3285000920295715 0.3753577768802643 0.3753577768802643 1.2999999523162842 0.0 Pedestrian 
10.266692458585574 -11.060249868601431 -6.3285000920295715 0.3753577768802643 0.3753577768802643 1.2999999523162842 0.0 Pedestrian 
10.124306812683969 -9.6245470436495 -6.048500180244446 0.3753577768802643 0.3753577768802643 1.8600000143051147 0.0 Pedestrian 
9.321621959283675 -13.102766915785878 -6.176100015640259 0.3753577768802643 0.3753577768802643 1.2999999523162842 0.0 Pedestrian 
16.075255067802726 8.988051776023326 -7.0084347343072295 5.357479572296143 2.033203125 1.4106584787368774 0.0 Vehicle 
29.62660223644076 -22.69125719767908 -7.005181598477066 4.1928300857543945 1.8161858320236206 1.4738311767578125 0.0 Vehicle 
33.132200718072454 -23.954364751967887 -6.998320827493444 4.791779518127441 2.163450002670288 1.488319993019104 0.0 Vehicle 
29.37549763094917 15.615576503442298 -6.9999126243637875 5.006059646606445 2.097083806991577 1.5347249507904053 0.0 Vehicle 
