9.979498159123201 1.7577994006977065 -6.430398225784302 0.5 0.5 1.100000023841858 0.0 Pedestrian 
9.924857143598906 12.766485259597971 -5.896508097648621 0.3753577768802643 0.3753577768802643 1.8600000143051147 0.0 Pedestrian 
1.6689054165875135 13.06180383282981 -5.896100163459778 0.3753577768802643 0.3753577768802643 1.8600000143051147 0.0 Pedestrian 
38.037686891285404 30.019203487148047 -6.176912307739258 0.3753577768802643 0.3753577768802643 1.2999999523162842 0.0 Pedestrian 
1.7290485800591142 12.310596548410672 -5.897802948951721 0.3753577768802643 0.3753577768802643 1.8600000143051147 0.0 Pedestrian 
5.686240567809449 12.198428131052083 -5.897170901298523 0.3753577768802643 0.3753577768802643 1.8600000143051147 0.0 Pedestrian 
9.973692553098822 14.225260736716336 -6.179955303668976 0.3753577768802643 0.3753577768802643 1.2999999523162842 0.0 Pedestrian 
10.355747038407124 -3.79264378136088 -6.3285000920295715 0.3753577768802643 0.3753577768802643 1.2999999523162842 0.0 Pedestrian 
-0.05451056024828915 -12.582521472992994 -5.896100163459778 0.3753577768802643 0.3753577768802643 1.8600000143051147 0.0 Pedestrian 
10.47751734347306 -8.64206962267474 -6.328499913215637 0.3753577768802643 0.3753577768802643 1.2999999523162842 0.0 Pedestrian 
8.736394282363332 12.288888875415068 -5.896100163459778 0.3753577768802643 0.3753577768802643 1.8600000143051147 0.0 Pedestrian 
14.760074948655895 8.143838307121428 -7.009326648898423 5.357479572296143 2.033203125 1.4106584787368774 0.0 Vehicle 
29.623157607436468 -22.33990223391652 -7.005338458810002 4.1928300857543945 1.8161858320236206 1.4738311767578125 0.0 Vehicle 
33.12993485986853 -23.717214017869992 -6.99851861956995 4.791779518127441 2.163450002670288 1.488319993019104 0.0 Vehicle 
29.20568597713728 28.001169372327467 -6.999912395476713 5.006059646606445 2.097083806991577 1.5347249507904053 0.0 Vehicle 
