10.12706598405807 12.50770046995774 -5.896581292152405 0.3753577768802643 0.3753577768802643 1.8600000143051147 0.0 Pedestrian 
7.943289103068686 13.612040651694542 -6.27770721912384 0.5 0.5 1.100000023841858 0.0 Pedestrian 
10.466099360080047 -0.4473109262756907 -6.048500180244446 0.3753577768802643 0.3753577768802643 1.8600000143051147 0.0 Pedestrian 
10.36052833560606 5.61409596942309 -6.048500180244446 0.3753577768802643 0.3753577768802643 1.8600000143051147 0.0 Pedestrian 
6.309038836837768 12.200245664487397 -5.896100163459778 0.3753577768802643 0.3753577768802643 1.8600000143051147 0.0 Pedestrian 
21.870445706949404 15.730764064385994 -6.3285000920295715 0.3753577768802643 0.3753577768802643 1.2999999523162842 0.0 Pedestrian 
11.659806364766027 -13.16218714863544 -6.176100075244904 0.3753577768802643 0.3753577768802643 1.2999999523162842 0.0 Pedestrian 
10.058225335181259 1.4660326416300222 -6.048500180244446 0.3753577768802643 0.3753577768802643 1.8600000143051147 0.0 Pedestrian 
14.566455095713621 -12.69090114157234 -6.3285000920295715 0.3753577768802643 0.3753577768802643 1.2999999523162842 0.0 Pedestrian 
16.89514237454754 9.801544294187124 -7.00671869283542 5.357479572296143 2.033203125 1.4106584787368774 0.0 Vehicle 
29.712950407453604 -31.748929652685433 -7.003840541699901 4.1928300857543945 1.8161858320236206 1.4738311767578125 0.0 Vehicle 
33.132200718072454 -23.954364751967887 -6.998320827493444 4.791779518127441 2.163450002670288 1.488319993019104 0.0 Vehicle 
29.53764002075772 3.7080001937705447 -6.999912662511633 5.006059646606445 2.097083806991577 1.5347249507904053 0.0 Vehicle 
