10.07567961314112 -8.302438743746848 -6.430398225784302 0.5 0.5 1.100000023841858 0.0 Pedestrian 
11.055044908046881 0.9899992455590336 -6.048500061035156 0.3753577768802643 0.3753577768802643 1.8600000143051147 0.0 Pedestrian 
6.67972423541314 12.597924684899226 -5.894415020942688 0.3753577768802643 0.3753577768802643 1.8600000143051147 0.0 Pedestrian 
36.96262695527709 17.484170566601165 -6.3285000920295715 0.3753577768802643 0.3753577768802643 1.2999999523162842 0.0 Pedestrian 
10.267785276484915 8.894261295550791 -6.048500061035156 0.3753577768802643 0.3753577768802643 1.8600000143051147 0.0 Pedestrian 
10.182441582815724 9.861252777373238 -6.048500061035156 0.3753577768802643 0.3753577768802643 1.8600000143051147 0.0 Pedestrian 
11.007334480480525 2.325204512318635 -6.048500061035156 0.3753577768802643 0.3753577768802643 1.8600000143051147 0.0 Pedestrian 
5.028106226009882 -12.338314855044018 -6.176051557064056 0.3753577768802643 0.3753577768802643 1.2999999523162842 0.0 Pedestrian 
10.601857827577808 7.4840308826123305 -6.3285000920295715 0.3753577768802643 0.3753577768802643 1.2999999523162842 0.0 Pedestrian 
10.813582891540626 -7.722583013906274 -6.048500061035156 0.3753577768802643 0.3753577768802643 1.8600000143051147 0.0 Pedestrian 
9.919499954047463 6.9435223775814165 -6.3285000920295715 0.3753577768802643 0.3753577768802643 1.2999999523162842 0.0 Pedestrian 
10.353607036498202 1.9796174871324297 -6.328499913215637 0.3753577768802643 0.3753577768802643 1.2999999523162842 0.0 Pedestrian 
-0.4904069790598058 12.887566729713058 -6.278580129146576 0.5 0.5 1.100000023841858 0.0 Pedestrian 
12.118738335321106 1.124774369482509 -6.048500061035156 0.3753577768802643 0.3753577768802643 1.8600000143051147 0.0 Pedestrian 
22.150067903306663 36.770640549649215 -6.961410962045193 3.987684965133667 1.8508483171463013 1.6171096563339233 0.0 Vehicle 
-0.575464808840275 6.868763512486282 -7.007542857900262 5.357479572296143 2.033203125 1.4106584787368774 0.0 Vehicle 
29.454727213823993 -5.381182800499573 -7.005207538604736 4.1928300857543945 1.8161858320236206 1.4738311767578125 0.0 Vehicle 
32.95256142475884 -6.827691733920801 -6.998326663975604 4.791779518127441 2.163450002670288 1.488319993019104 0.0 Vehicle 
