5.127513211366285 12.43778454889275 -5.896581292152405 0.3753577768802643 0.3753577768802643 1.8600000143051147 0.0 Pedestrian 
10.12002658564618 11.930154799662091 -6.30115020275116 0.5 0.5 1.100000023841858 0.0 Pedestrian 
10.294943632290583 4.863624074784951 -6.048500180244446 0.3753577768802643 0.3753577768802643 1.8600000143051147 0.0 Pedestrian 
10.155548728375823 10.814121748294156 -6.048500180244446 0.3753577768802643 0.3753577768802643 1.8600000143051147 0.0 Pedestrian 
2.071644533043745 12.457638010188475 -5.896100163459778 0.3753577768802643 0.3753577768802643 1.8600000143051147 0.0 Pedestrian 
19.686264833816303 16.710260141646927 -6.3285000920295715 0.3753577768802643 0.3753577768802643 1.2999999523162842 0.0 Pedestrian 
9.245619489854562 -13.04642507994106 -6.176100075244904 0.3753577768802643 0.3753577768802643 1.2999999523162842 0.0 Pedestrian 
10.0148513140864 -3.535849774101166 -6.048500180244446 0.3753577768802643 0.3753577768802643 1.8600000143051147 0.0 Pedestrian 
12.444370949288512 -12.85128020147124 -6.176100015640259 0.3753577768802643 0.3753577768802643 1.2999999523162842 0.0 Pedestrian 
16.707596755014418 9.591023392089937 -7.007534046191722 5.357479572296143 2.033203125 1.4106584787368774 0.0 Vehicle 
29.662339284583354 -26.41272269178137 -7.005210666451603 4.1928300857543945 1.8161858320236206 1.4738311767578125 0.0 Vehicle 
33.132200718072454 -23.954364751967887 -6.998320827493444 4.791779518127441 2.163450002670288 1.488319993019104 0.0 Vehicle 
29.469913292184685 8.743401357205755 -6.999912776947895 5.006059646606445 2.097083806991577 1.5347249507904053 0.0 Vehicle 
