10.029495213682573 -4.363997769788284 -6.430398225784302 0.5 0.5 1.100000023841858 0.0 Pedestrian 
11.016932152334476 7.2620364780823365 -6.048500061035156 0.3753577768802643 0.3753577768802643 1.8600000143051147 0.0 Pedestrian 
-0.1151157728762442 12.654920824368332 -5.894415020942688 0.3753577768802643 0.3753577768802643 1.8600000143051147 0.0 Pedestrian 
37.851064170108664 20.603238283415294 -6.176912307739258 0.3753577768802643 0.3753577768802643 1.2999999523162842 0.0 Pedestrian 
8.149971281280603 12.282070703355885 -5.897802948951721 0.3753577768802643 0.3753577768802643 1.8600000143051147 0.0 Pedestrian 
8.187423696272383 12.958894703744818 -5.897198796272278 0.3753577768802643 0.3753577768802643 1.8600000143051147 0.0 Pedestrian 
10.712678063958474 8.713369019051584 -6.048500061035156 0.3753577768802643 0.3753577768802643 1.8600000143051147 0.0 Pedestrian 
1.5405844954773755 -12.26617796146138 -6.176051557064056 0.3753577768802643 0.3753577768802643 1.2999999523162842 0.0 Pedestrian 
10.159872152069308 11.304173255226942 -6.3285000920295715 0.3753577768802643 0.3753577768802643 1.2999999523162842 0.0 Pedestrian 
8.530346038691818 -12.065911448538372 -5.896094918251038 0.3753577768802643 0.3753577768802643 1.8600000143051147 0.0 Pedestrian 
10.715944740411967 4.1750357895128225 -6.3285000920295715 0.3753577768802643 0.3753577768802643 1.2999999523162842 0.0 Pedestrian 
10.867645692436138 -1.6338013738824202 -6.328499913215637 0.3753577768802643 0.3753577768802643 1.2999999523162842 0.0 Pedestrian 
11.845154283313386 7.466524729829132 -6.048500061035156 0.3753577768802643 0.3753577768802643 1.8600000143051147 0.0 Pedestrian 
22.19889492403925 43.16325708664738 -6.961410887539387 3.987684965133667 1.8508483171463013 1.6171096563339233 0.0 Vehicle 
5.380106853090043 6.869385963695606 -7.007713031489402 5.357479572296143 2.033203125 1.4106584787368774 0.0 Vehicle 
29.51661982673349 -11.598780494778453 -7.005213451106101 4.1928300857543945 1.8161858320236206 1.4738311767578125 0.0 Vehicle 
33.016690787173516 -12.974677513858865 -6.998336658463813 4.791779518127441 2.163450002670288 1.488319993019104 0.0 Vehicle 
