10.06605916250085 -6.215976027902684 -6.430398225784302 0.5 0.5 1.100000023841858 0.0 Pedestrian 
11.026534213674713 4.502342928511693 -6.048500061035156 0.3753577768802643 0.3753577768802643 1.8600000143051147 0.0 Pedestrian 
2.926242728226498 12.560459843644594 -5.894415020942688 0.3753577768802643 0.3753577768802643 1.8600000143051147 0.0 Pedestrian 
37.94270283261168 19.246116430661004 -6.176912307739258 0.3753577768802643 0.3753577768802643 1.2999999523162842 0.0 Pedestrian 
10.379909087657524 12.13290104877774 -5.897802948951721 0.3753577768802643 0.3753577768802643 1.8600000143051147 0.0 Pedestrian 
9.856880415032215 13.151768269584636 -5.899823427200317 0.3753577768802643 0.3753577768802643 1.8600000143051147 0.0 Pedestrian 
11.00409289650128 5.851089983474253 -6.048500061035156 0.3753577768802643 0.3753577768802643 1.8600000143051147 0.0 Pedestrian 
3.056716469115486 -12.516135201238853 -6.176051557064056 0.3753577768802643 0.3753577768802643 1.2999999523162842 0.0 Pedestrian 
10.395735868922063 9.614686915637094 -6.3285000920295715 0.3753577768802643 0.3753577768802643 1.2999999523162842 0.0 Pedestrian 
10.197376370615444 -11.381637065721065 -5.931872248649597 0.3753577768802643 0.3753577768802643 1.8600000143051147 0.0 Pedestrian 
10.237871556133582 5.592470058573269 -6.3285000920295715 0.3753577768802643 0.3753577768802643 1.2999999523162842 0.0 Pedestrian 
10.700601117544398 0.17269237635332502 -6.328499913215637 0.3753577768802643 0.3753577768802643 1.2999999523162842 0.0 Pedestrian 
-2.16730549305786 12.41942254192486 -6.278580129146576 0.5 0.5 1.100000023841858 0.0 Pedestrian 
12.102985540418384 4.432676892551228 -6.048500061035156 0.3753577768802643 0.3753577768802643 1.8600000143051147 0.0 Pedestrian 
22.178729275812884 40.21322735867864 -6.961410962045193 3.987684965133667 1.8508483171463013 1.6171096563339233 0.0 Vehicle 
2.649669175340753 6.848816749181594 -7.007593517191708 5.357479572296143 2.033203125 1.4106584787368774 0.0 Vehicle 
29.48834272183214 -8.740650118722897 -7.005209407769144 4.1928300857543945 1.8161858320236206 1.4738311767578125 0.0 Vehicle 
32.98719365134526 -10.148504821964139 -6.998329944675788 4.791779518127441 2.163450002670288 1.488319993019104 0.0 Vehicle 
