9.902419838478416 8.013699515814892 -6.430398225784302 0.5 0.5 1.100000023841858 0.0 Pedestrian 
0.639400621011724 12.923871435041292 -5.896508097648621 0.3753577768802643 0.3753577768802643 1.8600000143051147 0.0 Pedestrian 
10.108009280570197 10.359695008432595 -6.048500180244446 0.3753577768802643 0.3753577768802643 1.8600000143051147 0.0 Pedestrian 
4.277269237255759 12.85648664871087 -5.896113276481628 0.3753577768802643 0.3753577768802643 1.8600000143051147 0.0 Pedestrian 
15.104383872995655 17.217534907525305 -6.3285000920295715 0.3753577768802643 0.3753577768802643 1.2999999523162842 0.0 Pedestrian 
10.123257464352683 -10.136651575779524 -6.3285000920295715 0.3753577768802643 0.3753577768802643 1.2999999523162842 0.0 Pedestrian 
11.1625007376091 -10.951787359809032 -6.048500180244446 0.3753577768802643 0.3753577768802643 1.8600000143051147 0.0 Pedestrian 
8.350062925564785 -12.936489762331462 -6.176100015640259 0.3753577768802643 0.3753577768802643 1.2999999523162842 0.0 Pedestrian 
-1.7510252379102766 13.004545074522298 -5.896100163459778 0.3753577768802643 0.3753577768802643 1.8600000143051147 0.0 Pedestrian 
15.684006534862345 8.688662037293511 -7.006187686696649 5.357479572296143 2.033203125 1.4106584787368774 0.0 Vehicle 
29.62659870846899 -22.691156169781152 -7.005200671963394 4.1928300857543945 1.8161858320236206 1.4738311767578125 0.0 Vehicle 
33.132200718072454 -23.954364751967887 -6.998320827493444 4.791779518127441 2.163450002670288 1.488319993019104 0.0 Vehicle 
29.356209906378467 16.99075446272377 -6.999912738800049 5.006059646606445 2.097083806991577 1.5347249507904053 0.0 Vehicle 
