3.017229020057414 12.623312485269139 -5.896581292152405 0.3753577768802643 0.3753577768802643 1.8600000143051147 0.0 Pedestrian 
9.98006304369438 10.971794018985292 -6.428500056266785 0.5 0.5 1.100000023841858 0.0 Pedestrian 
10.039642375938104 6.6720706059526265 -6.048500180244446 0.3753577768802643 0.3753577768802643 1.8600000143051147 0.0 Pedestrian 
10.84991452312039 12.016813695920064 -6.048500180244446 0.3753577768802643 0.3753577768802643 1.8600000143051147 0.0 Pedestrian 
0.23945180433932478 12.552705082846614 -5.896100163459778 0.3753577768802643 0.3753577768802643 1.8600000143051147 0.0 Pedestrian 
18.782086421308996 17.109503329159452 -6.3285000920295715 0.3753577768802643 0.3753577768802643 1.2999999523162842 0.0 Pedestrian 
7.989341894102168 -12.864867632327218 -6.176100075244904 0.3753577768802643 0.3753577768802643 1.2999999523162842 0.0 Pedestrian 
10.053833756573468 -5.61229805855362 -6.048500180244446 0.3753577768802643 0.3753577768802643 1.8600000143051147 0.0 Pedestrian 
11.90833358943064 -12.923271312810357 -6.176100015640259 0.3753577768802643 0.3753577768802643 1.2999999523162842 0.0 Pedestrian 
16.70751191460077 9.590829578270359 -7.007472362369299 5.357479572296143 2.033203125 1.4106584787368774 0.0 Vehicle 
29.643815333263845 -24.471791424206344 -7.005207080859691 4.1928300857543945 1.8161858320236206 1.4738311767578125 0.0 Vehicle 
33.132200718072454 -23.954364751967887 -6.998320827493444 4.791779518127441 2.163450002670288 1.488319993019104 0.0 Vehicle 
29.445026005438287 10.575365587024862 -6.999912700652203 5.006059646606445 2.097083806991577 1.5347249507904053 0.0 Vehicle 
