9.964048095596935 2.2990432811996584 -6.430398225784302 0.5 0.5 1.100000023841858 0.0 Pedestrian 
8.565908954902369 12.494435184638064 -5.896508097648621 0.3753577768802643 0.3753577768802643 1.8600000143051147 0.0 Pedestrian 
2.670719623555378 13.021186097175587 -5.896100163459778 0.3753577768802643 0.3753577768802643 1.8600000143051147 0.0 Pedestrian 
37.84713044807465 30.60757139459929 -6.176912307739258 0.3753577768802643 0.3753577768802643 1.2999999523162842 0.0 Pedestrian 
0.7422081183589029 12.391123125865192 -5.897802948951721 0.3753577768802643 0.3753577768802643 1.8600000143051147 0.0 Pedestrian 
4.668016760783885 12.198718541078733 -5.897170901298523 0.3753577768802643 0.3753577768802643 1.8600000143051147 0.0 Pedestrian 
10.584905838362594 14.35683275098188 -6.181176841259003 0.3753577768802643 0.3753577768802643 1.2999999523162842 0.0 Pedestrian 
10.360305769600636 -4.414187859316598 -6.3285000920295715 0.3753577768802643 0.3753577768802643 1.2999999523162842 0.0 Pedestrian 
0.883772950706927 -12.603896540082246 -5.896100163459778 0.3753577768802643 0.3753577768802643 1.8600000143051147 0.0 Pedestrian 
10.498849957351297 -9.073257988214436 -6.328499913215637 0.3753577768802643 0.3753577768802643 1.2999999523162842 0.0 Pedestrian 
7.634668116687081 12.496892825586201 -5.896100163459778 0.3753577768802643 0.3753577768802643 1.8600000143051147 0.0 Pedestrian 
15.14576487140935 8.347506027404222 -7.009732570499182 5.357479572296143 2.033203125 1.4106584787368774 0.0 Vehicle 
29.625757075249084 -22.597536820659457 -7.005293063819408 4.1928300857543945 1.8161858320236206 1.4738311767578125 0.0 Vehicle 
33.1317147409073 -23.890605001491167 -6.998429698986001 4.791779518127441 2.163450002670288 1.488319993019104 0.0 Vehicle 
29.21780818211245 27.083024305365143 -6.9999126243637875 5.006059646606445 2.097083806991577 1.5347249507904053 0.0 Vehicle 
