10.028553910951487 -4.086952020094941 -6.430398225784302 0.5 0.5 1.100000023841858 0.0 Pedestrian 
11.143041416116795 7.8620513709036 -6.048500061035156 0.3753577768802643 0.3753577768802643 1.8600000143051147 0.0 Pedestrian 
-0.6425198904136451 12.663184455193118 -5.894415020942688 0.3753577768802643 0.3753577768802643 1.8600000143051147 0.0 Pedestrian 
37.88111742399891 20.931866549334927 -6.176912307739258 0.3753577768802643 0.3753577768802643 1.2999999523162842 0.0 Pedestrian 
8.149971281280603 12.282070703355885 -5.897802948951721 0.3753577768802643 0.3753577768802643 1.8600000143051147 0.0 Pedestrian 
7.991176464905145 12.89174791163407 -5.897198796272278 0.3753577768802643 0.3753577768802643 1.8600000143051147 0.0 Pedestrian 
10.658845494849693 9.18199204262055 -6.048500061035156 0.3753577768802643 0.3753577768802643 1.8600000143051147 0.0 Pedestrian 
1.2969719389245142 -12.218229427062624 -6.176051557064056 0.3753577768802643 0.3753577768802643 1.2999999523162842 0.0 Pedestrian 
10.110360707482904 11.553741296627663 -6.3285000920295715 0.3753577768802643 0.3753577768802643 1.2999999523162842 0.0 Pedestrian 
8.039894815948458 -12.19417862724049 -5.896094918251038 0.3753577768802643 0.3753577768802643 1.8600000143051147 0.0 Pedestrian 
10.742628853624893 3.9045251454293393 -6.3285000920295715 0.3753577768802643 0.3753577768802643 1.2999999523162842 0.0 Pedestrian 
10.85873426162965 -1.9290725078304831 -6.328499913215637 0.3753577768802643 0.3753577768802643 1.2999999523162842 0.0 Pedestrian 
11.778318147117684 7.836197062056044 -6.048500061035156 0.3753577768802643 0.3753577768802643 1.8600000143051147 0.0 Pedestrian 
22.20151512124329 43.65486276188369 -6.961410887539387 3.987684965133667 1.8508483171463013 1.6171096563339233 0.0 Vehicle 
5.8290538559786675 6.878450784771076 -7.007746105082333 5.357479572296143 2.033203125 1.4106584787368774 0.0 Vehicle 
29.521324170830937 -12.071467059680572 -7.0052145957015455 4.1928300857543945 1.8161858320236206 1.4738311767578125 0.0 Vehicle 
33.021634329820444 -13.442408864547247 -6.998338375124149 4.791779518127441 2.163450002670288 1.488319993019104 0.0 Vehicle 
