9.974350030211138 -0.16545573587882245 -6.430398225784302 0.5 0.5 1.100000023841858 0.0 Pedestrian 
9.918468250795339 9.604699199134075 -6.048500061035156 0.3753577768802643 0.3753577768802643 1.8600000143051147 0.0 Pedestrian 
38.30184782881656 25.53265888040562 -6.176912307739258 0.3753577768802643 0.3753577768802643 1.2999999523162842 0.0 Pedestrian 
8.127965499912925 12.28525906556763 -5.897802948951721 0.3753577768802643 0.3753577768802643 1.8600000143051147 0.0 Pedestrian 
2.589414294969586 12.271430927050915 -5.897198796272278 0.3753577768802643 0.3753577768802643 1.8600000143051147 0.0 Pedestrian 
9.935997938018811 11.515736857960178 -6.048500061035156 0.3753577768802643 0.3753577768802643 1.8600000143051147 0.0 Pedestrian 
-2.6064722043190542 -11.749408070606023 -6.176051557064056 0.3753577768802643 0.3753577768802643 1.2999999523162842 0.0 Pedestrian 
7.988200194456766 13.407202533181476 -6.177344739437103 0.3753577768802643 0.3753577768802643 1.2999999523162842 0.0 Pedestrian 
1.572245320989282 -13.279070105408323 -5.896094918251038 0.3753577768802643 0.3753577768802643 1.8600000143051147 0.0 Pedestrian 
10.627139473563997 0.3009946115059847 -6.3285000920295715 0.3753577768802643 0.3753577768802643 1.2999999523162842 0.0 Pedestrian 
10.369772288016648 -5.2239296618531625 -6.328499913215637 0.3753577768802643 0.3753577768802643 1.2999999523162842 0.0 Pedestrian 
9.879597500141521 10.656600983716203 -6.048500061035156 0.3753577768802643 0.3753577768802643 1.8600000143051147 0.0 Pedestrian 
11.477910964118164 7.279392636776208 -7.009509410709143 5.357479572296143 2.033203125 1.4106584787368774 0.0 Vehicle 
29.58346982499144 -18.33085136016325 -7.005269336514175 4.1928300857543945 1.8161858320236206 1.4738311767578125 0.0 Vehicle 
33.08756813963046 -19.70009208346039 -6.998420200427063 4.791779518127441 2.163450002670288 1.488319993019104 0.0 Vehicle 
29.124768481695227 34.43128054940223 -6.999912128449068 5.006059646606445 2.097083806991577 1.5347249507904053 0.0 Vehicle 
