10.064203514324205 -7.746014157756463 -6.430398225784302 0.5 0.5 1.100000023841858 0.0 Pedestrian 
11.119547295561711 1.9852656398741715 -6.048500061035156 0.3753577768802643 0.3753577768802643 1.8600000143051147 0.0 Pedestrian 
5.6131275941445224 12.588697165173357 -5.894415020942688 0.3753577768802643 0.3753577768802643 1.8600000143051147 0.0 Pedestrian 
37.76070530138223 17.43957390226501 -6.176912307739258 0.3753577768802643 0.3753577768802643 1.2999999523162842 0.0 Pedestrian 
10.16120516755657 9.72479694890228 -6.048500061035156 0.3753577768802643 0.3753577768802643 1.8600000143051147 0.0 Pedestrian 
10.092448316135172 10.765515644637617 -6.048500061035156 0.3753577768802643 0.3753577768802643 1.8600000143051147 0.0 Pedestrian 
11.026157032786987 3.322154196231878 -6.048500061035156 0.3753577768802643 0.3753577768802643 1.8600000143051147 0.0 Pedestrian 
4.4873854226850085 -12.341335603512562 -6.176051557064056 0.3753577768802643 0.3753577768802643 1.2999999523162842 0.0 Pedestrian 
10.50511686321104 8.103640075724797 -6.3285000920295715 0.3753577768802643 0.3753577768802643 1.2999999523162842 0.0 Pedestrian 
10.71136101639005 -8.711081909381278 -6.048500061035156 0.3753577768802643 0.3753577768802643 1.8600000143051147 0.0 Pedestrian 
9.96623568048585 6.745895590002476 -6.3285000920295715 0.3753577768802643 0.3753577768802643 1.2999999523162842 0.0 Pedestrian 
10.466485297978737 1.4487949014442734 -6.328499913215637 0.3753577768802643 0.3753577768802643 1.2999999523162842 0.0 Pedestrian 
-1.0426671574452016 12.77951842948221 -6.278580129146576 0.5 0.5 1.100000023841858 0.0 Pedestrian 
12.115630981813025 2.068961451052985 -6.048500061035156 0.3753577768802643 0.3753577768802643 1.8600000143051147 0.0 Pedestrian 
22.158558975424967 37.754329941936476 -6.9614108093082905 3.987684965133667 1.8508483171463013 1.6171096563339233 0.0 Vehicle 
0.3482936004002468 6.860215270256845 -7.007552051451057 5.357479572296143 2.033203125 1.4106584787368774 0.0 Vehicle 
29.46420636951514 -6.34256492484019 -7.005207919981331 4.1928300857543945 1.8161858320236206 1.4738311767578125 0.0 Vehicle 
32.96229574477279 -7.778017530230045 -6.998327274341136 4.791779518127441 2.163450002670288 1.488319993019104 0.0 Vehicle 
