9.933292153005521 5.461197033728439 -6.430398225784302 0.5 0.5 1.100000023841858 0.0 Pedestrian 
4.6911803264372125 12.482421285130613 -5.896508097648621 0.3753577768802643 0.3753577768802643 1.8600000143051147 0.0 Pedestrian 
6.6825247094625695 12.519915701545983 -5.896100163459778 0.3753577768802643 0.3753577768802643 1.8600000143051147 0.0 Pedestrian 
0.9278540735190788 13.00800613951094 -5.896113276481628 0.3753577768802643 0.3753577768802643 1.8600000143051147 0.0 Pedestrian 
-1.0004605998333886 12.663495772684882 -5.897170901298523 0.3753577768802643 0.3753577768802643 1.8600000143051147 0.0 Pedestrian 
12.800459386672166 16.112683807425242 -6.178647100925446 0.3753577768802643 0.3753577768802643 1.2999999523162842 0.0 Pedestrian 
10.295701826904967 -7.744803562268885 -6.3285000920295715 0.3753577768802643 0.3753577768802643 1.2999999523162842 0.0 Pedestrian 
7.178931470378629 -12.415097164065287 -5.896100163459778 0.3753577768802643 0.3753577768802643 1.8600000143051147 0.0 Pedestrian 
10.135627144851725 -12.429947666804196 -6.176100015640259 0.3753577768802643 0.3753577768802643 1.2999999523162842 0.0 Pedestrian 
2.39471002172818 12.456535375478666 -5.896100163459778 0.3753577768802643 0.3753577768802643 1.8600000143051147 0.0 Pedestrian 
15.647639408381227 8.664572954289724 -7.007512493059039 5.357479572296143 2.033203125 1.4106584787368774 0.0 Vehicle 
29.62659790968293 -22.691133295540112 -7.005204486660659 4.1928300857543945 1.8161858320236206 1.4738311767578125 0.0 Vehicle 
33.132200718072454 -23.954364751967887 -6.998320827493444 4.791779518127441 2.163450002670288 1.488319993019104 0.0 Vehicle 
29.29252108040251 21.576488438012916 -6.999912586215942 5.006059646606445 2.097083806991577 1.5347249507904053 0.0 Vehicle 
