9.97214765043201 1.0562476045497533 -6.430398225784302 0.5 0.5 1.100000023841858 0.0 Pedestrian 
10.184886230101995 11.178549207555307 -6.048500061035156 0.3753577768802643 0.3753577768802643 1.8600000143051147 0.0 Pedestrian 
0.04855671435304032 13.134156170710753 -5.896100163459778 0.3753577768802643 0.3753577768802643 1.8600000143051147 0.0 Pedestrian 
38.27310040635368 29.057465441172326 -6.176912307739258 0.3753577768802643 0.3753577768802643 1.2999999523162842 0.0 Pedestrian 
3.196730376038019 12.238280652888875 -5.897802948951721 0.3753577768802643 0.3753577768802643 1.8600000143051147 0.0 Pedestrian 
-2.881863602081374 12.658036939236467 -5.897198796272278 0.3753577768802643 0.3753577768802643 1.8600000143051147 0.0 Pedestrian 
6.988914156253056 12.233839167874862 -5.897170901298523 0.3753577768802643 0.3753577768802643 1.8600000143051147 0.0 Pedestrian 
9.153285227756541 14.097356491497521 -6.177344739437103 0.3753577768802643 0.3753577768802643 1.2999999523162842 0.0 Pedestrian 
10.344541509410824 -2.8277329878549153 -6.3285000920295715 0.3753577768802643 0.3753577768802643 1.2999999523162842 0.0 Pedestrian 
-1.3370122767105812 -12.527068588689872 -5.896100163459778 0.3753577768802643 0.3753577768802643 1.8600000143051147 0.0 Pedestrian 
10.43913844239784 -7.889757827216272 -6.328499913215637 0.3753577768802643 0.3753577768802643 1.2999999523162842 0.0 Pedestrian 
9.510986319639741 12.6217280112877 -5.896100163459778 0.3753577768802643 0.3753577768802643 1.8600000143051147 0.0 Pedestrian 
13.983091316810745 7.853689448119383 -7.0088090701028705 5.357479572296143 2.033203125 1.4106584787368774 0.0 Vehicle 
29.616656413451224 -21.688092110097728 -7.0053239250555634 4.1928300857543945 1.8161858320236206 1.4738311767578125 0.0 Vehicle 
33.124888369074824 -23.23472965305575 -6.998523159069009 4.791779518127441 2.163450002670288 1.488319993019104 0.0 Vehicle 
29.18764827508501 29.378589588340333 -6.999912586215942 5.006059646606445 2.097083806991577 1.5347249507904053 0.0 Vehicle 
