10.088295978352733 -2.27767546425855 -6.430398225784302 0.5 0.5 1.100000023841858 0.0 Pedestrian 
10.010770038328527 8.961807408401341 -6.048500061035156 0.3753577768802643 0.3753577768802643 1.8600000143051147 0.0 Pedestrian 
38.06143698062313 22.90363519175935 -6.176912307739258 0.3753577768802643 0.3753577768802643 1.2999999523162842 0.0 Pedestrian 
8.149971281280603 12.282070703355885 -5.897802948951721 0.3753577768802643 0.3753577768802643 1.8600000143051147 0.0 Pedestrian 
5.894891995295168 12.46738465406861 -5.897198796272278 0.3753577768802643 0.3753577768802643 1.8600000143051147 0.0 Pedestrian 
10.139191162123701 11.165365974506926 -6.048500061035156 0.3753577768802643 0.3753577768802643 1.8600000143051147 0.0 Pedestrian 
-0.08417015295140118 -11.95660171337488 -6.176051557064056 0.3753577768802643 0.3753577768802643 1.2999999523162842 0.0 Pedestrian 
9.866297546935861 13.011514274263618 -6.177344739437103 0.3753577768802643 0.3753577768802643 1.2999999523162842 0.0 Pedestrian 
5.247727927963709 -12.800177439681875 -5.896094918251038 0.3753577768802643 0.3753577768802643 1.8600000143051147 0.0 Pedestrian 
10.659887438781064 2.366048804972877 -6.3285000920295715 0.3753577768802643 0.3753577768802643 1.2999999523162842 0.0 Pedestrian 
10.630069444052996 -3.5810468828027524 -6.328499913215637 0.3753577768802643 0.3753577768802643 1.2999999523162842 0.0 Pedestrian 
10.786451139899143 10.690111676784795 -6.048500061035156 0.3753577768802643 0.3753577768802643 1.8600000143051147 0.0 Pedestrian 
8.449414217495196 6.98193121176439 -7.0081067848950624 5.357479572296143 2.033203125 1.4106584787368774 0.0 Vehicle 
29.549013623074046 -14.86511218453984 -7.00522665027529 4.1928300857543945 1.8161858320236206 1.4738311767578125 0.0 Vehicle 
33.05080889812784 -16.212561792571933 -6.998356456751935 4.791779518127441 2.163450002670288 1.488319993019104 0.0 Vehicle 
29.082453364457365 38.10807855582618 -6.999912433624559 5.006059646606445 2.097083806991577 1.5347249507904053 0.0 Vehicle 
