10.013657145238955 -0.01263032649262641 -6.430398225784302 0.5 0.5 1.100000023841858 0.0 Pedestrian 
9.904859360066403 9.776670842085764 -6.048500061035156 0.3753577768802643 0.3753577768802643 1.8600000143051147 0.0 Pedestrian 
38.391317968415336 26.5186169301071 -6.176912307739258 0.3753577768802643 0.3753577768802643 1.2999999523162842 0.0 Pedestrian 
6.854957493159159 12.230619400951582 -5.897802948951721 0.3753577768802643 0.3753577768802643 1.8600000143051147 0.0 Pedestrian 
1.1564030147334492 12.334660171037058 -5.897198796272278 0.3753577768802643 0.3753577768802643 1.8600000143051147 0.0 Pedestrian 
10.266081189109563 12.645009486953313 -5.897170901298523 0.3753577768802643 0.3753577768802643 1.8600000143051147 0.0 Pedestrian 
6.686060540570033 13.591726464238945 -6.177344739437103 0.3753577768802643 0.3753577768802643 1.2999999523162842 0.0 Pedestrian 
0.24411119293843342 -13.307675603503867 -5.896094918251038 0.3753577768802643 0.3753577768802643 1.8600000143051147 0.0 Pedestrian 
10.549906205969261 -0.5496291809533886 -6.3285000920295715 0.3753577768802643 0.3753577768802643 1.2999999523162842 0.0 Pedestrian 
10.395357300087554 -5.891442665269665 -6.328499913215637 0.3753577768802643 0.3753577768802643 1.2999999523162842 0.0 Pedestrian 
9.906121847944046 10.659993507999502 -6.048500061035156 0.3753577768802643 0.3753577768802643 1.8600000143051147 0.0 Pedestrian 
12.301303476296848 7.412754262565272 -7.008942928165197 5.357479572296143 2.033203125 1.4106584787368774 0.0 Vehicle 
29.594613300049943 -19.45531967999227 -7.005284938495606 4.1928300857543945 1.8161858320236206 1.4738311767578125 0.0 Vehicle 
33.09997472167613 -20.878219893303026 -6.9984635735163465 4.791779518127441 2.163450002670288 1.488319993019104 0.0 Vehicle 
29.14135733669724 33.05293945739788 -6.999912395476713 5.006059646606445 2.097083806991577 1.5347249507904053 0.0 Vehicle 
