10.035877335296483 -4.656937500652248 -6.430398225784302 0.5 0.5 1.100000023841858 0.0 Pedestrian 
11.342551155510028 6.740096532346399 -6.048500061035156 0.3753577768802643 0.3753577768802643 1.8600000143051147 0.0 Pedestrian 
0.4087393090089009 12.649039133793394 -5.894415020942688 0.3753577768802643 0.3753577768802643 1.8600000143051147 0.0 Pedestrian 
37.82101091621842 20.27461001749566 -6.176912307739258 0.3753577768802643 0.3753577768802643 1.2999999523162842 0.0 Pedestrian 
8.149971281280603 12.282070703355885 -5.897802948951721 0.3753577768802643 0.3753577768802643 1.8600000143051147 0.0 Pedestrian 
8.017135860494726 12.889894726362058 -5.897198796272278 0.3753577768802643 0.3753577768802643 1.8600000143051147 0.0 Pedestrian 
10.806856833160243 8.283869484141519 -6.048500061035156 0.3753577768802643 0.3753577768802643 1.8600000143051147 0.0 Pedestrian 
1.7869673284058365 -12.314319849395247 -6.176051557064056 0.3753577768802643 0.3753577768802643 1.2999999523162842 0.0 Pedestrian 
10.221438937033874 11.046482744860441 -6.3285000920295715 0.3753577768802643 0.3753577768802643 1.2999999523162842 0.0 Pedestrian 
9.02818301814321 -11.961139684830641 -5.896094918251038 0.3753577768802643 0.3753577768802643 1.8600000143051147 0.0 Pedestrian 
10.679355554048621 4.4327548480824905 -6.3285000920295715 0.3753577768802643 0.3753577768802643 1.2999999523162842 0.0 Pedestrian 
10.829147510330849 -1.286875374663623 -6.328499913215637 0.3753577768802643 0.3753577768802643 1.2999999523162842 0.0 Pedestrian 
-3.0521544907162337 12.08719477055979 -6.278580129146576 0.5 0.5 1.100000023841858 0.0 Pedestrian 
11.999278365682567 6.885666829543879 -6.048500061035156 0.3753577768802643 0.3753577768802643 1.8600000143051147 0.0 Pedestrian 
22.196000635335764 42.67163038885781 -6.961410962045193 3.987684965133667 1.8508483171463013 1.6171096563339233 0.0 Vehicle 
4.928857242180262 6.86198773728546 -7.00768560403958 5.357479572296143 2.033203125 1.4106584787368774 0.0 Vehicle 
29.511991481824225 -11.124772494637455 -7.00521253561601 4.1928300857543945 1.8161858320236206 1.4738311767578125 0.0 Vehicle 
33.01185926763975 -12.505781876384049 -6.99833509454038 4.791779518127441 2.163450002670288 1.488319993019104 0.0 Vehicle 
