9.99022096983046 -0.4153206143590751 -6.430398225784302 0.5 0.5 1.100000023841858 0.0 Pedestrian 
9.920141228948388 9.549795836080307 -6.048500061035156 0.3753577768802643 0.3753577768802643 1.8600000143051147 0.0 Pedestrian 
38.271809691289334 25.204034959383534 -6.176912307739258 0.3753577768802643 0.3753577768802643 1.2999999523162842 0.0 Pedestrian 
8.604384612716206 12.291999878736647 -5.897802948951721 0.3753577768802643 0.3753577768802643 1.8600000143051147 0.0 Pedestrian 
3.0509719732379708 12.249475029968607 -5.897198796272278 0.3753577768802643 0.3753577768802643 1.8600000143051147 0.0 Pedestrian 
9.958775281187208 11.43711290358874 -6.048500061035156 0.3753577768802643 0.3753577768802643 1.8600000143051147 0.0 Pedestrian 
-2.2791777299275253 -11.761433345520231 -6.176051557064056 0.3753577768802643 0.3753577768802643 1.2999999523162842 0.0 Pedestrian 
8.236304819534169 13.334676559181275 -6.177344739437103 0.3753577768802643 0.3753577768802643 1.2999999523162842 0.0 Pedestrian 
2.0190221967607442 -13.22972201753555 -5.896094918251038 0.3753577768802643 0.3753577768802643 1.8600000143051147 0.0 Pedestrian 
10.630344805843096 0.6556084573360863 -6.3285000920295715 0.3753577768802643 0.3753577768802643 1.2999999523162842 0.0 Pedestrian 
10.361763778071584 -5.002903129360561 -6.328499913215637 0.3753577768802643 0.3753577768802643 1.2999999523162842 0.0 Pedestrian 
9.973772804343593 10.65305384740418 -6.048500061035156 0.3753577768802643 0.3753577768802643 1.8600000143051147 0.0 Pedestrian 
11.152321259890368 7.23429248177024 -7.009358768351376 5.357479572296143 2.033203125 1.4106584787368774 0.0 Vehicle 
29.57943465232256 -17.926733322392465 -7.005261478479952 4.1928300857543945 1.8161858320236206 1.4738311767578125 0.0 Vehicle 
33.083203933669836 -19.28655176456789 -6.998408298473805 4.791779518127441 2.163450002670288 1.488319993019104 0.0 Vehicle 
29.119272648245314 34.89078028966878 -6.999912548068096 5.006059646606445 2.097083806991577 1.5347249507904053 0.0 Vehicle 
