9.936855900509 5.938899589876485 -6.430398225784302 0.5 0.5 1.100000023841858 0.0 Pedestrian 
3.576987629055232 12.433561842824133 -5.896508097648621 0.3753577768802643 0.3753577768802643 1.8600000143051147 0.0 Pedestrian 
7.534526934538114 12.470158739620501 -5.896100163459778 0.3753577768802643 0.3753577768802643 1.8600000143051147 0.0 Pedestrian 
2.0560920247360386 12.800256682408303 -5.896113276481628 0.3753577768802643 0.3753577768802643 1.8600000143051147 0.0 Pedestrian 
-2.0076212697191664 12.722114918169723 -5.897170901298523 0.3753577768802643 0.3753577768802643 1.8600000143051147 0.0 Pedestrian 
13.247347403455883 16.38052023832131 -6.176100015640259 0.3753577768802643 0.3753577768802643 1.2999999523162842 0.0 Pedestrian 
10.257999195141345 -8.243071691671958 -6.3285000920295715 0.3753577768802643 0.3753577768802643 1.2999999523162842 0.0 Pedestrian 
7.194613209551505 -12.419509766487636 -5.896100163459778 0.3753577768802643 0.3753577768802643 1.8600000143051147 0.0 Pedestrian 
9.495715933568064 -12.881302380936063 -6.176100015640259 0.3753577768802643 0.3753577768802643 1.2999999523162842 0.0 Pedestrian 
1.7589298434179028 12.305303767649093 -5.896100163459778 0.3753577768802643 0.3753577768802643 1.8600000143051147 0.0 Pedestrian 
15.647532861619556 8.664563508061178 -7.007603511679918 5.357479572296143 2.033203125 1.4106584787368774 0.0 Vehicle 
29.62659790968293 -22.691133295540112 -7.005204486660659 4.1928300857543945 1.8161858320236206 1.4738311767578125 0.0 Vehicle 
33.132200718072454 -23.954364751967887 -6.998320827493444 4.791779518127441 2.163450002670288 1.488319993019104 0.0 Vehicle 
29.305013345716844 20.659113972816726 -6.999912662511633 5.006059646606445 2.097083806991577 1.5347249507904053 0.0 Vehicle 
