-0.5644429218282312 12.636192579618069 -5.896581292152405 0.3753577768802643 0.3753577768802643 1.8600000143051147 0.0 Pedestrian 
10.072371342969134 9.436785083952032 -6.428500056266785 0.5 0.5 1.100000023841858 0.0 Pedestrian 
-2.2303626640644225 13.365567422137701 -5.896508097648621 0.3753577768802643 0.3753577768802643 1.8600000143051147 0.0 Pedestrian 
10.170485723124276 8.897644938111966 -6.048500180244446 0.3753577768802643 0.3753577768802643 1.8600000143051147 0.0 Pedestrian 
6.660013776194468 12.491224304909224 -5.896113276481628 0.3753577768802643 0.3753577768802643 1.8600000143051147 0.0 Pedestrian 
16.67891406987757 17.437216553990766 -6.3285000920295715 0.3753577768802643 0.3753577768802643 1.2999999523162842 0.0 Pedestrian 
10.011401611703747 -12.008779312720662 -6.176100075244904 0.3753577768802643 0.3753577768802643 1.2999999523162842 0.0 Pedestrian 
10.096935524270023 -9.201443116513587 -6.048500180244446 0.3753577768802643 0.3753577768802643 1.8600000143051147 0.0 Pedestrian 
9.649316470180139 -13.164285957766424 -6.176100015640259 0.3753577768802643 0.3753577768802643 1.2999999523162842 0.0 Pedestrian 
16.428613612609556 9.308710369454275 -7.0092739295214415 5.357479572296143 2.033203125 1.4106584787368774 0.0 Vehicle 
29.626605225895133 -22.691780025373532 -7.005072498228401 4.1928300857543945 1.8161858320236206 1.4738311767578125 0.0 Vehicle 
33.132200718072454 -23.954364751967887 -6.998320827493444 4.791779518127441 2.163450002670288 1.488319993019104 0.0 Vehicle 
29.39476131937917 14.240649628288224 -6.999912586215942 5.006059646606445 2.097083806991577 1.5347249507904053 0.0 Vehicle 
