5.816044489819497 12.416318230041611 -5.896581292152405 0.3753577768802643 0.3753577768802643 1.8600000143051147 0.0 Pedestrian 
9.94068532526796 12.234525653902892 -6.27770721912384 0.5 0.5 1.100000023841858 0.0 Pedestrian 
10.382026928069944 4.374979772755216 -6.048500180244446 0.3753577768802643 0.3753577768802643 1.8600000143051147 0.0 Pedestrian 
9.97148705443309 10.429068916228402 -6.048500180244446 0.3753577768802643 0.3753577768802643 1.8600000143051147 0.0 Pedestrian 
2.4990761547314477 12.416060865909458 -5.896100163459778 0.3753577768802643 0.3753577768802643 1.8600000143051147 0.0 Pedestrian 
19.915038398934435 16.61067394385566 -6.3285000920295715 0.3753577768802643 0.3753577768802643 1.2999999523162842 0.0 Pedestrian 
9.52794399303778 -13.082778783441995 -6.176100075244904 0.3753577768802643 0.3753577768802643 1.2999999523162842 0.0 Pedestrian 
10.021703716938394 -3.0255279237019295 -6.048500180244446 0.3753577768802643 0.3753577768802643 1.8600000143051147 0.0 Pedestrian 
12.72391797425 -12.791045715610835 -6.176100015640259 0.3753577768802643 0.3753577768802643 1.2999999523162842 0.0 Pedestrian 
16.707505640801912 9.59100923637186 -7.007589092012495 5.357479572296143 2.033203125 1.4106584787368774 0.0 Vehicle 
29.66697613317436 -26.89790472846414 -7.005215358454734 4.1928300857543945 1.8161858320236206 1.4738311767578125 0.0 Vehicle 
33.132200718072454 -23.954364751967887 -6.998320827493444 4.791779518127441 2.163450002670288 1.488319993019104 0.0 Vehicle 
29.47613260726398 8.285482079595909 -6.999912853243586 5.006059646606445 2.097083806991577 1.5347249507904053 0.0 Vehicle 
