10.308805946923666 11.637956797849483 -6.0485000014305115 0.3753577768802643 0.3753577768802643 1.8600000143051147 0.0 Pedestrian 
7.4978842876749425 13.796227746225782 -6.27770721912384 0.5 0.5 1.100000023841858 0.0 Pedestrian 
10.102954619074733 -1.1798502265377238 -6.048500180244446 0.3753577768802643 0.3753577768802643 1.8600000143051147 0.0 Pedestrian 
10.506975496478672 4.455585393672999 -6.048500180244446 0.3753577768802643 0.3753577768802643 1.8600000143051147 0.0 Pedestrian 
7.191694102356486 12.237209776258737 -5.896100163459778 0.3753577768802643 0.3753577768802643 1.8600000143051147 0.0 Pedestrian 
22.18074681599846 15.497067239393232 -6.3285000920295715 0.3753577768802643 0.3753577768802643 1.2999999523162842 0.0 Pedestrian 
11.750600510673323 -13.082027202635572 -6.176100075244904 0.3753577768802643 0.3753577768802643 1.2999999523162842 0.0 Pedestrian 
10.049243934496474 2.8197763804680847 -6.048500180244446 0.3753577768802643 0.3753577768802643 1.8600000143051147 0.0 Pedestrian 
14.963902068872997 -12.656892919702045 -6.3285000920295715 0.3753577768802643 0.3753577768802643 1.2999999523162842 0.0 Pedestrian 
17.1722687215345 10.15276893623377 -7.0074382587336 5.357479572296143 2.033203125 1.4106584787368774 0.0 Vehicle 
29.72275844200945 -32.718855194099774 -7.0032036018092185 4.1928300857543945 1.8161858320236206 1.4738311767578125 0.0 Vehicle 
33.132200718072454 -23.954364751967887 -6.998320827493444 4.791779518127441 2.163450002670288 1.488319993019104 0.0 Vehicle 
29.549640221810048 2.792911641289834 -6.999912700652203 5.006059646606445 2.097083806991577 1.5347249507904053 0.0 Vehicle 
