9.918138981954138 6.733716818723849 -6.430398225784302 0.5 0.5 1.100000023841858 0.0 Pedestrian 
2.381164360674113 12.467110722346433 -5.896508097648621 0.3753577768802643 0.3753577768802643 1.8600000143051147 0.0 Pedestrian 
9.059047587392374 12.170172245129038 -5.896100163459778 0.3753577768802643 0.3753577768802643 1.8600000143051147 0.0 Pedestrian 
2.7504787701210276 12.550338013985652 -5.896113276481628 0.3753577768802643 0.3753577768802643 1.8600000143051147 0.0 Pedestrian 
14.176242917864023 16.788442307597393 -6.302371859550476 0.3753577768802643 0.3753577768802643 1.2999999523162842 0.0 Pedestrian 
10.179725224951973 -8.977761138829123 -6.3285000920295715 0.3753577768802643 0.3753577768802643 1.2999999523162842 0.0 Pedestrian 
8.66173795060783 -12.031657242873735 -5.896100163459778 0.3753577768802643 0.3753577768802643 1.8600000143051147 0.0 Pedestrian 
8.845000253742128 -12.859736959557836 -6.176100015640259 0.3753577768802643 0.3753577768802643 1.2999999523162842 0.0 Pedestrian 
0.6413956690756137 12.629766993226212 -5.896100163459778 0.3753577768802643 0.3753577768802643 1.8600000143051147 0.0 Pedestrian 
15.648006244948057 8.6645614309856 -7.0071087456308305 5.357479572296143 2.033203125 1.4106584787368774 0.0 Vehicle 
29.62659790968293 -22.691133295540112 -7.005204486660659 4.1928300857543945 1.8161858320236206 1.4738311767578125 0.0 Vehicle 
33.132200718072454 -23.954364751967887 -6.998320827493444 4.791779518127441 2.163450002670288 1.488319993019104 0.0 Vehicle 
29.324034328283055 19.2832673080552 -6.999912586215942 5.006059646606445 2.097083806991577 1.5347249507904053 0.0 Vehicle 
