10.06704149040565 -2.9137944886549576 -6.430398225784302 0.5 0.5 1.100000023841858 0.0 Pedestrian 
10.499692502525182 9.04291055519036 -6.048500061035156 0.3753577768802643 0.3753577768802643 1.8600000143051147 0.0 Pedestrian 
-2.6953600962974775 12.754117173111808 -5.894415020942688 0.3753577768802643 0.3753577768802643 1.8600000143051147 0.0 Pedestrian 
38.00133047284264 22.246378659920083 -6.176912307739258 0.3753577768802643 0.3753577768802643 1.2999999523162842 0.0 Pedestrian 
8.149971281280603 12.282070703355885 -5.897802948951721 0.3753577768802643 0.3753577768802643 1.8600000143051147 0.0 Pedestrian 
6.77720290882354 12.636194353194924 -5.897198796272278 0.3753577768802643 0.3753577768802643 1.8600000143051147 0.0 Pedestrian 
10.327246978233745 10.877273201461662 -6.048500061035156 0.3753577768802643 0.3753577768802643 1.8600000143051147 0.0 Pedestrian 
0.3492725509854182 -12.02821694119416 -6.176051557064056 0.3753577768802643 0.3753577768802643 1.2999999523162842 0.0 Pedestrian 
10.000821543329522 12.553834066907257 -6.177344739437103 0.3753577768802643 0.3753577768802643 1.2999999523162842 0.0 Pedestrian 
6.135775246023641 -12.621622956033889 -5.896094918251038 0.3753577768802643 0.3753577768802643 1.8600000143051147 0.0 Pedestrian 
10.705575926465979 2.7707331944523332 -6.3285000920295715 0.3753577768802643 0.3753577768802643 1.2999999523162842 0.0 Pedestrian 
10.725405360458922 -3.141258805247162 -6.328499913215637 0.3753577768802643 0.3753577768802643 1.2999999523162842 0.0 Pedestrian 
11.267943639799768 9.831466833540503 -6.048500061035156 0.3753577768802643 0.3753577768802643 1.8600000143051147 0.0 Pedestrian 
7.5940507215622155 6.936439619800126 -7.007948284037411 5.357479572296143 2.033203125 1.4106584787368774 0.0 Vehicle 
29.539925038322238 -13.944208350562008 -7.005221347790211 4.1928300857543945 1.8161858320236206 1.4738311767578125 0.0 Vehicle 
33.04114121465456 -15.297810227882678 -6.998348751105368 4.791779518127441 2.163450002670288 1.488319993019104 0.0 Vehicle 
29.072300092894835 39.02755390540585 -6.999912319188297 5.006059646606445 2.097083806991577 1.5347249507904053 0.0 Vehicle 
