9.960168089259133 2.8421263974592534 -6.430398225784302 0.5 0.5 1.100000023841858 0.0 Pedestrian 
8.533237417165822 12.07595247558561 -5.896508097648621 0.3753577768802643 0.3753577768802643 1.8600000143051147 0.0 Pedestrian 
3.509081847283845 13.044168079597057 -5.896100163459778 0.3753577768802643 0.3753577768802643 1.8600000143051147 0.0 Pedestrian 
37.545533603131474 31.106182495746566 -6.176912307739258 0.3753577768802643 0.3753577768802643 1.2999999523162842 0.0 Pedestrian 
-0.24743005337575852 12.469568107669943 -5.897802948951721 0.3753577768802643 0.3753577768802643 1.8600000143051147 0.0 Pedestrian 
3.754157117970557 12.197066261108148 -5.897170901298523 0.3753577768802643 0.3753577768802643 1.8600000143051147 0.0 Pedestrian 
11.289823452206257 14.49047463025181 -6.178647100925446 0.3753577768802643 0.3753577768802643 1.2999999523162842 0.0 Pedestrian 
10.365964151197964 -5.024374156282306 -6.3285000920295715 0.3753577768802643 0.3753577768802643 1.2999999523162842 0.0 Pedestrian 
1.9904553493828416 -12.634657170369564 -5.896100163459778 0.3753577768802643 0.3753577768802643 1.8600000143051147 0.0 Pedestrian 
10.49890226277477 -9.622156408785486 -6.328499913215637 0.3753577768802643 0.3753577768802643 1.2999999523162842 0.0 Pedestrian 
6.880613779674622 12.169239661119946 -5.896100163459778 0.3753577768802643 0.3753577768802643 1.8600000143051147 0.0 Pedestrian 
15.425254100147699 8.517389147335223 -7.009734096005559 5.357479572296143 2.033203125 1.4106584787368774 0.0 Vehicle 
29.626615082944667 -22.686815643339628 -7.005211429670453 4.1928300857543945 1.8161858320236206 1.4738311767578125 0.0 Vehicle 
33.13219630613047 -23.950740643130985 -6.998336010030471 4.791779518127441 2.163450002670288 1.488319993019104 0.0 Vehicle 
29.230002973454972 26.164986741294456 -6.999912586215942 5.006059646606445 2.097083806991577 1.5347249507904053 0.0 Vehicle 
