9.975348667156224 0.5632136720001313 -6.430398225784302 0.5 0.5 1.100000023841858 0.0 Pedestrian 
9.882296196557647 9.935731234922855 -6.048500061035156 0.3753577768802643 0.3753577768802643 1.8600000143051147 0.0 Pedestrian 
-2.100428702954538 13.235203605088827 -5.896100163459778 0.3753577768802643 0.3753577768802643 1.8600000143051147 0.0 Pedestrian 
38.51611372950599 27.83131471761203 -6.176912307739258 0.3753577768802643 0.3753577768802643 1.2999999523162842 0.0 Pedestrian 
5.0521300944863725 12.204001815618085 -5.897802948951721 0.3753577768802643 0.3753577768802643 1.8600000143051147 0.0 Pedestrian 
-0.8710724356813415 12.473996759340594 -5.897198796272278 0.3753577768802643 0.3753577768802643 1.8600000143051147 0.0 Pedestrian 
7.969920295417406 12.238625424467955 -5.897170901298523 0.3753577768802643 0.3753577768802643 1.8600000143051147 0.0 Pedestrian 
7.945138795411275 13.92109131077791 -6.177344739437103 0.3753577768802643 0.3753577768802643 1.2999999523162842 0.0 Pedestrian 
-1.5462683556773555 -13.320426875151497 -5.896094918251038 0.3753577768802643 0.3753577768802643 1.8600000143051147 0.0 Pedestrian 
10.49764879946743 -1.587305222318264 -6.3285000920295715 0.3753577768802643 0.3753577768802643 1.2999999523162842 0.0 Pedestrian 
-2.831738187867785 -12.434079387259544 -5.896100163459778 0.3753577768802643 0.3753577768802643 1.8600000143051147 0.0 Pedestrian 
10.413238554245169 -6.848148485744332 -6.328499913215637 0.3753577768802643 0.3753577768802643 1.2999999523162842 0.0 Pedestrian 
9.971443605453015 11.078711753454286 -6.048500061035156 0.3753577768802643 0.3753577768802643 1.8600000143051147 0.0 Pedestrian 
13.032110896910815 7.5627128936712325 -7.003728847485036 5.357479572296143 2.033203125 1.4106584787368774 0.0 Vehicle 
29.606530600774917 -20.66009785071344 -7.005217838101089 4.1928300857543945 1.8161858320236206 1.4738311767578125 0.0 Vehicle 
33.11437251825258 -22.23666492828977 -6.998506908421405 4.791779518127441 2.163450002670288 1.488319993019104 0.0 Vehicle 
29.16414430665381 31.215537296282378 -6.999912395476713 5.006059646606445 2.097083806991577 1.5347249507904053 0.0 Vehicle 
