10.179775867175298 -1.9110979844917892 -6.430398225784302 0.5 0.5 1.100000023841858 0.0 Pedestrian 
9.942081012564806 9.066679950809089 -6.048500061035156 0.3753577768802643 0.3753577768802643 1.8600000143051147 0.0 Pedestrian 
38.09149023451337 23.232263457678982 -6.176912307739258 0.3753577768802643 0.3753577768802643 1.2999999523162842 0.0 Pedestrian 
8.149971281280603 12.282070703355885 -5.897802948951721 0.3753577768802643 0.3753577768802643 1.8600000143051147 0.0 Pedestrian 
5.538194807301409 12.415909001417276 -5.897198796272278 0.3753577768802643 0.3753577768802643 1.8600000143051147 0.0 Pedestrian 
10.108402061126295 11.201465255139965 -6.048500061035156 0.3753577768802643 0.3753577768802643 1.8600000143051147 0.0 Pedestrian 
-0.3702278146513933 -11.915216805901082 -6.176051557064056 0.3753577768802643 0.3753577768802643 1.2999999523162842 0.0 Pedestrian 
9.66088045587459 13.195152954419655 -6.177344739437103 0.3753577768802643 0.3753577768802643 1.2999999523162842 0.0 Pedestrian 
4.800580153029259 -12.867760945262148 -5.896094918251038 0.3753577768802643 0.3753577768802643 1.8600000143051147 0.0 Pedestrian 
10.64861357842556 2.1734064785454734 -6.3285000920295715 0.3753577768802643 0.3753577768802643 1.2999999523162842 0.0 Pedestrian 
10.492987755941776 -3.768477932202245 -6.328499913215637 0.3753577768802643 0.3753577768802643 1.2999999523162842 0.0 Pedestrian 
10.645229358973232 10.744970899137684 -6.048500061035156 0.3753577768802643 0.3753577768802643 1.8600000143051147 0.0 Pedestrian 
8.86739019905385 7.008257679955534 -7.008209361694753 5.357479572296143 2.033203125 1.4106584787368774 0.0 Vehicle 
29.55357377238498 -15.32011570236682 -7.005229854490608 4.1928300857543945 1.8161858320236206 1.4738311767578125 0.0 Vehicle 
33.05557164758574 -16.66549704327258 -6.998361148871481 4.791779518127441 2.163450002670288 1.488319993019104 0.0 Vehicle 
29.087559234482086 37.64837816363274 -6.999912319188297 5.006059646606445 2.097083806991577 1.5347249507904053 0.0 Vehicle 
