10.036708577087516 -3.784438270643477 -6.430398225784302 0.5 0.5 1.100000023841858 0.0 Pedestrian 
10.794247600675359 8.448638484055891 -6.048500061035156 0.3753577768802643 0.3753577768802643 1.8600000143051147 0.0 Pedestrian 
-1.2255353327930578 12.665905689338388 -5.894415020942688 0.3753577768802643 0.3753577768802643 1.8600000143051147 0.0 Pedestrian 
37.91117067788915 21.26049481525456 -6.176912307739258 0.3753577768802643 0.3753577768802643 1.2999999523162842 0.0 Pedestrian 
8.149971281280603 12.282070703355885 -5.897802948951721 0.3753577768802643 0.3753577768802643 1.8600000143051147 0.0 Pedestrian 
7.8048281899023735 12.677107790026753 -5.897198796272278 0.3753577768802643 0.3753577768802643 1.8600000143051147 0.0 Pedestrian 
10.589514028992841 9.70225825652119 -6.048500061035156 0.3753577768802643 0.3753577768802643 1.8600000143051147 0.0 Pedestrian 
1.0556917987637462 -12.171926645593544 -6.176051557064056 0.3753577768802643 0.3753577768802643 1.2999999523162842 0.0 Pedestrian 
10.063301155060937 11.79999113013207 -6.3285000920295715 0.3753577768802643 0.3753577768802643 1.2999999523162842 0.0 Pedestrian 
7.535480503307539 -12.280241919122773 -5.896094918251038 0.3753577768802643 0.3753577768802643 1.8600000143051147 0.0 Pedestrian 
10.740840490983302 3.628695906840207 -6.3285000920295715 0.3753577768802643 0.3753577768802643 1.2999999523162842 0.0 Pedestrian 
10.860698963486158 -2.2800211090801668 -6.328499913215637 0.3753577768802643 0.3753577768802643 1.2999999523162842 0.0 Pedestrian 
11.697358179289523 8.426690247655529 -6.048500061035156 0.3753577768802643 0.3753577768802643 1.8600000143051147 0.0 Pedestrian 
22.20386109381687 44.14645122694026 -6.96141092479229 3.987684965133667 1.8508483171463013 1.6171096563339233 0.0 Vehicle 
6.2754197933127465 6.888848983900402 -7.007788829505444 5.357479572296143 2.033203125 1.4106584787368774 0.0 Vehicle 
29.52605150999443 -12.542626012559822 -7.005216007120907 4.1928300857543945 1.8161858320236206 1.4738311767578125 0.0 Vehicle 
33.02660745751842 -13.90880131570134 -6.998340396909043 4.791779518127441 2.163450002670288 1.488319993019104 0.0 Vehicle 
