9.90793215834289 7.518749992955293 -6.430398225784302 0.5 0.5 1.100000023841858 0.0 Pedestrian 
1.6267265327310412 12.670732194054267 -5.896508097648621 0.3753577768802643 0.3753577768802643 1.8600000143051147 0.0 Pedestrian 
10.332170635273222 11.622962126203333 -6.048500180244446 0.3753577768802643 0.3753577768802643 1.8600000143051147 0.0 Pedestrian 
3.357240611275323 12.968968350221644 -5.896113276481628 0.3753577768802643 0.3753577768802643 1.8600000143051147 0.0 Pedestrian 
14.599584297853035 17.02489166383691 -6.3285000920295715 0.3753577768802643 0.3753577768802643 1.2999999523162842 0.0 Pedestrian 
10.101112314558726 -9.697060736074377 -6.3285000920295715 0.3753577768802643 0.3753577768802643 1.2999999523162842 0.0 Pedestrian 
10.431032963834504 -11.32855410549746 -6.048500239849091 0.3753577768802643 0.3753577768802643 1.8600000143051147 0.0 Pedestrian 
7.850661594993909 -12.85043258250164 -6.176100015640259 0.3753577768802643 0.3753577768802643 1.2999999523162842 0.0 Pedestrian 
-0.7874720679265863 12.86378092574273 -5.896100163459778 0.3753577768802643 0.3753577768802643 1.8600000143051147 0.0 Pedestrian 
15.650723273574233 8.66501845172536 -7.003564586630091 5.357479572296143 2.033203125 1.4106584787368774 0.0 Vehicle 
29.62659817594495 -22.691140920287125 -7.005203456617892 4.1928300857543945 1.8161858320236206 1.4738311767578125 0.0 Vehicle 
33.132200718072454 -23.954364751967887 -6.998320827493444 4.791779518127441 2.163450002670288 1.488319993019104 0.0 Vehicle 
29.34333643100286 17.90767761243501 -6.999912738800049 5.006059646606445 2.097083806991577 1.5347249507904053 0.0 Vehicle 
