9.96061563337858 3.378897103835669 -6.430398225784302 0.5 0.5 1.100000023841858 0.0 Pedestrian 
7.3161871354491765 12.010377289692997 -5.896508097648621 0.3753577768802643 0.3753577768802643 1.8600000143051147 0.0 Pedestrian 
4.2279921329064365 13.046877553272452 -5.896100163459778 0.3753577768802643 0.3753577768802643 1.8600000143051147 0.0 Pedestrian 
37.543907029874774 31.766182409428666 -6.176912307739258 0.3753577768802643 0.3753577768802643 1.2999999523162842 0.0 Pedestrian 
-1.2505552266518052 12.555596984847739 -5.897802948951721 0.3753577768802643 0.3753577768802643 1.8600000143051147 0.0 Pedestrian 
2.787595956390909 12.25913573710227 -5.897170901298523 0.3753577768802643 0.3753577768802643 1.8600000143051147 0.0 Pedestrian 
11.303266257814364 14.525692328072978 -6.178647100925446 0.3753577768802643 0.3753577768802643 1.2999999523162842 0.0 Pedestrian 
10.382558072163313 -5.635100386760655 -6.3285000920295715 0.3753577768802643 0.3753577768802643 1.2999999523162842 0.0 Pedestrian 
2.9914057294051304 -12.602443836697375 -5.896100163459778 0.3753577768802643 0.3753577768802643 1.8600000143051147 0.0 Pedestrian 
10.469445257579316 -10.175101719207532 -6.328499913215637 0.3753577768802643 0.3753577768802643 1.2999999523162842 0.0 Pedestrian 
5.601155041944054 12.238551063674322 -5.896100163459778 0.3753577768802643 0.3753577768802643 1.8600000143051147 0.0 Pedestrian 
15.590988514374043 8.624528449997797 -7.008641147054732 5.357479572296143 2.033203125 1.4106584787368774 0.0 Vehicle 
29.62659790968293 -22.691133295540112 -7.005204486660659 4.1928300857543945 1.8161858320236206 1.4738311767578125 0.0 Vehicle 
33.132200718072454 -23.954364751967887 -6.998320827493444 4.791779518127441 2.163450002670288 1.488319993019104 0.0 Vehicle 
29.24251401024175 25.247074731433827 -6.999912471772404 5.006059646606445 2.097083806991577 1.5347249507904053 0.0 Vehicle 
