6.900853231438596 12.34430087119847 -5.896581292152405 0.3753577768802643 0.3753577768802643 1.8600000143051147 0.0 Pedestrian 
9.302309319466218 13.260737198806169 -6.27770721912384 0.5 0.5 1.100000023841858 0.0 Pedestrian 
10.693306365634843 2.3989240643945777 -6.048500180244446 0.3753577768802643 0.3753577768802643 1.8600000143051147 0.0 Pedestrian 
9.984166033828469 8.531345012263728 -6.048500180244446 0.3753577768802643 0.3753577768802643 1.8600000143051147 0.0 Pedestrian 
4.197436156641736 12.311164408466084 -5.896100163459778 0.3753577768802643 0.3753577768802643 1.8600000143051147 0.0 Pedestrian 
20.737551584941954 16.265100459498854 -6.3285000920295715 0.3753577768802643 0.3753577768802643 1.2999999523162842 0.0 Pedestrian 
10.030774461768488 -13.11531797825819 -6.176100075244904 0.3753577768802643 0.3753577768802643 1.2999999523162842 0.0 Pedestrian 
9.998810598089879 -1.2222498339059484 -6.048500180244446 0.3753577768802643 0.3753577768802643 1.8600000143051147 0.0 Pedestrian 
13.408431916981954 -12.753872084247405 -6.3285000920295715 0.3753577768802643 0.3753577768802643 1.2999999523162842 0.0 Pedestrian 
16.70821639276708 9.591205345262892 -7.006744289305061 5.357479572296143 2.033203125 1.4106584787368774 0.0 Vehicle 
29.685470057457707 -28.838413355103967 -7.005322017706931 4.1928300857543945 1.8161858320236206 1.4738311767578125 0.0 Vehicle 
33.132200718072454 -23.954364751967887 -6.998320827493444 4.791779518127441 2.163450002670288 1.488319993019104 0.0 Vehicle 
29.500999179657256 6.454111031267104 -6.9999129676871235 5.006059646606445 2.097083806991577 1.5347249507904053 0.0 Vehicle 
