9.976633792758385 -0.12767000506630666 -6.430398225784302 0.5 0.5 1.100000023841858 0.0 Pedestrian 
9.907704785666052 9.673327464213116 -6.048500061035156 0.3753577768802643 0.3753577768802643 1.8600000143051147 0.0 Pedestrian 
38.33182443584364 25.86129592082557 -6.176912307739258 0.3753577768802643 0.3753577768802643 1.2999999523162842 0.0 Pedestrian 
7.69319422694651 12.259818270786468 -5.897802948951721 0.3753577768802643 0.3753577768802643 1.8600000143051147 0.0 Pedestrian 
2.1440936539884348 12.276133109941838 -5.897198796272278 0.3753577768802643 0.3753577768802643 1.8600000143051147 0.0 Pedestrian 
9.903007458057335 11.650727502391987 -6.048500061035156 0.3753577768802643 0.3753577768802643 1.8600000143051147 0.0 Pedestrian 
-2.9390193463617464 -11.755733341676546 -6.176051557064056 0.3753577768802643 0.3753577768802643 1.2999999523162842 0.0 Pedestrian 
7.65591286814378 13.496184028414632 -6.177344739437103 0.3753577768802643 0.3753577768802643 1.2999999523162842 0.0 Pedestrian 
1.1269378984925993 -13.291360845282611 -5.896094918251038 0.3753577768802643 0.3753577768802643 1.8600000143051147 0.0 Pedestrian 
10.615756837102655 -0.0214479336838167 -6.3285000920295715 0.3753577768802643 0.3753577768802643 1.2999999523162842 0.0 Pedestrian 
10.377862298113392 -5.445541169769626 -6.328499913215637 0.3753577768802643 0.3753577768802643 1.2999999523162842 0.0 Pedestrian 
9.868755335474255 10.643536492576573 -6.048500061035156 0.3753577768802643 0.3753577768802643 1.8600000143051147 0.0 Pedestrian 
11.779447562673937 7.324223483733022 -7.009537600912154 5.357479572296143 2.033203125 1.4106584787368774 0.0 Vehicle 
29.58735513945109 -18.722370822658263 -7.00527433399111 4.1928300857543945 1.8161858320236206 1.4738311767578125 0.0 Vehicle 
33.091831322489185 -20.104181165316277 -6.998433246626519 4.791779518127441 2.163450002670288 1.488319993019104 0.0 Vehicle 
29.130263449793574 33.97180558956347 -6.999912319188297 5.006059646606445 2.097083806991577 1.5347249507904053 0.0 Vehicle 
