1.9975335496852438 12.68760686749988 -5.896581292152405 0.3753577768802643 0.3753577768802643 1.8600000143051147 0.0 Pedestrian 
10.103801561718797 10.342026506800039 -6.428500056266785 0.5 0.5 1.100000023841858 0.0 Pedestrian 
10.144693569963705 7.285298728002829 -6.048500180244446 0.3753577768802643 0.3753577768802643 1.8600000143051147 0.0 Pedestrian 
9.672914996979856 12.43997832920752 -5.896113276481628 0.3753577768802643 0.3753577768802643 1.8600000143051147 0.0 Pedestrian 
-0.7746660306711632 12.550404934171866 -5.896100163459778 0.3753577768802643 0.3753577768802643 1.8600000143051147 0.0 Pedestrian 
18.236522534541038 16.957916208297434 -6.3285000920295715 0.3753577768802643 0.3753577768802643 1.2999999523162842 0.0 Pedestrian 
8.76263381415518 -12.44451760305401 -6.176100075244904 0.3753577768802643 0.3753577768802643 1.2999999523162842 0.0 Pedestrian 
10.075096052389938 -6.5604540076582225 -6.048500180244446 0.3753577768802643 0.3753577768802643 1.8600000143051147 0.0 Pedestrian 
11.241890669100826 -12.981248380290026 -6.176100015640259 0.3753577768802643 0.3753577768802643 1.2999999523162842 0.0 Pedestrian 
16.70761524957682 9.590930998009753 -7.007469806354493 5.357479572296143 2.033203125 1.4106584787368774 0.0 Vehicle 
29.634591676638763 -23.513790847916653 -7.005175304133445 4.1928300857543945 1.8161858320236206 1.4738311767578125 0.0 Vehicle 
33.132200718072454 -23.954364751967887 -6.998320827493444 4.791779518127441 2.163450002670288 1.488319993019104 0.0 Vehicle 
29.43257629212309 11.491521522338985 -6.999912662511633 5.006059646606445 2.097083806991577 1.5347249507904053 0.0 Vehicle 
