10.06580087800289 -8.044907582217888 -6.430398225784302 0.5 0.5 1.100000023841858 0.0 Pedestrian 
11.057684570779516 1.5007224422652712 -6.048500061035156 0.3753577768802643 0.3753577768802643 1.8600000143051147 0.0 Pedestrian 
6.146626626160355 12.600898540803769 -5.894415020942688 0.3753577768802643 0.3753577768802643 1.8600000143051147 0.0 Pedestrian 
37.31504494870054 17.459250806924956 -6.254887342453003 0.3753577768802643 0.3753577768802643 1.2999999523162842 0.0 Pedestrian 
10.277435324167762 9.293863611981692 -6.048500061035156 0.3753577768802643 0.3753577768802643 1.8600000143051147 0.0 Pedestrian 
10.1291088362278 10.336112139107854 -6.048500061035156 0.3753577768802643 0.3753577768802643 1.8600000143051147 0.0 Pedestrian 
10.992532564310046 2.823840729625857 -6.048500061035156 0.3753577768802643 0.3753577768802643 1.8600000143051147 0.0 Pedestrian 
4.758213218119181 -12.338344125127719 -6.176051557064056 0.3753577768802643 0.3753577768802643 1.2999999523162842 0.0 Pedestrian 
10.539088118936396 7.812457957861568 -6.3285000920295715 0.3753577768802643 0.3753577768802643 1.2999999523162842 0.0 Pedestrian 
10.65836307585878 -8.209520802952625 -6.048500061035156 0.3753577768802643 0.3753577768802643 1.8600000143051147 0.0 Pedestrian 
9.94112520505766 6.834055773594628 -6.3285000920295715 0.3753577768802643 0.3753577768802643 1.2999999523162842 0.0 Pedestrian 
10.409235281342548 1.6978584362082643 -6.328499913215637 0.3753577768802643 0.3753577768802643 1.2999999523162842 0.0 Pedestrian 
-0.7794249981049148 12.844520688687112 -6.278580129146576 0.5 0.5 1.100000023841858 0.0 Pedestrian 
12.11146412496529 1.5954130601166412 -6.048500061035156 0.3753577768802643 0.3753577768802643 1.8600000143051147 0.0 Pedestrian 
22.154328322749564 37.26249626234403 -6.96141092479229 3.987684965133667 1.8508483171463013 1.6171096563339233 0.0 Vehicle 
-0.11339196097454263 6.86440943556147 -7.007547130342573 5.357479572296143 2.033203125 1.4106584787368774 0.0 Vehicle 
29.459409704416885 -5.861987981237803 -7.005207690875977 4.1928300857543945 1.8161858320236206 1.4738311767578125 0.0 Vehicle 
32.95743271182713 -7.30297281565413 -6.9983270454686135 4.791779518127441 2.163450002670288 1.488319993019104 0.0 Vehicle 
