9.935797183365313 5.684149245138798 -6.430398225784302 0.5 0.5 1.100000023841858 0.0 Pedestrian 
4.202193298463229 12.18499376510215 -5.896508097648621 0.3753577768802643 0.3753577768802643 1.8600000143051147 0.0 Pedestrian 
7.107008916472132 12.334949376268469 -5.896100163459778 0.3753577768802643 0.3753577768802643 1.8600000143051147 0.0 Pedestrian 
1.560813838118392 13.125889172949314 -5.896113276481628 0.3753577768802643 0.3753577768802643 1.8600000143051147 0.0 Pedestrian 
-1.4957456295108358 12.730489439462417 -5.897170901298523 0.3753577768802643 0.3753577768802643 1.8600000143051147 0.0 Pedestrian 
13.019900066419247 16.251062689983883 -6.176100015640259 0.3753577768802643 0.3753577768802643 1.2999999523162842 0.0 Pedestrian 
10.27848985292706 -7.994755432310512 -6.3285000920295715 0.3753577768802643 0.3753577768802643 1.2999999523162842 0.0 Pedestrian 
6.774571442451233 -12.500794533472458 -5.896100163459778 0.3753577768802643 0.3753577768802643 1.8600000143051147 0.0 Pedestrian 
9.89268640632973 -12.694612720473515 -6.176100015640259 0.3753577768802643 0.3753577768802643 1.2999999523162842 0.0 Pedestrian 
1.8221873824024897 12.266775596384946 -5.896100163459778 0.3753577768802643 0.3753577768802643 1.8600000143051147 0.0 Pedestrian 
15.647578393763744 8.66457130074025 -7.007554607000202 5.357479572296143 2.033203125 1.4106584787368774 0.0 Vehicle 
29.62659790968293 -22.691133295540112 -7.005204486660659 4.1928300857543945 1.8161858320236206 1.4738311767578125 0.0 Vehicle 
33.132200718072454 -23.954364751967887 -6.998320827493444 4.791779518127441 2.163450002670288 1.488319993019104 0.0 Vehicle 
29.298767679018212 21.117787862107548 -6.999912700652203 5.006059646606445 2.097083806991577 1.5347249507904053 0.0 Vehicle 
