9.945561982093675 10.44393028154036 -6.0485000014305115 0.3753577768802643 0.3753577768802643 1.8600000143051147 0.0 Pedestrian 
6.89876449340165 14.114959957004885 -6.27770721912384 0.5 0.5 1.100000023841858 0.0 Pedestrian 
10.043033009717938 -2.0636353411484833 -6.048500180244446 0.3753577768802643 0.3753577768802643 1.8600000143051147 0.0 Pedestrian 
10.552297515669062 3.3890223776840713 -6.048500180244446 0.3753577768802643 0.3753577768802643 1.8600000143051147 0.0 Pedestrian 
8.184047830797873 12.249768695448552 -5.896100163459778 0.3753577768802643 0.3753577768802643 1.8600000143051147 0.0 Pedestrian 
22.40525039454382 15.201023415221925 -6.3285000920295715 0.3753577768802643 0.3753577768802643 1.2999999523162842 0.0 Pedestrian 
-2.622876596800502 12.476750860715242 -5.896100163459778 0.3753577768802643 0.3753577768802643 1.8600000143051147 0.0 Pedestrian 
12.258972325340366 -13.16394456117257 -6.176100075244904 0.3753577768802643 0.3753577768802643 1.2999999523162842 0.0 Pedestrian 
10.1132335761917 3.5096801827647965 -6.048500180244446 0.3753577768802643 0.3753577768802643 1.8600000143051147 0.0 Pedestrian 
15.344275724593757 -12.653387282816993 -6.3285000920295715 0.3753577768802643 0.3753577768802643 1.2999999523162842 0.0 Pedestrian 
17.447167948418112 10.557713875523746 -7.007265415042639 5.357479572296143 2.033203125 1.4106584787368774 0.0 Vehicle 
29.73252766288246 -33.68810647792748 -7.005043811630458 4.1928300857543945 1.8161858320236206 1.4738311767578125 0.0 Vehicle 
33.132200718072454 -23.954364751967887 -6.998320827493444 4.791779518127441 2.163450002670288 1.488319993019104 0.0 Vehicle 
29.561268660448167 1.8779756699329937 -6.999912776947895 5.006059646606445 2.097083806991577 1.5347249507904053 0.0 Vehicle 
