-0.09574434349244143 12.70006273942488 -5.896581292152405 0.3753577768802643 0.3753577768802643 1.8600000143051147 0.0 Pedestrian 
10.077515380270764 9.321396248999122 -6.411240518093109 0.5 0.5 1.100000023841858 0.0 Pedestrian 
-2.749547852517402 13.309862306775358 -5.896508097648621 0.3753577768802643 0.3753577768802643 1.8600000143051147 0.0 Pedestrian 
10.05915734332164 8.865977929786936 -6.048500180244446 0.3753577768802643 0.3753577768802643 1.8600000143051147 0.0 Pedestrian 
7.134883096967052 12.430854023229472 -5.896113276481628 0.3753577768802643 0.3753577768802643 1.8600000143051147 0.0 Pedestrian 
16.94556244184711 17.3723232931261 -6.3285000920295715 0.3753577768802643 0.3753577768802643 1.2999999523162842 0.0 Pedestrian 
9.796953339092553 -12.246837166333535 -6.176100075244904 0.3753577768802643 0.3753577768802643 1.2999999523162842 0.0 Pedestrian 
10.098526049788617 -8.770419009792363 -6.048500180244446 0.3753577768802643 0.3753577768802643 1.8600000143051147 0.0 Pedestrian 
9.876481401561264 -13.174959260321657 -6.176100015640259 0.3753577768802643 0.3753577768802643 1.2999999523162842 0.0 Pedestrian 
16.52205673526219 9.396959959113133 -7.009524707682431 5.357479572296143 2.033203125 1.4106584787368774 0.0 Vehicle 
29.6266068174739 -22.692262823146166 -7.004972705617547 4.1928300857543945 1.8161858320236206 1.4738311767578125 0.0 Vehicle 
33.132200718072454 -23.954364751967887 -6.998320827493444 4.791779518127441 2.163450002670288 1.488319993019104 0.0 Vehicle 
29.401175535291515 13.782395771811366 -6.9999126243637875 5.006059646606445 2.097083806991577 1.5347249507904053 0.0 Vehicle 
