9.994168645313653 -1.6725743966713935 -6.430398225784302 0.5 0.5 1.100000023841858 0.0 Pedestrian 
9.924479435270523 9.169354397376537 -6.048500061035156 0.3753577768802643 0.3753577768802643 1.8600000143051147 0.0 Pedestrian 
38.12154348840362 23.560891723598615 -6.176912307739258 0.3753577768802643 0.3753577768802643 1.2999999523162842 0.0 Pedestrian 
8.149971281280603 12.282070703355885 -5.897802948951721 0.3753577768802643 0.3753577768802643 1.8600000143051147 0.0 Pedestrian 
5.108088808735069 12.319832033203056 -5.897198796272278 0.3753577768802643 0.3753577768802643 1.8600000143051147 0.0 Pedestrian 
10.05397343594954 11.229824011971004 -6.048500061035156 0.3753577768802643 0.3753577768802643 1.8600000143051147 0.0 Pedestrian 
-0.6580992229984233 -11.890099450806815 -6.176051557064056 0.3753577768802643 0.3753577768802643 1.2999999523162842 0.0 Pedestrian 
9.291094922140765 13.314296334329697 -6.177344739437103 0.3753577768802643 0.3753577768802643 1.2999999523162842 0.0 Pedestrian 
4.358065867712341 -12.961348335364619 -5.896094918251038 0.3753577768802643 0.3753577768802643 1.8600000143051147 0.0 Pedestrian 
10.641956779229321 1.9980783670589517 -6.3285000920295715 0.3753577768802643 0.3753577768802643 1.2999999523162842 0.0 Pedestrian 
10.458339019913971 -3.9703182316150105 -6.328499913215637 0.3753577768802643 0.3753577768802643 1.2999999523162842 0.0 Pedestrian 
10.510228978418343 10.71917278103922 -6.048500061035156 0.3753577768802643 0.3753577768802643 1.8600000143051147 0.0 Pedestrian 
9.277375705372624 7.038669879894542 -7.008329143747687 5.357479572296143 2.033203125 1.4106584787368774 0.0 Vehicle 
29.558024372854575 -15.770670488926157 -7.005233516450971 4.1928300857543945 1.8161858320236206 1.4738311767578125 0.0 Vehicle 
33.06031693226929 -17.114871621823227 -6.998366794665344 4.791779518127441 2.163450002670288 1.488319993019104 0.0 Vehicle 
29.092679422083762 37.18870499057789 -6.999912395476713 5.006059646606445 2.097083806991577 1.5347249507904053 0.0 Vehicle 
