10.043271094968091 -4.953925164204634 -6.430398225784302 0.5 0.5 1.100000023841858 0.0 Pedestrian 
11.132169099518464 6.149498168626366 -6.048500061035156 0.3753577768802643 0.3753577768802643 1.8600000143051147 0.0 Pedestrian 
0.8893723415958945 12.618181041469484 -5.894415020942688 0.3753577768802643 0.3753577768802643 1.8600000143051147 0.0 Pedestrian 
37.79095762904542 19.945982704669404 -6.176912307739258 0.3753577768802643 0.3753577768802643 1.2999999523162842 0.0 Pedestrian 
8.171360769750713 12.267674080902793 -5.897802948951721 0.3753577768802643 0.3753577768802643 1.8600000143051147 0.0 Pedestrian 
8.017770907523243 12.894444845684461 -5.897198796272278 0.3753577768802643 0.3753577768802643 1.8600000143051147 0.0 Pedestrian 
10.866789799484735 7.788771823757202 -6.048500061035156 0.3753577768802643 0.3753577768802643 1.8600000143051147 0.0 Pedestrian 
2.03625529279131 -12.362144626134182 -6.176051557064056 0.3753577768802643 0.3753577768802643 1.2999999523162842 0.0 Pedestrian 
10.277793897062395 10.790258710176317 -6.3285000920295715 0.3753577768802643 0.3753577768802643 1.2999999523162842 0.0 Pedestrian 
8.573838769222903 -12.06136575011476 -5.896094918251038 0.3753577768802643 0.3753577768802643 1.8600000143051147 0.0 Pedestrian 
10.649686724826612 4.67768246664366 -6.3285000920295715 0.3753577768802643 0.3753577768802643 1.2999999523162842 0.0 Pedestrian 
10.81109668826645 -0.9645307463290465 -6.328499913215637 0.3753577768802643 0.3753577768802643 1.2999999523162842 0.0 Pedestrian 
-2.8362049538659804 12.120490299563698 -6.278580129146576 0.5 0.5 1.100000023841858 0.0 Pedestrian 
12.009854036310578 6.337975518643901 -6.048500061035156 0.3753577768802643 0.3753577768802643 1.8600000143051147 0.0 Pedestrian 
22.19290823634094 42.1799929558822 -6.961410962045193 3.987684965133667 1.8508483171463013 1.6171096563339233 0.0 Vehicle 
4.475792474534138 6.856288395803972 -7.00766092306003 5.357479572296143 2.033203125 1.4106584787368774 0.0 Vehicle 
29.507323730135937 -10.649636031938485 -7.005211696494371 4.1928300857543945 1.8161858320236206 1.4738311767578125 0.0 Vehicle 
33.006977152328744 -12.035874586267255 -6.998333721188828 4.791779518127441 2.163450002670288 1.488319993019104 0.0 Vehicle 
