10.059132248897328 -5.89431886737259 -6.430398225784302 0.5 0.5 1.100000023841858 0.0 Pedestrian 
11.04748646473319 5.134437478788854 -6.048500061035156 0.3753577768802643 0.3753577768802643 1.8600000143051147 0.0 Pedestrian 
2.4108585318559648 12.495594920461599 -5.894415020942688 0.3753577768802643 0.3753577768802643 1.8600000143051147 0.0 Pedestrian 
37.758443615629965 19.590758331315556 -6.176912307739258 0.3753577768802643 0.3753577768802643 1.2999999523162842 0.0 Pedestrian 
10.014319493988559 12.621138627683194 -5.897802948951721 0.3753577768802643 0.3753577768802643 1.8600000143051147 0.0 Pedestrian 
9.743576327468318 13.595972991986969 -5.899823427200317 0.3753577768802643 0.3753577768802643 1.8600000143051147 0.0 Pedestrian 
11.123252073718001 6.3278975083803175 -6.048500061035156 0.3753577768802643 0.3753577768802643 1.8600000143051147 0.0 Pedestrian 
2.774302500616244 -12.467600685975754 -6.176051557064056 0.3753577768802643 0.3753577768802643 1.2999999523162842 0.0 Pedestrian 
10.372357572842631 9.912078753713104 -6.3285000920295715 0.3753577768802643 0.3753577768802643 1.2999999523162842 0.0 Pedestrian 
10.511415094431356 -11.912119057203654 -5.896094918251038 0.3753577768802643 0.3753577768802643 1.8600000143051147 0.0 Pedestrian 
10.43644828811924 5.237448071621344 -6.3285000920295715 0.3753577768802643 0.3753577768802643 1.2999999523162842 0.0 Pedestrian 
10.727491962954687 -0.08537502502281313 -6.328499913215637 0.3753577768802643 0.3753577768802643 1.2999999523162842 0.0 Pedestrian 
-2.3492963912967753 12.339712695024673 -6.278580129146576 0.5 0.5 1.100000023841858 0.0 Pedestrian 
12.071622213085389 4.906263608629139 -6.048500061035156 0.3753577768802643 0.3753577768802643 1.8600000143051147 0.0 Pedestrian 
22.182490522448717 40.70494922068815 -6.9614108093082905 3.987684965133667 1.8508483171463013 1.6171096563339233 0.0 Vehicle 
3.1078545664874504 6.849102968741022 -7.007606143597513 5.357479572296143 2.033203125 1.4106584787368774 0.0 Vehicle 
29.4931202067556 -9.218928930284733 -7.005209865514189 4.1928300857543945 1.8161858320236206 1.4738311767578125 0.0 Vehicle 
32.99216166344725 -10.62130909537666 -6.998330821981654 4.791779518127441 2.163450002670288 1.488319993019104 0.0 Vehicle 
