2.5120166669394877 12.687333370779243 -5.896581292152405 0.3753577768802643 0.3753577768802643 1.8600000143051147 0.0 Pedestrian 
10.038721896426836 10.649157905291077 -6.428500056266785 0.5 0.5 1.100000023841858 0.0 Pedestrian 
10.011618669353265 6.9359084323861 -6.048500180244446 0.3753577768802643 0.3753577768802643 1.8600000143051147 0.0 Pedestrian 
10.314441680922265 12.08955421090593 -5.896113276481628 0.3753577768802643 0.3753577768802643 1.8600000143051147 0.0 Pedestrian 
-0.2679959730901089 12.523777838622209 -5.896100163459778 0.3753577768802643 0.3753577768802643 1.8600000143051147 0.0 Pedestrian 
18.500615930244678 17.000728350846884 -6.3285000920295715 0.3753577768802643 0.3753577768802643 1.2999999523162842 0.0 Pedestrian 
8.459264614977215 -12.675592253118111 -6.176100075244904 0.3753577768802643 0.3753577768802643 1.2999999523162842 0.0 Pedestrian 
10.124560861253407 -6.086834841254586 -6.048500180244446 0.3753577768802643 0.3753577768802643 1.8600000143051147 0.0 Pedestrian 
11.610686058264449 -12.951801975766557 -6.176100015640259 0.3753577768802643 0.3753577768802643 1.2999999523162842 0.0 Pedestrian 
16.707511964524898 9.590828148630294 -7.007474803831428 5.357479572296143 2.033203125 1.4106584787368774 0.0 Vehicle 
29.639174757004554 -23.986502641065385 -7.00520700449124 4.1928300857543945 1.8161858320236206 1.4738311767578125 0.0 Vehicle 
33.132200718072454 -23.954364751967887 -6.998320827493444 4.791779518127441 2.163450002670288 1.488319993019104 0.0 Vehicle 
29.438801623059913 11.033429973101306 -6.999912586215942 5.006059646606445 2.097083806991577 1.5347249507904053 0.0 Vehicle 
