6.408940623848885 12.301167151924574 -5.896581292152405 0.3753577768802643 0.3753577768802643 1.8600000143051147 0.0 Pedestrian 
9.700701091053496 13.078373274899945 -6.27770721912384 0.5 0.5 1.100000023841858 0.0 Pedestrian 
10.59707874241843 2.877913465277004 -6.048500180244446 0.3753577768802643 0.3753577768802643 1.8600000143051147 0.0 Pedestrian 
10.014463014222631 9.013016719891539 -6.048500180244446 0.3753577768802643 0.3753577768802643 1.8600000143051147 0.0 Pedestrian 
3.775612678982313 12.34998206373632 -5.896100163459778 0.3753577768802643 0.3753577768802643 1.8600000143051147 0.0 Pedestrian 
20.54674609668845 16.35386104042027 -6.3285000920295715 0.3753577768802643 0.3753577768802643 1.2999999523162842 0.0 Pedestrian 
9.789026063638502 -13.101951459645647 -6.176100075244904 0.3753577768802643 0.3753577768802643 1.2999999523162842 0.0 Pedestrian 
10.023108035795687 -1.6985525459579094 -6.048500180244446 0.3753577768802643 0.3753577768802643 1.8600000143051147 0.0 Pedestrian 
13.214291263474195 -12.77116370502597 -6.3285000920295715 0.3753577768802643 0.3753577768802643 1.2999999523162842 0.0 Pedestrian 
16.707748967051288 9.591036818624048 -7.007386951241642 5.357479572296143 2.033203125 1.4106584787368774 0.0 Vehicle 
29.680850921284417 -28.353301314807027 -7.00527559267357 4.1928300857543945 1.8161858320236206 1.4738311767578125 0.0 Vehicle 
33.132200718072454 -23.954364751967887 -6.998320827493444 4.791779518127441 2.163450002670288 1.488319993019104 0.0 Vehicle 
29.494784133090974 6.911908074651393 -6.999913005827693 5.006059646606445 2.097083806991577 1.5347249507904053 0.0 Vehicle 
