10.044311419951022 -5.575713298072628 -6.430398225784302 0.5 0.5 1.100000023841858 0.0 Pedestrian 
10.920427180614176 5.53225804784924 -6.048500061035156 0.3753577768802643 0.3753577768802643 1.8600000143051147 0.0 Pedestrian 
1.9031709192808464 12.539118794213664 -5.894415020942688 0.3753577768802643 0.3753577768802643 1.8600000143051147 0.0 Pedestrian 
37.730835838488154 19.288726593399474 -6.176912307739258 0.3753577768802643 0.3753577768802643 1.2999999523162842 0.0 Pedestrian 
9.341437737988336 12.814003277445181 -5.897802948951721 0.3753577768802643 0.3753577768802643 1.8600000143051147 0.0 Pedestrian 
9.233789013715274 13.435543008920263 -5.897198796272278 0.3753577768802643 0.3753577768802643 1.8600000143051147 0.0 Pedestrian 
11.015080548130191 6.876089686015973 -6.048500061035156 0.3753577768802643 0.3753577768802643 1.8600000143051147 0.0 Pedestrian 
2.5194502129623118 -12.41433629440337 -6.176051557064056 0.3753577768802643 0.3753577768802643 1.2999999523162842 0.0 Pedestrian 
10.338699469015829 10.218777745473403 -6.3285000920295715 0.3753577768802643 0.3753577768802643 1.2999999523162842 0.0 Pedestrian 
9.821333909027544 -12.151886629850424 -5.896094918251038 0.3753577768802643 0.3753577768802643 1.8600000143051147 0.0 Pedestrian 
10.67352277032628 5.030883752910654 -6.3285000920295715 0.3753577768802643 0.3753577768802643 1.2999999523162842 0.0 Pedestrian 
10.75215581362983 -0.36798826352628566 -6.328499913215637 0.3753577768802643 0.3753577768802643 1.2999999523162842 0.0 Pedestrian 
-2.528751683216413 12.262157356895955 -6.278580129146576 0.5 0.5 1.100000023841858 0.0 Pedestrian 
12.060651657068744 5.382628204591285 -6.048500061035156 0.3753577768802643 0.3753577768802643 1.8600000143051147 0.0 Pedestrian 
22.18611518929336 41.19664722811376 -6.961410887539387 3.987684965133667 1.8508483171463013 1.6171096563339233 0.0 Vehicle 
3.565070883212247 6.850032153287316 -7.00762136420235 5.357479572296143 2.033203125 1.4106584787368774 0.0 Vehicle 
29.497891340666676 -9.696588651721072 -7.005210323259234 4.1928300857543945 1.8161858320236206 1.4738311767578125 0.0 Vehicle 
32.997124589281455 -11.093530496211997 -6.998331623151898 4.791779518127441 2.163450002670288 1.488319993019104 0.0 Vehicle 
