-2.757863860696453 12.43746050309619 -5.896581292152405 0.3753577768802643 0.3753577768802643 1.8600000143051147 0.0 Pedestrian 
9.898968670898228 8.27429976898918 -6.430398225784302 0.5 0.5 1.100000023841858 0.0 Pedestrian 
0.23457935529823004 13.07436485642097 -5.896508097648621 0.3753577768802643 0.3753577768802643 1.8600000143051147 0.0 Pedestrian 
10.00825874806608 10.793535550127444 -6.048500180244446 0.3753577768802643 0.3753577768802643 1.8600000143051147 0.0 Pedestrian 
4.868807002351588 12.552004850129265 -5.896113276481628 0.3753577768802643 0.3753577768802643 1.8600000143051147 0.0 Pedestrian 
15.350687438617179 17.330374131555118 -6.3285000920295715 0.3753577768802643 0.3753577768802643 1.2999999523162842 0.0 Pedestrian 
10.15796112047731 -10.48728233873237 -6.3285000920295715 0.3753577768802643 0.3753577768802643 1.2999999523162842 0.0 Pedestrian 
10.725771238874188 -10.5206575421264 -6.048500180244446 0.3753577768802643 0.3753577768802643 1.8600000143051147 0.0 Pedestrian 
8.641512776730153 -12.990189982006427 -6.176100015640259 0.3753577768802643 0.3753577768802643 1.2999999523162842 0.0 Pedestrian 
-2.137892891032074 13.094749587063575 -5.896100163459778 0.3753577768802643 0.3753577768802643 1.8600000143051147 0.0 Pedestrian 
15.790841048994874 8.766818994630398 -7.0077492329292 5.357479572296143 2.033203125 1.4106584787368774 0.0 Vehicle 
29.62659937412404 -22.691175231648685 -7.005197467748076 4.1928300857543945 1.8161858320236206 1.4738311767578125 0.0 Vehicle 
33.132200718072454 -23.954364751967887 -6.998320827493444 4.791779518127441 2.163450002670288 1.488319993019104 0.0 Vehicle 
29.36264512970103 16.53233625361679 -6.999912586215942 5.006059646606445 2.097083806991577 1.5347249507904053 0.0 Vehicle 
