9.996677542599134 -0.06592871453904081 -6.430398225784302 0.5 0.5 1.100000023841858 0.0 Pedestrian 
9.906525959279097 9.727634019924267 -6.048500061035156 0.3753577768802643 0.3753577768802643 1.8600000143051147 0.0 Pedestrian 
38.36213826244244 26.18989511591883 -6.176912307739258 0.3753577768802643 0.3753577768802643 1.2999999523162842 0.0 Pedestrian 
7.261521425069766 12.251019110143261 -5.897802948951721 0.3753577768802643 0.3753577768802643 1.8600000143051147 0.0 Pedestrian 
1.6517035829862863 12.300887548332526 -5.897198796272278 0.3753577768802643 0.3753577768802643 1.8600000143051147 0.0 Pedestrian 
9.890415386593226 12.128492473043252 -5.897170901298523 0.3753577768802643 0.3753577768802643 1.8600000143051147 0.0 Pedestrian 
7.27503661262331 13.575277430551523 -6.177344739437103 0.3753577768802643 0.3753577768802643 1.2999999523162842 0.0 Pedestrian 
0.7093863076390932 -13.330277494683514 -5.896094918251038 0.3753577768802643 0.3753577768802643 1.8600000143051147 0.0 Pedestrian 
10.573316835303544 -0.3053557632980528 -6.3285000920295715 0.3753577768802643 0.3753577768802643 1.2999999523162842 0.0 Pedestrian 
10.385559995096457 -5.654169415799743 -6.328499913215637 0.3753577768802643 0.3753577768802643 1.2999999523162842 0.0 Pedestrian 
9.909662694184973 10.683204895052882 -6.048500061035156 0.3753577768802643 0.3753577768802643 1.8600000143051147 0.0 Pedestrian 
12.054070448102902 7.367192910781114 -7.009432925842702 5.357479572296143 2.033203125 1.4106584787368774 0.0 Vehicle 
29.591074329106263 -19.09776534908906 -7.005277042277157 4.1928300857543945 1.8161858320236206 1.4738311767578125 0.0 Vehicle 
33.095959806093774 -20.49741743034781 -6.998447742545977 4.791779518127441 2.163450002670288 1.488319993019104 0.0 Vehicle 
29.135742236480823 33.51235678381522 -6.999912433624559 5.006059646606445 2.097083806991577 1.5347249507904053 0.0 Vehicle 
