10.052363142851384 -7.46029121741617 -6.430398225784302 0.5 0.5 1.100000023841858 0.0 Pedestrian 
11.096348117571903 2.478649828938586 -6.048500061035156 0.3753577768802643 0.3753577768802643 1.8600000143051147 0.0 Pedestrian 
5.079867724079449 12.583638156396205 -5.894415020942688 0.3753577768802643 0.3753577768802643 1.8600000143051147 0.0 Pedestrian 
38.015659147146785 17.699949211300236 -6.176912307739258 0.3753577768802643 0.3753577768802643 1.2999999523162842 0.0 Pedestrian 
10.176264639423405 10.154875286208494 -6.048500061035156 0.3753577768802643 0.3753577768802643 1.8600000143051147 0.0 Pedestrian 
10.058528249733161 11.194268143879412 -6.048500061035156 0.3753577768802643 0.3753577768802643 1.8600000143051147 0.0 Pedestrian 
11.004929808166658 3.8102238738929515 -6.048500061035156 0.3753577768802643 0.3753577768802643 1.8600000143051147 0.0 Pedestrian 
4.215345425926017 -12.346777954123581 -6.176051557064056 0.3753577768802643 0.3753577768802643 1.2999999523162842 0.0 Pedestrian 
10.47530781915496 8.41248218772148 -6.3285000920295715 0.3753577768802643 0.3753577768802643 1.2999999523162842 0.0 Pedestrian 
10.615564907089045 -9.184474424227801 -6.048500061035156 0.3753577768802643 0.3753577768802643 1.8600000143051147 0.0 Pedestrian 
9.95983687900847 6.765175454192786 -6.3285000920295715 0.3753577768802643 0.3753577768802643 1.2999999523162842 0.0 Pedestrian 
10.510523994401467 1.1915508048309675 -6.328499913215637 0.3753577768802643 0.3753577768802643 1.2999999523162842 0.0 Pedestrian 
-1.2927029953283267 12.719342110441971 -6.278580129146576 0.5 0.5 1.100000023841858 0.0 Pedestrian 
12.105885791634181 2.5434649486349485 -6.048500061035156 0.3753577768802643 0.3753577768802643 1.8600000143051147 0.0 Pedestrian 
22.162805276987427 38.24615271693244 -6.961410887539387 3.987684965133667 1.8508483171463013 1.6171096563339233 0.0 Vehicle 
0.8096611643316116 6.856820163272232 -7.007558040320873 5.357479572296143 2.033203125 1.4106584787368774 0.0 Vehicle 
29.4690549131153 -6.822878590761206 -7.005208072718233 4.1928300857543945 1.8161858320236206 1.4738311767578125 0.0 Vehicle 
32.96714985794076 -8.252806815781014 -6.998327846522443 4.791779518127441 2.163450002670288 1.488319993019104 0.0 Vehicle 
