9.976625444216722 2.019323772534676 -6.430398225784302 0.5 0.5 1.100000023841858 0.0 Pedestrian 
9.261504720054596 12.532126534771805 -5.896508097648621 0.3753577768802643 0.3753577768802643 1.8600000143051147 0.0 Pedestrian 
2.2644857088165296 12.998768687827123 -5.896100163459778 0.3753577768802643 0.3753577768802643 1.8600000143051147 0.0 Pedestrian 
37.9404395629024 30.318839047006918 -6.176912307739258 0.3753577768802643 0.3753577768802643 1.2999999523162842 0.0 Pedestrian 
1.2340502592372289 12.353202773437488 -5.897802948951721 0.3753577768802643 0.3753577768802643 1.8600000143051147 0.0 Pedestrian 
5.196644526174058 12.179024148337817 -5.897170901298523 0.3753577768802643 0.3753577768802643 1.8600000143051147 0.0 Pedestrian 
10.244862897030309 14.291458802392299 -6.181176841259003 0.3753577768802643 0.3753577768802643 1.2999999523162842 0.0 Pedestrian 
10.357974976477117 -4.1047850645537665 -6.3285000920295715 0.3753577768802643 0.3753577768802643 1.2999999523162842 0.0 Pedestrian 
0.3721258493810069 -12.583400664657006 -5.896100163459778 0.3753577768802643 0.3753577768802643 1.8600000143051147 0.0 Pedestrian 
10.486182632414469 -8.801017975935224 -6.328499913215637 0.3753577768802643 0.3753577768802643 1.2999999523162842 0.0 Pedestrian 
8.19530018957218 12.279068902436734 -5.896100163459778 0.3753577768802643 0.3753577768802643 1.8600000143051147 0.0 Pedestrian 
14.96659853260374 8.245936201285758 -7.009588984772563 5.357479572296143 2.033203125 1.4106584787368774 0.0 Vehicle 
29.624672307567224 -22.48995947649223 -7.005324840545654 4.1928300857543945 1.8161858320236206 1.4738311767578125 0.0 Vehicle 
33.13101562099479 -23.82074164103028 -6.998481502523646 4.791779518127441 2.163450002670288 1.488319993019104 0.0 Vehicle 
29.211747578866152 27.542082542445655 -6.99991250992025 5.006059646606445 2.097083806991577 1.5347249507904053 0.0 Vehicle 
