10.051463269957072 -3.495598979189708 -6.430398225784302 0.5 0.5 1.100000023841858 0.0 Pedestrian 
10.937506116496245 9.076981479323535 -6.048500061035156 0.3753577768802643 0.3753577768802643 1.8600000143051147 0.0 Pedestrian 
-1.7197500098058285 12.698313476414 -5.894415020942688 0.3753577768802643 0.3753577768802643 1.8600000143051147 0.0 Pedestrian 
37.941223898496645 21.58912403426757 -6.176912307739258 0.3753577768802643 0.3753577768802643 1.2999999523162842 0.0 Pedestrian 
8.149971281280603 12.282070703355885 -5.897802948951721 0.3753577768802643 0.3753577768802643 1.8600000143051147 0.0 Pedestrian 
7.470748908913386 12.469376305026003 -5.897198796272278 0.3753577768802643 0.3753577768802643 1.8600000143051147 0.0 Pedestrian 
10.527913802516803 10.25646774699078 -6.048500061035156 0.3753577768802643 0.3753577768802643 1.8600000143051147 0.0 Pedestrian 
0.8126373381152661 -12.12946658558792 -6.176051557064056 0.3753577768802643 0.3753577768802643 1.2999999523162842 0.0 Pedestrian 
10.026183193732276 12.049242393682562 -6.177344739437103 0.3753577768802643 0.3753577768802643 1.2999999523162842 0.0 Pedestrian 
7.023853738159076 -12.422974577092873 -5.896094918251038 0.3753577768802643 0.3753577768802643 1.8600000143051147 0.0 Pedestrian 
10.764078961956013 3.331810368780083 -6.3285000920295715 0.3753577768802643 0.3753577768802643 1.2999999523162842 0.0 Pedestrian 
10.804253028239419 -2.637673379049261 -6.328499913215637 0.3753577768802643 0.3753577768802643 1.2999999523162842 0.0 Pedestrian 
11.579772821606628 9.261073713015435 -6.048500061035156 0.3753577768802643 0.3753577768802643 1.8600000143051147 0.0 Pedestrian 
6.718766218355999 6.903079952351504 -7.007832431234419 5.357479572296143 2.033203125 1.4106584787368774 0.0 Vehicle 
29.53071674354166 -13.012006493198214 -7.005217533092946 4.1928300857543945 1.8161858320236206 1.4738311767578125 0.0 Vehicle 
33.031511750490765 -14.373659819043041 -6.998342990875244 4.791779518127441 2.163450002670288 1.488319993019104 0.0 Vehicle 
29.06246346616959 39.94714337207506 -6.999912586215942 5.006059646606445 2.097083806991577 1.5347249507904053 0.0 Vehicle 
