9.974200358514155 0.875043876246707 -6.430398225784302 0.5 0.5 1.100000023841858 0.0 Pedestrian 
9.824352580283104 10.608648993628663 -6.048500061035156 0.3753577768802643 0.3753577768802643 1.8600000143051147 0.0 Pedestrian 
-0.4864901806557498 13.167591456620585 -5.896100163459778 0.3753577768802643 0.3753577768802643 1.8600000143051147 0.0 Pedestrian 
38.33996420914512 28.741653455996243 -6.176912307739258 0.3753577768802643 0.3753577768802643 1.2999999523162842 0.0 Pedestrian 
3.6942276815648896 12.210245386369138 -5.897802948951721 0.3753577768802643 0.3753577768802643 1.8600000143051147 0.0 Pedestrian 
-2.373949053673819 12.616321670642947 -5.897198796272278 0.3753577768802643 0.3753577768802643 1.8600000143051147 0.0 Pedestrian 
7.4703380628308125 12.281768659518207 -5.897170901298523 0.3753577768802643 0.3753577768802643 1.8600000143051147 0.0 Pedestrian 
8.871785989433981 14.058048411093864 -6.177344739437103 0.3753577768802643 0.3753577768802643 1.2999999523162842 0.0 Pedestrian 
10.38767784000268 -2.5003683737625124 -6.3285000920295715 0.3753577768802643 0.3753577768802643 1.2999999523162842 0.0 Pedestrian 
-1.4748371824505995 -12.418641932422474 -5.896100163459778 0.3753577768802643 0.3753577768802643 1.8600000143051147 0.0 Pedestrian 
10.433710741712368 -7.614093055965327 -6.328499913215637 0.3753577768802643 0.3753577768802643 1.2999999523162842 0.0 Pedestrian 
10.149160367074906 12.673365488157401 -5.896100163459778 0.3753577768802643 0.3753577768802643 1.8600000143051147 0.0 Pedestrian 
13.676742577038993 7.763027516805209 -7.008692226372659 5.357479572296143 2.033203125 1.4106584787368774 0.0 Vehicle 
29.61410429169281 -21.430501674264747 -7.005282153841108 4.1928300857543945 1.8161858320236206 1.4738311767578125 0.0 Vehicle 
33.12264175149477 -23.022177048843787 -6.9985175132751465 4.791779518127441 2.163450002670288 1.488319993019104 0.0 Vehicle 
29.181766006181675 29.83778764878207 -6.999912662511633 5.006059646606445 2.097083806991577 1.5347249507904053 0.0 Vehicle 
