9.923222416956188 7.022306651073052 -6.430398225784302 0.5 0.5 1.100000023841858 0.0 Pedestrian 
2.42970289908601 12.825595227867439 -5.896508097648621 0.3753577768802643 0.3753577768802643 1.8600000143051147 0.0 Pedestrian 
9.749769385722438 12.595777231540637 -5.896100163459778 0.3753577768802643 0.3753577768802643 1.8600000143051147 0.0 Pedestrian 
2.805280854116468 12.814278891400818 -5.896113276481628 0.3753577768802643 0.3753577768802643 1.8600000143051147 0.0 Pedestrian 
14.188980960548221 16.848651206052295 -6.3285000920295715 0.3753577768802643 0.3753577768802643 1.2999999523162842 0.0 Pedestrian 
10.15378017019755 -9.219413451687956 -6.3285000920295715 0.3753577768802643 0.3753577768802643 1.2999999523162842 0.0 Pedestrian 
9.337842706039453 -12.047488439606013 -5.896100163459778 0.3753577768802643 0.3753577768802643 1.8600000143051147 0.0 Pedestrian 
8.606950529635156 -12.891950125369931 -6.176100015640259 0.3753577768802643 0.3753577768802643 1.2999999523162842 0.0 Pedestrian 
0.19329495558748278 12.808956979468462 -5.896100163459778 0.3753577768802643 0.3753577768802643 1.8600000143051147 0.0 Pedestrian 
15.648706107459784 8.664632152120248 -7.006253795698285 5.357479572296143 2.033203125 1.4106584787368774 0.0 Vehicle 
29.626597976248433 -22.691135201726865 -7.005204333923757 4.1928300857543945 1.8161858320236206 1.4738311767578125 0.0 Vehicle 
33.132200718072454 -23.954364751967887 -6.998320827493444 4.791779518127441 2.163450002670288 1.488319993019104 0.0 Vehicle 
29.330474444170243 18.82470899422185 -6.999912586215942 5.006059646606445 2.097083806991577 1.5347249507904053 0.0 Vehicle 
