9.971059232449779 0.7179641434423729 -6.430398225784302 0.5 0.5 1.100000023841858 0.0 Pedestrian 
9.956302544511725 10.2251166476741 -6.048500061035156 0.3753577768802643 0.3753577768802643 1.8600000143051147 0.0 Pedestrian 
-1.0283474629657618 13.174816942933035 -5.896100163459778 0.3753577768802643 0.3753577768802643 1.8600000143051147 0.0 Pedestrian 
38.40101205435589 28.427556426943852 -6.176912307739258 0.3753577768802643 0.3753577768802643 1.2999999523162842 0.0 Pedestrian 
4.1872576210015495 12.20170796507307 -5.897802948951721 0.3753577768802643 0.3753577768802643 1.8600000143051147 0.0 Pedestrian 
-1.8717506784773974 12.576087233066573 -5.897198796272278 0.3753577768802643 0.3753577768802643 1.8600000143051147 0.0 Pedestrian 
7.93501794899262 12.194888793615746 -5.897170901298523 0.3753577768802643 0.3753577768802643 1.8600000143051147 0.0 Pedestrian 
8.560260462051389 14.01026004672758 -6.177344739437103 0.3753577768802643 0.3753577768802643 1.2999999523162842 0.0 Pedestrian 
-2.6035434739346215 -13.264737224650617 -5.896094918251038 0.3753577768802643 0.3753577768802643 1.8600000143051147 0.0 Pedestrian 
10.430661259373718 -2.2167192559794557 -6.3285000920295715 0.3753577768802643 0.3753577768802643 1.2999999523162842 0.0 Pedestrian 
-1.9753189425509419 -12.447677084046859 -5.896100163459778 0.3753577768802643 0.3753577768802643 1.8600000143051147 0.0 Pedestrian 
10.421648250973831 -7.350428811435677 -6.328499913215637 0.3753577768802643 0.3753577768802643 1.2999999523162842 0.0 Pedestrian 
10.121978277723382 12.1322259899257 -5.896100163459778 0.3753577768802643 0.3753577768802643 1.8600000143051147 0.0 Pedestrian 
13.396711337417306 7.680807009982516 -7.0073145483620465 5.357479572296143 2.033203125 1.4106584787368774 0.0 Vehicle 
29.61156641495249 -21.17331916239698 -7.005248546600342 4.1928300857543945 1.8161858320236206 1.4738311767578125 0.0 Vehicle 
33.12013803140624 -22.7847731550213 -6.9985130882123485 4.791779518127441 2.163450002670288 1.488319993019104 0.0 Vehicle 
29.175898054855296 30.297012928362392 -6.999912433624559 5.006059646606445 2.097083806991577 1.5347249507904053 0.0 Vehicle 
