10.053965883808964 -6.556106661086119 -6.430398225784302 0.5 0.5 1.100000023841858 0.0 Pedestrian 
11.119897273225805 3.9694081966801846 -6.048500061035156 0.3753577768802643 0.3753577768802643 1.8600000143051147 0.0 Pedestrian 
3.480612813800853 12.550812364144917 -5.894415020942688 0.3753577768802643 0.3753577768802643 1.8600000143051147 0.0 Pedestrian 
38.072312591853354 18.787939213198 -6.176912307739258 0.3753577768802643 0.3753577768802643 1.2999999523162842 0.0 Pedestrian 
9.977245726932786 11.586755380732711 -6.048500061035156 0.3753577768802643 0.3753577768802643 1.8600000143051147 0.0 Pedestrian 
9.960626319857013 12.52175491716639 -5.897209644317627 0.3753577768802643 0.3753577768802643 1.8600000143051147 0.0 Pedestrian 
11.078228071855028 5.341481412439805 -6.048500061035156 0.3753577768802643 0.3753577768802643 1.8600000143051147 0.0 Pedestrian 
3.3771960039621405 -12.40558480447362 -6.176051557064056 0.3753577768802643 0.3753577768802643 1.2999999523162842 0.0 Pedestrian 
10.41742429885981 9.315843330037183 -6.3285000920295715 0.3753577768802643 0.3753577768802643 1.2999999523162842 0.0 Pedestrian 
10.536988623850576 -10.823861255320935 -6.048500061035156 0.3753577768802643 0.3753577768802643 1.8600000143051147 0.0 Pedestrian 
10.14216514790807 6.014560606149871 -6.3285000920295715 0.3753577768802643 0.3753577768802643 1.2999999523162842 0.0 Pedestrian 
10.662818454254694 0.41824272678002217 -6.328499913215637 0.3753577768802643 0.3753577768802643 1.2999999523162842 0.0 Pedestrian 
-1.980208543809212 12.499383219475362 -6.278580129146576 0.5 0.5 1.100000023841858 0.0 Pedestrian 
12.111357051495162 3.9585977578168183 -6.048500061035156 0.3753577768802643 0.3753577768802643 1.8600000143051147 0.0 Pedestrian 
22.174922813219013 39.721488649602975 -6.9614108093082905 3.987684965133667 1.8508483171463013 1.6171096563339233 0.0 Vehicle 
2.190638756279675 6.849993476413147 -7.007582073099911 5.357479572296143 2.033203125 1.4106584787368774 0.0 Vehicle 
29.4835465652845 -8.261836621776752 -7.005209026392549 4.1928300857543945 1.8161858320236206 1.4738311767578125 0.0 Vehicle 
32.98219261675938 -9.675192129212519 -6.998329334310256 4.791779518127441 2.163450002670288 1.488319993019104 0.0 Vehicle 
