9.003100257729471 12.506976886537586 -5.896581292152405 0.3753577768802643 0.3753577768802643 1.8600000143051147 0.0 Pedestrian 
8.433540871162663 13.314482418605508 -6.27770721912384 0.5 0.5 1.100000023841858 0.0 Pedestrian 
10.652737734893137 0.35320505065362795 -6.048500180244446 0.3753577768802643 0.3753577768802643 1.8600000143051147 0.0 Pedestrian 
10.267253869507746 6.6206272961200625 -6.048500180244446 0.3753577768802643 0.3753577768802643 1.8600000143051147 0.0 Pedestrian 
6.2788755048284735 12.216239160452915 -5.896100163459778 0.3753577768802643 0.3753577768802643 1.8600000143051147 0.0 Pedestrian 
21.490820936326458 15.91873975014937 -6.3285000920295715 0.3753577768802643 0.3753577768802643 1.2999999523162842 0.0 Pedestrian 
10.998845943126852 -13.151556450976614 -6.176100075244904 0.3753577768802643 0.3753577768802643 1.2999999523162842 0.0 Pedestrian 
10.022916010263573 0.6080400367104062 -6.048500180244446 0.3753577768802643 0.3753577768802643 1.8600000143051147 0.0 Pedestrian 
14.184325389058912 -12.701395997021336 -6.3285000920295715 0.3753577768802643 0.3753577768802643 1.2999999523162842 0.0 Pedestrian 
16.715404858111793 9.598281208300705 -7.003998317755759 5.357479572296143 2.033203125 1.4106584787368774 0.0 Vehicle 
29.704646614434978 -30.778795084077274 -7.00472131697461 4.1928300857543945 1.8161858320236206 1.4738311767578125 0.0 Vehicle 
33.132200718072454 -23.954364751967887 -6.998320827493444 4.791779518127441 2.163450002670288 1.488319993019104 0.0 Vehicle 
29.525588778225572 4.623238720310191 -6.99991281509574 5.006059646606445 2.097083806991577 1.5347249507904053 0.0 Vehicle 
