9.93030671591496 5.23975968608282 -6.430398225784302 0.5 0.5 1.100000023841858 0.0 Pedestrian 
5.157627203287863 12.114963221158973 -5.896508097648621 0.3753577768802643 0.3753577768802643 1.8600000143051147 0.0 Pedestrian 
6.235524555445764 12.198888962606816 -5.896100163459778 0.3753577768802643 0.3753577768802643 1.8600000143051147 0.0 Pedestrian 
0.37806209116089207 13.364436352833877 -5.896113276481628 0.3753577768802643 0.3753577768802643 1.8600000143051147 0.0 Pedestrian 
-0.509638162787013 12.624170454578802 -5.897170901298523 0.3753577768802643 0.3753577768802643 1.8600000143051147 0.0 Pedestrian 
12.593786761881482 15.894618132377218 -6.178647100925446 0.3753577768802643 0.3753577768802643 1.2999999523162842 0.0 Pedestrian 
10.320369562052157 -7.4879974248779035 -6.3285000920295715 0.3753577768802643 0.3753577768802643 1.2999999523162842 0.0 Pedestrian 
6.648428658720192 -12.430027094363254 -5.896100163459778 0.3753577768802643 0.3753577768802643 1.8600000143051147 0.0 Pedestrian 
10.263685739336722 -12.153333506051126 -6.176100015640259 0.3753577768802643 0.3753577768802643 1.2999999523162842 0.0 Pedestrian 
3.0288692830198016 12.233140231887887 -5.896100163459778 0.3753577768802643 0.3753577768802643 1.8600000143051147 0.0 Pedestrian 
15.64766995729341 8.664572589697741 -7.007487659342587 5.357479572296143 2.033203125 1.4106584787368774 0.0 Vehicle 
29.62659790968293 -22.691133295540112 -7.005204486660659 4.1928300857543945 1.8161858320236206 1.4738311767578125 0.0 Vehicle 
33.132200718072454 -23.954364751967887 -6.998320827493444 4.791779518127441 2.163450002670288 1.488319993019104 0.0 Vehicle 
29.286273483304228 22.035217606719584 -6.999912662511633 5.006059646606445 2.097083806991577 1.5347249507904053 0.0 Vehicle 
