10.053271165391237 -7.163187323780107 -6.430398225784302 0.5 0.5 1.100000023841858 0.0 Pedestrian 
11.123669744205767 2.9580803408678378 -6.048500061035156 0.3753577768802643 0.3753577768802643 1.8600000143051147 0.0 Pedestrian 
4.547746814541853 12.564764083417003 -5.894415020942688 0.3753577768802643 0.3753577768802643 1.8600000143051147 0.0 Pedestrian 
38.127007763185766 18.02484918640289 -6.176912307739258 0.3753577768802643 0.3753577768802643 1.2999999523162842 0.0 Pedestrian 
9.985558247941675 10.602379805801888 -6.048500061035156 0.3753577768802643 0.3753577768802643 1.8600000143051147 0.0 Pedestrian 
10.043509618049246 11.63483880688625 -6.048500061035156 0.3753577768802643 0.3753577768802643 1.8600000143051147 0.0 Pedestrian 
11.062913635079243 4.316213890390804 -6.048500061035156 0.3753577768802643 0.3753577768802643 1.8600000143051147 0.0 Pedestrian 
3.9534637528903005 -12.354550843629568 -6.176051557064056 0.3753577768802643 0.3753577768802643 1.2999999523162842 0.0 Pedestrian 
10.455114052653748 8.713557965116593 -6.3285000920295715 0.3753577768802643 0.3753577768802643 1.2999999523162842 0.0 Pedestrian 
10.698766770685275 -9.68963755397408 -6.048500061035156 0.3753577768802643 0.3753577768802643 1.8600000143051147 0.0 Pedestrian 
9.999366453739043 6.518131624824036 -6.3285000920295715 0.3753577768802643 0.3753577768802643 1.2999999523162842 0.0 Pedestrian 
10.546752712379096 0.9511497454235496 -6.328499913215637 0.3753577768802643 0.3753577768802643 1.2999999523162842 0.0 Pedestrian 
-1.5452995694091385 12.645488722527261 -6.278580129146576 0.5 0.5 1.100000023841858 0.0 Pedestrian 
12.114319282048406 3.0181292332147223 -6.048500061035156 0.3753577768802643 0.3753577768802643 1.8600000143051147 0.0 Pedestrian 
22.166930248252726 38.73795216986855 -6.9614108093082905 3.987684965133667 1.8508483171463013 1.6171096563339233 0.0 Vehicle 
1.2705686866635872 6.8539195180469505 -7.007564830593765 5.357479572296143 2.033203125 1.4106584787368774 0.0 Vehicle 
29.47390832199069 -7.302894359024663 -7.005208377726376 4.1928300857543945 1.8161858320236206 1.4738311767578125 0.0 Vehicle 
32.97213086561893 -8.727294896575472 -6.998328228015453 4.791779518127441 2.163450002670288 1.488319993019104 0.0 Vehicle 
