7.3921206576094605 12.30185159141206 -5.896581292152405 0.3753577768802643 0.3753577768802643 1.8600000143051147 0.0 Pedestrian 
8.842080939647524 13.355243859229859 -6.27770721912384 0.5 0.5 1.100000023841858 0.0 Pedestrian 
10.720522921566742 1.867885320125822 -6.048500180244446 0.3753577768802643 0.3753577768802643 1.8600000143051147 0.0 Pedestrian 
10.077677508145854 8.063241142414995 -6.048500180244446 0.3753577768802643 0.3753577768802643 1.8600000143051147 0.0 Pedestrian 
4.622592940583758 12.296254656326028 -5.896100163459778 0.3753577768802643 0.3753577768802643 1.8600000143051147 0.0 Pedestrian 
20.926644031609975 16.175989009880936 -6.3285000920295715 0.3753577768802643 0.3753577768802643 1.2999999523162842 0.0 Pedestrian 
10.272442842167976 -13.126830309683783 -6.176100075244904 0.3753577768802643 0.3753577768802643 1.2999999523162842 0.0 Pedestrian 
10.001076318553462 -0.7410426556111815 -6.048500180244446 0.3753577768802643 0.3753577768802643 1.8600000143051147 0.0 Pedestrian 
13.602459809162639 -12.738160831491541 -6.3285000920295715 0.3753577768802643 0.3753577768802643 1.2999999523162842 0.0 Pedestrian 
16.70907421458385 9.59156213361473 -7.005517406389117 5.357479572296143 2.033203125 1.4106584787368774 0.0 Vehicle 
29.69010311181492 -29.3234867391418 -7.00534830102697 4.1928300857543945 1.8161858320236206 1.4738311767578125 0.0 Vehicle 
33.132200718072454 -23.954364751967887 -6.998320827493444 4.791779518127441 2.163450002670288 1.488319993019104 0.0 Vehicle 
29.507213125812534 5.9963454995325804 -6.999912738800049 5.006059646606445 2.097083806991577 1.5347249507904053 0.0 Vehicle 
