-1.4124665637776985 12.600874402687396 -5.896581292152405 0.3753577768802643 0.3753577768802643 1.8600000143051147 0.0 Pedestrian 
9.790903357598186 8.766546693448618 -6.430398225784302 0.5 0.5 1.100000023841858 0.0 Pedestrian 
-1.2000171879431178 13.26999705811943 -5.896508097648621 0.3753577768802643 0.3753577768802643 1.8600000143051147 0.0 Pedestrian 
10.244435801722677 9.270839227015358 -6.048500180244446 0.3753577768802643 0.3753577768802643 1.8600000143051147 0.0 Pedestrian 
5.6464300291449945 12.408046739714905 -5.896113276481628 0.3753577768802643 0.3753577768802643 1.8600000143051147 0.0 Pedestrian 
16.139773139621305 17.515748224234812 -6.3285000920295715 0.3753577768802643 0.3753577768802643 1.2999999523162842 0.0 Pedestrian 
10.43791386367851 -11.47531689990808 -6.181655168533325 0.3753577768802643 0.3753577768802643 1.2999999523162842 0.0 Pedestrian 
10.134732678421521 -10.00005567110884 -6.048500180244446 0.3753577768802643 0.3753577768802643 1.8600000143051147 0.0 Pedestrian 
9.622031303327773 -13.138021497495743 -6.176100015640259 0.3753577768802643 0.3753577768802643 1.2999999523162842 0.0 Pedestrian 
16.205757584987264 9.100241425819945 -7.008667545393109 5.357479572296143 2.033203125 1.4106584787368774 0.0 Vehicle 
29.626605165322985 -22.691341069896225 -7.005163250025362 4.1928300857543945 1.8161858320236206 1.4738311767578125 0.0 Vehicle 
33.132200718072454 -23.954364751967887 -6.998320827493444 4.791779518127441 2.163450002670288 1.488319993019104 0.0 Vehicle 
29.38192995867226 15.157241213459088 -6.999912700652203 5.006059646606445 2.097083806991577 1.5347249507904053 0.0 Vehicle 
