9.908633190040451 7.275692402662912 -6.430398225784302 0.5 0.5 1.100000023841858 0.0 Pedestrian 
2.116127583944767 12.561930371270591 -5.896508097648621 0.3753577768802643 0.3753577768802643 1.8600000143051147 0.0 Pedestrian 
10.365301894422036 12.276184396258941 -5.896100163459778 0.3753577768802643 0.3753577768802643 1.8600000143051147 0.0 Pedestrian 
2.9932360986883992 12.461734089180027 -5.896113276481628 0.3753577768802643 0.3753577768802643 1.8600000143051147 0.0 Pedestrian 
14.354687093271089 16.929929909060775 -6.3285000920295715 0.3753577768802643 0.3753577768802643 1.2999999523162842 0.0 Pedestrian 
10.12519623873603 -9.45982577527991 -6.3285000920295715 0.3753577768802643 0.3753577768802643 1.2999999523162842 0.0 Pedestrian 
9.892778100496528 -11.718738083836342 -5.896100163459778 0.3753577768802643 0.3753577768802643 1.8600000143051147 0.0 Pedestrian 
8.3074303130295 -12.881282381543201 -6.176100015640259 0.3753577768802643 0.3753577768802643 1.2999999523162842 0.0 Pedestrian 
-0.31871208021173203 12.814401216883084 -5.896100163459778 0.3753577768802643 0.3753577768802643 1.8600000143051147 0.0 Pedestrian 
15.649754095638048 8.664789939137904 -7.004911250900477 5.357479572296143 2.033203125 1.4106584787368774 0.0 Vehicle 
29.626598109379444 -22.691139014100372 -7.005203990731388 4.1928300857543945 1.8161858320236206 1.4738311767578125 0.0 Vehicle 
33.132200718072454 -23.954364751967887 -6.998320827493444 4.791779518127441 2.163450002670288 1.488319993019104 0.0 Vehicle 
29.3369135282921 18.366180226283177 -6.999912662511633 5.006059646606445 2.097083806991577 1.5347249507904053 0.0 Vehicle 
