8.47079225935412 12.405578932665776 -5.896581292152405 0.3753577768802643 0.3753577768802643 1.8600000143051147 0.0 Pedestrian 
8.671104936314329 13.178719136096333 -6.27770721912384 0.5 0.5 1.100000023841858 0.0 Pedestrian 
10.734286058886156 0.7462250081460979 -6.048500180244446 0.3753577768802643 0.3753577768802643 1.8600000143051147 0.0 Pedestrian 
10.24049965185061 7.121374788034984 -6.048500180244446 0.3753577768802643 0.3753577768802643 1.8600000143051147 0.0 Pedestrian 
5.780432255342554 12.235073382860946 -5.896100163459778 0.3753577768802643 0.3753577768802643 1.8600000143051147 0.0 Pedestrian 
21.3010912645869 15.999865684096562 -6.3285000920295715 0.3753577768802643 0.3753577768802643 1.2999999523162842 0.0 Pedestrian 
10.75571041679514 -13.144813193277628 -6.176100075244904 0.3753577768802643 0.3753577768802643 1.2999999523162842 0.0 Pedestrian 
10.041756372065937 0.25565319180168444 -6.048500180244446 0.3753577768802643 0.3753577768802643 1.8600000143051147 0.0 Pedestrian 
13.99045965516487 -12.711694774652074 -6.3285000920295715 0.3753577768802643 0.3753577768802643 1.2999999523162842 0.0 Pedestrian 
16.710826287528754 9.592544174035993 -7.00264478684403 5.357479572296143 2.033203125 1.4106584787368774 0.0 Vehicle 
29.699298963954675 -30.29380772664547 -7.004130534827709 4.1928300857543945 1.8161858320236206 1.4738311767578125 0.0 Vehicle 
33.132200718072454 -23.954364751967887 -6.998320827493444 4.791779518127441 2.163450002670288 1.488319993019104 0.0 Vehicle 
29.519576583182737 5.080910727750595 -6.999912738800049 5.006059646606445 2.097083806991577 1.5347249507904053 0.0 Vehicle 
