-0.9969880334054722 12.644940346064345 -5.896581292152405 0.3753577768802643 0.3753577768802643 1.8600000143051147 0.0 Pedestrian 
9.91169161868385 9.072969838131485 -6.430478870868683 0.5 0.5 1.100000023841858 0.0 Pedestrian 
-1.6995351429253205 13.303429646802556 -5.896508097648621 0.3753577768802643 0.3753577768802643 1.8600000143051147 0.0 Pedestrian 
10.346315685236718 8.725304421149758 -6.048500180244446 0.3753577768802643 0.3753577768802643 1.8600000143051147 0.0 Pedestrian 
6.179705691937691 12.423584026868866 -5.896113276481628 0.3753577768802643 0.3753577768802643 1.8600000143051147 0.0 Pedestrian 
16.410020892945724 17.4850695306136 -6.3285000920295715 0.3753577768802643 0.3753577768802643 1.2999999523162842 0.0 Pedestrian 
10.234200836869277 -11.700746273873278 -6.176100075244904 0.3753577768802643 0.3753577768802643 1.2999999523162842 0.0 Pedestrian 
10.129253333590427 -9.598304043367307 -6.048500180244446 0.3753577768802643 0.3753577768802643 1.8600000143051147 0.0 Pedestrian 
9.39026527958815 -13.13287751082646 -6.176100015640259 0.3753577768802643 0.3753577768802643 1.2999999523162842 0.0 Pedestrian 
16.325058741368228 9.206592070070656 -7.0089965630322695 5.357479572296143 2.033203125 1.4106584787368774 0.0 Vehicle 
29.626595374200377 -22.69149790973404 -7.005130252800882 4.1928300857543945 1.8161858320236206 1.4738311767578125 0.0 Vehicle 
33.132200718072454 -23.954364751967887 -6.998320827493444 4.791779518127441 2.163450002670288 1.488319993019104 0.0 Vehicle 
29.388361354478278 14.698932610090424 -6.999912738800049 5.006059646606445 2.097083806991577 1.5347249507904053 0.0 Vehicle 
