9.967613125874633 1.5157639764234432 -6.430398225784302 0.5 0.5 1.100000023841858 0.0 Pedestrian 
10.33408926755149 12.528156819351693 -5.896508097648621 0.3753577768802643 0.3753577768802643 1.8600000143051147 0.0 Pedestrian 
1.0966848194719816 13.08200515502358 -5.896100163459778 0.3753577768802643 0.3753577768802643 1.8600000143051147 0.0 Pedestrian 
38.12388748657865 29.71629649784427 -6.176912307739258 0.3753577768802643 0.3753577768802643 1.2999999523162842 0.0 Pedestrian 
2.183668555950085 12.284877178137549 -5.897802948951721 0.3753577768802643 0.3753577768802643 1.8600000143051147 0.0 Pedestrian 
6.081582051469063 12.303222988370408 -5.897170901298523 0.3753577768802643 0.3753577768802643 1.8600000143051147 0.0 Pedestrian 
9.703195912897321 14.183055190355503 -6.1779152154922485 0.3753577768802643 0.3753577768802643 1.2999999523162842 0.0 Pedestrian 
10.353891137684105 -3.4776024059116253 -6.3285000920295715 0.3753577768802643 0.3753577768802643 1.2999999523162842 0.0 Pedestrian 
-0.4739189791638694 -12.557334998272381 -5.896100163459778 0.3753577768802643 0.3753577768802643 1.8600000143051147 0.0 Pedestrian 
10.456892446944117 -8.428334265299668 -6.328499913215637 0.3753577768802643 0.3753577768802643 1.2999999523162842 0.0 Pedestrian 
8.2721449522289 12.30834939363956 -5.896100163459778 0.3753577768802643 0.3753577768802643 1.8600000143051147 0.0 Pedestrian 
14.526611265979039 8.034513485021535 -7.0092539405450225 5.357479572296143 2.033203125 1.4106584787368774 0.0 Vehicle 
29.621313961360002 -22.15462917732941 -7.005336742382497 4.1928300857543945 1.8161858320236206 1.4738311767578125 0.0 Vehicle 
33.128542932418355 -23.583351931653738 -6.998531055520289 4.791779518127441 2.163450002670288 1.488319993019104 0.0 Vehicle 
29.19962351005684 28.460280982637073 -6.999912471772404 5.006059646606445 2.097083806991577 1.5347249507904053 0.0 Vehicle 
