9.992976785496758 -0.7731837990585291 -6.430398225784302 0.5 0.5 1.100000023841858 0.0 Pedestrian 
9.921499201728238 9.48686143130476 -6.048500061035156 0.3753577768802643 0.3753577768802643 1.8600000143051147 0.0 Pedestrian 
38.24175643739909 24.8754066934639 -6.176912307739258 0.3753577768802643 0.3753577768802643 1.2999999523162842 0.0 Pedestrian 
8.186822739654044 12.282671474776748 -5.897802948951721 0.3753577768802643 0.3753577768802643 1.8600000143051147 0.0 Pedestrian 
3.486379930081135 12.279856291787269 -5.897198796272278 0.3753577768802643 0.3753577768802643 1.8600000143051147 0.0 Pedestrian 
9.943054592092341 11.36306667884628 -6.048500061035156 0.3753577768802643 0.3753577768802643 1.8600000143051147 0.0 Pedestrian 
-1.9501343830901163 -11.777631580722414 -6.176051557064056 0.3753577768802643 0.3753577768802643 1.2999999523162842 0.0 Pedestrian 
8.462942609517306 13.248593881926126 -6.177344739437103 0.3753577768802643 0.3753577768802643 1.2999999523162842 0.0 Pedestrian 
2.5284238650758226 -13.208652589253234 -5.896094918251038 0.3753577768802643 0.3753577768802643 1.8600000143051147 0.0 Pedestrian 
10.62301492096297 0.9857446595235615 -6.3285000920295715 0.3753577768802643 0.3753577768802643 1.2999999523162842 0.0 Pedestrian 
10.354145041164522 -4.783419376636402 -6.328499913215637 0.3753577768802643 0.3753577768802643 1.2999999523162842 0.0 Pedestrian 
9.93949628714817 10.64823453071017 -6.048500061035156 0.3753577768802643 0.3753577768802643 1.8600000143051147 0.0 Pedestrian 
10.806937669823904 7.190251213908198 -7.009114207699895 5.357479572296143 2.033203125 1.4106584787368774 0.0 Vehicle 
29.575321445624468 -17.51207348485275 -7.005254230462015 4.1928300857543945 1.8161858320236206 1.4738311767578125 0.0 Vehicle 
33.07876632329857 -18.86478832543196 -6.998397693620063 4.791779518127441 2.163450002670288 1.488319993019104 0.0 Vehicle 
29.113775816312824 35.350308622736634 -6.999912548068096 5.006059646606445 2.097083806991577 1.5347249507904053 0.0 Vehicle 
