6.362278967480243 12.313914506465721 -5.896581292152405 0.3753577768802643 0.3753577768802643 1.8600000143051147 0.0 Pedestrian 
10.059518756218857 12.547084627433492 -6.27770721912384 0.5 0.5 1.100000023841858 0.0 Pedestrian 
10.455670585790504 3.8720136702126595 -6.048500180244446 0.3753577768802643 0.3753577768802643 1.8600000143051147 0.0 Pedestrian 
9.972313154563562 9.976061561221513 -6.048500180244446 0.3753577768802643 0.3753577768802643 1.8600000143051147 0.0 Pedestrian 
2.92744770697108 12.405280792174153 -5.896100163459778 0.3753577768802643 0.3753577768802643 1.8600000143051147 0.0 Pedestrian 
20.12311301892347 16.525821955797596 -6.3285000920295715 0.3753577768802643 0.3753577768802643 1.2999999523162842 0.0 Pedestrian 
9.305782535223017 -13.068917216449563 -6.176100075244904 0.3753577768802643 0.3753577768802643 1.2999999523162842 0.0 Pedestrian 
10.013012255389441 -2.5790131628790505 -6.048500180244446 0.3753577768802643 0.3753577768802643 1.8600000143051147 0.0 Pedestrian 
12.996603283643111 -12.685595833164484 -6.269607305526733 0.3753577768802643 0.3753577768802643 1.2999999523162842 0.0 Pedestrian 
16.707475840751663 9.590988156362869 -7.00763967493549 5.357479572296143 2.033203125 1.4106584787368774 0.0 Vehicle 
29.671612116413797 -27.38306198471912 -7.005224742926657 4.1928300857543945 1.8161858320236206 1.4738311767578125 0.0 Vehicle 
33.132200718072454 -23.954364751967887 -6.998320827493444 4.791779518127441 2.163450002670288 1.488319993019104 0.0 Vehicle 
29.482350840653822 7.8275937775208035 -6.999912738800049 5.006059646606445 2.097083806991577 1.5347249507904053 0.0 Vehicle 
