10.057962379734278 -6.8742962837176265 -6.430398225784302 0.5 0.5 1.100000023841858 0.0 Pedestrian 
11.075650596308364 3.474029783229298 -6.048500061035156 0.3753577768802643 0.3753577768802643 1.8600000143051147 0.0 Pedestrian 
4.015562226550948 12.566514022308183 -5.894415020942688 0.3753577768802643 0.3753577768802643 1.8600000143051147 0.0 Pedestrian 
38.15030390435964 18.363780288001294 -6.176912307739258 0.3753577768802643 0.3753577768802643 1.2999999523162842 0.0 Pedestrian 
10.183831680074523 11.092009585588357 -6.048500061035156 0.3753577768802643 0.3753577768802643 1.8600000143051147 0.0 Pedestrian 
10.04167705310568 12.051521627789839 -5.897209644317627 0.3753577768802643 0.3753577768802643 1.8600000143051147 0.0 Pedestrian 
11.01652657454504 4.8291485552387385 -6.048500061035156 0.3753577768802643 0.3753577768802643 1.8600000143051147 0.0 Pedestrian 
3.666607833206214 -12.370755466153128 -6.176051557064056 0.3753577768802643 0.3753577768802643 1.2999999523162842 0.0 Pedestrian 
10.434821821106379 9.013955645302076 -6.3285000920295715 0.3753577768802643 0.3753577768802643 1.2999999523162842 0.0 Pedestrian 
10.407559401952895 -10.185472282041587 -6.048500061035156 0.3753577768802643 0.3753577768802643 1.8600000143051147 0.0 Pedestrian 
10.049532815526458 6.338127833104068 -6.3285000920295715 0.3753577768802643 0.3753577768802643 1.2999999523162842 0.0 Pedestrian 
10.601106253689789 0.6932140228393564 -6.328499913215637 0.3753577768802643 0.3753577768802643 1.2999999523162842 0.0 Pedestrian 
-1.7799697558206233 12.577709183260481 -6.278580129146576 0.5 0.5 1.100000023841858 0.0 Pedestrian 
12.097592888893198 3.4975477074370502 -6.048500061035156 0.3753577768802643 0.3753577768802643 1.8600000143051147 0.0 Pedestrian 
22.170933889220862 39.229728300744796 -6.9614108465611935 3.987684965133667 1.8508483171463013 1.6171096563339233 0.0 Vehicle 
1.7309204019189988 6.851632373662312 -7.007572803180665 5.357479572296143 2.033203125 1.4106584787368774 0.0 Vehicle 
29.478734366450126 -7.7825637338230536 -7.005208606831729 4.1928300857543945 1.8161858320236206 1.4738311767578125 0.0 Vehicle 
32.977176072410806 -9.201435294947373 -6.998328571324237 4.791779518127441 2.163450002670288 1.488319993019104 0.0 Vehicle 
