-2.2899248847973723 12.49466347203213 -5.896581292152405 0.3753577768802643 0.3753577768802643 1.8600000143051147 0.0 Pedestrian 
9.887264758957024 8.59983711122129 -6.430398225784302 0.5 0.5 1.100000023841858 0.0 Pedestrian 
-0.22687021078824188 13.178920125432569 -5.896508097648621 0.3753577768802643 0.3753577768802643 1.8600000143051147 0.0 Pedestrian 
10.171272443232308 10.124256383075135 -6.048500180244446 0.3753577768802643 0.3753577768802643 1.8600000143051147 0.0 Pedestrian 
5.584613377500958 12.600313823573515 -5.896113276481628 0.3753577768802643 0.3753577768802643 1.8600000143051147 0.0 Pedestrian 
15.599767690013735 17.52678287708261 -6.3285000920295715 0.3753577768802643 0.3753577768802643 1.2999999523162842 0.0 Pedestrian 
10.16239639911695 -10.780436055960195 -6.3285000920295715 0.3753577768802643 0.3753577768802643 1.2999999523162842 0.0 Pedestrian 
10.477977337011723 -9.96690486831801 -6.048500180244446 0.3753577768802643 0.3753577768802643 1.8600000143051147 0.0 Pedestrian 
8.957753023173098 -13.049431374382493 -6.176100015640259 0.3753577768802643 0.3753577768802643 1.2999999523162842 0.0 Pedestrian 
-2.610030505669215 13.122365011751867 -5.896100163459778 0.3753577768802643 0.3753577768802643 1.8600000143051147 0.0 Pedestrian 
15.932299441309244 8.877886370861233 -7.008165798150003 5.357479572296143 2.033203125 1.4106584787368774 0.0 Vehicle 
29.626600572303133 -22.691209543010245 -7.005191745702177 4.1928300857543945 1.8161858320236206 1.4738311767578125 0.0 Vehicle 
33.132200718072454 -23.954364751967887 -6.998320827493444 4.791779518127441 2.163450002670288 1.488319993019104 0.0 Vehicle 
29.369079454389272 16.07394377803098 -6.999912586215942 5.006059646606445 2.097083806991577 1.5347249507904053 0.0 Vehicle 
