9.99291718703563 -1.3096960722220956 -6.430398225784302 0.5 0.5 1.100000023841858 0.0 Pedestrian 
9.912722340706846 9.358252880687132 -6.048500061035156 0.3753577768802643 0.3753577768802643 1.8600000143051147 0.0 Pedestrian 
38.181649996184106 24.21814825543788 -6.176912307739258 0.3753577768802643 0.3753577768802643 1.2999999523162842 0.0 Pedestrian 
8.149971281280603 12.282070703355885 -5.897802948951721 0.3753577768802643 0.3753577768802643 1.8600000143051147 0.0 Pedestrian 
4.308490933353582 12.310442060122341 -5.897198796272278 0.3753577768802643 0.3753577768802643 1.8600000143051147 0.0 Pedestrian 
9.951458713682488 11.284613073636251 -6.048500061035156 0.3753577768802643 0.3753577768802643 1.8600000143051147 0.0 Pedestrian 
-1.2944180549003121 -11.824784415023487 -6.176051557064056 0.3753577768802643 0.3753577768802643 1.2999999523162842 0.0 Pedestrian 
8.482383114268963 13.234481796922523 -6.177344739437103 0.3753577768802643 0.3753577768802643 1.2999999523162842 0.0 Pedestrian 
3.5036628330350936 -13.111732042862059 -5.896094918251038 0.3753577768802643 0.3753577768802643 1.8600000143051147 0.0 Pedestrian 
10.616850495112777 1.5566439956690488 -6.3285000920295715 0.3753577768802643 0.3753577768802643 1.2999999523162842 0.0 Pedestrian 
10.377594051151746 -4.366231111827574 -6.328499913215637 0.3753577768802643 0.3753577768802643 1.2999999523162842 0.0 Pedestrian 
10.203858800372416 10.654920795756084 -6.048500061035156 0.3753577768802643 0.3753577768802643 1.8600000143051147 0.0 Pedestrian 
10.067874213872502 7.1092589013593965 -7.008641070686281 5.357479572296143 2.033203125 1.4106584787368774 0.0 Vehicle 
29.566830104956992 -16.65549234367313 -7.00524293910712 4.1928300857543945 1.8161858320236206 1.4738311767578125 0.0 Vehicle 
33.06963187658333 -18.00072155866576 -6.998380184173584 4.791779518127441 2.163450002670288 1.488319993019104 0.0 Vehicle 
29.103176043237838 36.26945347578078 -6.999912319188297 5.006059646606445 2.097083806991577 1.5347249507904053 0.0 Vehicle 
