10.398302265977847 11.897378442371519 -6.0485000014305115 0.3753577768802643 0.3753577768802643 1.8600000143051147 0.0 Pedestrian 
7.680492094380952 13.740221997364529 -6.27770721912384 0.5 0.5 1.100000023841858 0.0 Pedestrian 
10.196572033569698 -0.8508735466235748 -6.048500180244446 0.3753577768802643 0.3753577768802643 1.8600000143051147 0.0 Pedestrian 
10.654118337712775 5.110420446494302 -6.048500180244446 0.3753577768802643 0.3753577768802643 1.8600000143051147 0.0 Pedestrian 
6.741062015867655 12.251915066819038 -5.896100163459778 0.3753577768802643 0.3753577768802643 1.8600000143051147 0.0 Pedestrian 
22.032731754321276 15.622289838391112 -6.3285000920295715 0.3753577768802643 0.3753577768802643 1.2999999523162842 0.0 Pedestrian 
11.94334285911414 -13.162855171960587 -6.176100075244904 0.3753577768802643 0.3753577768802643 1.2999999523162842 0.0 Pedestrian 
10.021405282611598 2.1500949248019765 -6.048500180244446 0.3753577768802643 0.3753577768802643 1.8600000143051147 0.0 Pedestrian 
14.769425078486577 -12.668050879327211 -6.3285000920295715 0.3753577768802643 0.3753577768802643 1.2999999523162842 0.0 Pedestrian 
17.03452514257767 9.971175334085842 -7.006991519592702 5.357479572296143 2.033203125 1.4106584787368774 0.0 Vehicle 
29.717819865247662 -32.23377721104873 -7.003635883331299 4.1928300857543945 1.8161858320236206 1.4738311767578125 0.0 Vehicle 
33.132200718072454 -23.954364751967887 -6.998320827493444 4.791779518127441 2.163450002670288 1.488319993019104 0.0 Vehicle 
29.543648420006637 3.250436883651332 -6.999912776947895 5.006059646606445 2.097083806991577 1.5347249507904053 0.0 Vehicle 
