9.997562380395067 -1.0649581390114236 -6.430398225784302 0.5 0.5 1.100000023841858 0.0 Pedestrian 
9.923667593014475 9.42258072172217 -6.048500061035156 0.3753577768802643 0.3753577768802643 1.8600000143051147 0.0 Pedestrian 
38.21170325007435 24.546776521357515 -6.176912307739258 0.3753577768802643 0.3753577768802643 1.2999999523162842 0.0 Pedestrian 
8.149971281280603 12.282070703355885 -5.897802948951721 0.3753577768802643 0.3753577768802643 1.8600000143051147 0.0 Pedestrian 
3.890853081637623 12.28186557526385 -5.897198796272278 0.3753577768802643 0.3753577768802643 1.8600000143051147 0.0 Pedestrian 
9.946555347549904 11.320531315349285 -6.048500061035156 0.3753577768802643 0.3753577768802643 1.8600000143051147 0.0 Pedestrian 
-1.6189286481795406 -11.799351012977468 -6.176051557064056 0.3753577768802643 0.3753577768802643 1.2999999523162842 0.0 Pedestrian 
8.700445113809607 13.159190005481037 -6.177344739437103 0.3753577768802643 0.3753577768802643 1.2999999523162842 0.0 Pedestrian 
3.012257639749791 -13.15103292880633 -5.896094918251038 0.3753577768802643 0.3753577768802643 1.8600000143051147 0.0 Pedestrian 
10.623588066060554 1.286754316931649 -6.3285000920295715 0.3753577768802643 0.3753577768802643 1.2999999523162842 0.0 Pedestrian 
10.348352686117607 -4.592626430333098 -6.328499913215637 0.3753577768802643 0.3753577768802643 1.2999999523162842 0.0 Pedestrian 
10.020709027479544 10.638565021853424 -6.048500061035156 0.3753577768802643 0.3753577768802643 1.8600000143051147 0.0 Pedestrian 
10.444801858908873 7.148485565463432 -7.008856334723532 5.357479572296143 2.033203125 1.4106584787368774 0.0 Vehicle 
29.5711212005739 -17.087925660204064 -7.00524797430262 4.1928300857543945 1.8161858320236206 1.4738311767578125 0.0 Vehicle 
33.074246703586425 -18.435867015833082 -6.998388423933648 4.791779518127441 2.163450002670288 1.488319993019104 0.0 Vehicle 
29.108476362451114 35.80986865904481 -6.999912586215942 5.006059646606445 2.097083806991577 1.5347249507904053 0.0 Vehicle 
