9.954722272758985 2.5840259761810103 -6.430398225784302 0.5 0.5 1.100000023841858 0.0 Pedestrian 
8.077140651684235 12.159701521641637 -5.896508097648621 0.3753577768802643 0.3753577768802643 1.8600000143051147 0.0 Pedestrian 
3.0726894658109316 13.038042063871671 -5.896100163459778 0.3753577768802643 0.3753577768802643 1.8600000143051147 0.0 Pedestrian 
37.72161364095244 30.88339587625319 -6.176912307739258 0.3753577768802643 0.3753577768802643 1.2999999523162842 0.0 Pedestrian 
0.250037552587699 12.43669945347824 -5.897802948951721 0.3753577768802643 0.3753577768802643 1.8600000143051147 0.0 Pedestrian 
4.2190133977968785 12.176402150924218 -5.897170901298523 0.3753577768802643 0.3753577768802643 1.8600000143051147 0.0 Pedestrian 
10.966783037813641 14.443202151111109 -6.178647100925446 0.3753577768802643 0.3753577768802643 1.2999999523162842 0.0 Pedestrian 
10.358351775743479 -4.724623922849787 -6.3285000920295715 0.3753577768802643 0.3753577768802643 1.2999999523162842 0.0 Pedestrian 
1.4131019633436352 -12.592954401057682 -5.896100163459778 0.3753577768802643 0.3753577768802643 1.8600000143051147 0.0 Pedestrian 
10.502973853267598 -9.347001568463384 -6.328499913215637 0.3753577768802643 0.3753577768802643 1.2999999523162842 0.0 Pedestrian 
7.293244553623509 12.370056680407743 -5.896100163459778 0.3753577768802643 0.3753577768802643 1.8600000143051147 0.0 Pedestrian 
15.299094411582875 8.436487798157714 -7.009896258823574 5.357479572296143 2.033203125 1.4106584787368774 0.0 Vehicle 
29.626386143638214 -22.66233362143521 -7.005247020628303 4.1928300857543945 1.8161858320236206 1.4738311767578125 0.0 Vehicle 
33.13204360294601 -23.931939505570313 -6.998385868151672 4.791779518127441 2.163450002670288 1.488319993019104 0.0 Vehicle 
29.223883169501207 26.623991381236465 -6.999912548068096 5.006059646606445 2.097083806991577 1.5347249507904053 0.0 Vehicle 
