9.938018026763048 4.1794724628963955 -6.430398225784302 0.5 0.5 1.100000023841858 0.0 Pedestrian 
6.232155839361056 12.244201526770325 -5.896508097648621 0.3753577768802643 0.3753577768802643 1.8600000143051147 0.0 Pedestrian 
5.723489121579746 12.697457167790617 -5.896100163459778 0.3753577768802643 0.3753577768802643 1.8600000143051147 0.0 Pedestrian 
-2.725637991103177 12.731855331289808 -5.897802948951721 0.3753577768802643 0.3753577768802643 1.8600000143051147 0.0 Pedestrian 
-1.6525134587672028 13.446079172675468 -5.896113276481628 0.3753577768802643 0.3753577768802643 1.8600000143051147 0.0 Pedestrian 
1.3995497091365579 12.394491902032769 -5.897170901298523 0.3753577768802643 0.3753577768802643 1.8600000143051147 0.0 Pedestrian 
11.827602034592559 15.112470749200952 -6.178647100925446 0.3753577768802643 0.3753577768802643 1.2999999523162842 0.0 Pedestrian 
10.386383625679407 -6.45600834465813 -6.3285000920295715 0.3753577768802643 0.3753577768802643 1.2999999523162842 0.0 Pedestrian 
4.480434529282022 -12.53491243440044 -5.896100163459778 0.3753577768802643 0.3753577768802643 1.8600000143051147 0.0 Pedestrian 
10.37836693259122 -11.007888237747693 -6.328499913215637 0.3753577768802643 0.3753577768802643 1.2999999523162842 0.0 Pedestrian 
4.986717268395481 12.205000188890835 -5.896100163459778 0.3753577768802643 0.3753577768802643 1.8600000143051147 0.0 Pedestrian 
15.647835288728142 8.664647546731999 -7.007469768170267 5.357479572296143 2.033203125 1.4106584787368774 0.0 Vehicle 
29.62659790968293 -22.691133295540112 -7.005204486660659 4.1928300857543945 1.8161858320236206 1.4738311767578125 0.0 Vehicle 
33.132200718072454 -23.954364751967887 -6.998320827493444 4.791779518127441 2.163450002670288 1.488319993019104 0.0 Vehicle 
29.261273775740392 23.870401147691723 -6.99991250992025 5.006059646606445 2.097083806991577 1.5347249507904053 0.0 Vehicle 
