5.903104291948793 12.313101105863893 -5.896581292152405 0.3753577768802643 0.3753577768802643 1.8600000143051147 0.0 Pedestrian 
9.913031222364971 12.850672777007844 -6.27770721912384 0.5 0.5 1.100000023841858 0.0 Pedestrian 
10.543475107527644 3.378893331976215 -6.048500180244446 0.3753577768802643 0.3753577768802643 1.8600000143051147 0.0 Pedestrian 
9.94068817143889 9.48476179787815 -6.048500180244446 0.3753577768802643 0.3753577768802643 1.8600000143051147 0.0 Pedestrian 
3.351262657098559 12.36277577621297 -5.896100163459778 0.3753577768802643 0.3753577768802643 1.8600000143051147 0.0 Pedestrian 
20.327343138240302 16.44350572209339 -6.3285000920295715 0.3753577768802643 0.3753577768802643 1.2999999523162842 0.0 Pedestrian 
9.54737438454886 -13.086545182002851 -6.176100075244904 0.3753577768802643 0.3753577768802643 1.2999999523162842 0.0 Pedestrian 
10.02942930745964 -2.1834386287680445 -6.048500180244446 0.3753577768802643 0.3753577768802643 1.8600000143051147 0.0 Pedestrian 
13.093082305649219 -12.725819017594858 -6.3285000920295715 0.3753577768802643 0.3753577768802643 1.2999999523162842 0.0 Pedestrian 
16.70755225463556 9.59098605351619 -7.00761835090816 5.357479572296143 2.033203125 1.4106584787368774 0.0 Vehicle 
29.676231785111128 -27.868189274510087 -7.005243053194135 4.1928300857543945 1.8161858320236206 1.4738311767578125 0.0 Vehicle 
33.132200718072454 -23.954364751967887 -6.998320827493444 4.791779518127441 2.163450002670288 1.488319993019104 0.0 Vehicle 
29.488568025636955 7.3697354978870635 -6.999912586215942 5.006059646606445 2.097083806991577 1.5347249507904053 0.0 Vehicle 
