0.20317897998276635 12.662765687479123 -5.896581292152405 0.3753577768802643 0.3753577768802643 1.8600000143051147 0.0 Pedestrian 
10.168710179960435 9.272033323452433 -6.428500056266785 0.5 0.5 1.100000023841858 0.0 Pedestrian 
10.228438089538528 8.715912919839184 -6.048500180244446 0.3753577768802643 0.3753577768802643 1.8600000143051147 0.0 Pedestrian 
7.6122803320114585 12.53769080777954 -5.896113276481628 0.3753577768802643 0.3753577768802643 1.8600000143051147 0.0 Pedestrian 
-2.6738936421540984 12.378120947570324 -5.896100163459778 0.3753577768802643 0.3753577768802643 1.8600000143051147 0.0 Pedestrian 
17.209591119200084 17.291943544339233 -6.3285000920295715 0.3753577768802643 0.3753577768802643 1.2999999523162842 0.0 Pedestrian 
9.582425330046206 -12.413967982984445 -6.176100075244904 0.3753577768802643 0.3753577768802643 1.2999999523162842 0.0 Pedestrian 
10.087695081297227 -8.336089897598299 -6.048500180244446 0.3753577768802643 0.3753577768802643 1.8600000143051147 0.0 Pedestrian 
10.149046347403555 -13.14957181189584 -6.176100015640259 0.3753577768802643 0.3753577768802643 1.2999999523162842 0.0 Pedestrian 
16.59969540447163 9.476084612488876 -7.009303684346378 5.357479572296143 2.033203125 1.4106584787368774 0.0 Vehicle 
29.626615598127216 -22.69295148908816 -7.00482828123495 4.1928300857543945 1.8161858320236206 1.4738311767578125 0.0 Vehicle 
33.132200718072454 -23.954364751967887 -6.998320827493444 4.791779518127441 2.163450002670288 1.488319993019104 0.0 Vehicle 
29.407405792075714 13.32416316475394 -6.999912738800049 5.006059646606445 2.097083806991577 1.5347249507904053 0.0 Vehicle 
