9.935551235181107 6.200991870177006 -6.430398225784302 0.5 0.5 1.100000023841858 0.0 Pedestrian 
3.0217098315645714 12.22217297329837 -5.896508097648621 0.3753577768802643 0.3753577768802643 1.8600000143051147 0.0 Pedestrian 
8.025528105074336 12.387239723018979 -5.896100163459778 0.3753577768802643 0.3753577768802643 1.8600000143051147 0.0 Pedestrian 
2.6044651861025514 12.860028956698216 -5.896113276481628 0.3753577768802643 0.3753577768802643 1.8600000143051147 0.0 Pedestrian 
-2.5070444796837634 12.81273363014975 -5.897170901298523 0.3753577768802643 0.3753577768802643 1.8600000143051147 0.0 Pedestrian 
13.492212835242 16.520988380589415 -6.176100015640259 0.3753577768802643 0.3753577768802643 1.2999999523162842 0.0 Pedestrian 
10.233905620242957 -8.489649152152879 -6.3285000920295715 0.3753577768802643 0.3753577768802643 1.2999999523162842 0.0 Pedestrian 
7.625172533479301 -12.284385049526804 -5.896100163459778 0.3753577768802643 0.3753577768802643 1.8600000143051147 0.0 Pedestrian 
9.036818605521816 -12.953017786913165 -6.176100015640259 0.3753577768802643 0.3753577768802643 1.2999999523162842 0.0 Pedestrian 
1.6563132757817485 12.455262912902072 -5.896100163459778 0.3753577768802643 0.3753577768802643 1.8600000143051147 0.0 Pedestrian 
15.647533310936716 8.664550641300593 -7.00761835090816 5.357479572296143 2.033203125 1.4106584787368774 0.0 Vehicle 
29.62659790968293 -22.691133295540112 -7.005204486660659 4.1928300857543945 1.8161858320236206 1.4738311767578125 0.0 Vehicle 
33.132200718072454 -23.954364751967887 -6.998320827493444 4.791779518127441 2.163450002670288 1.488319993019104 0.0 Vehicle 
29.311258047215652 20.200467723233828 -6.9999126243637875 5.006059646606445 2.097083806991577 1.5347249507904053 0.0 Vehicle 
