10.15905101375953 0.41115570410408964 -6.430398225784302 0.5 0.5 1.100000023841858 0.0 Pedestrian 
9.868278745423435 9.88767543120889 -6.048500061035156 0.3753577768802643 0.3753577768802643 1.8600000143051147 0.0 Pedestrian 
-2.640236663171862 13.273811691228843 -5.896100163459778 0.3753577768802643 0.3753577768802643 1.8600000143051147 0.0 Pedestrian 
38.56942414836762 27.53591809373279 -6.176912307739258 0.3753577768802643 0.3753577768802643 1.2999999523162842 0.0 Pedestrian 
5.473570548212834 12.28982996985917 -5.897802948951721 0.3753577768802643 0.3753577768802643 1.8600000143051147 0.0 Pedestrian 
-0.3635344304791843 12.422514894714254 -5.897198796272278 0.3753577768802643 0.3753577768802643 1.8600000143051147 0.0 Pedestrian 
8.440756276565281 12.552152445707861 -5.897170901298523 0.3753577768802643 0.3753577768802643 1.8600000143051147 0.0 Pedestrian 
7.644850930121244 13.840938640985883 -6.177344739437103 0.3753577768802643 0.3753577768802643 1.2999999523162842 0.0 Pedestrian 
-1.114350313708215 -13.414839074164433 -5.896094918251038 0.3753577768802643 0.3753577768802643 1.8600000143051147 0.0 Pedestrian 
10.5226883372512 -1.2803724123166376 -6.3285000920295715 0.3753577768802643 0.3753577768802643 1.2999999523162842 0.0 Pedestrian 
10.402299207333058 -6.610525780955754 -6.328499913215637 0.3753577768802643 0.3753577768802643 1.2999999523162842 0.0 Pedestrian 
9.923426264521026 10.863576076451295 -6.048500061035156 0.3753577768802643 0.3753577768802643 1.8600000143051147 0.0 Pedestrian 
12.88388636232539 7.531287830766303 -7.004541797563434 5.357479572296143 2.033203125 1.4106584787368774 0.0 Vehicle 
29.60402301133942 -20.40378265381844 -7.005213069729507 4.1928300857543945 1.8161858320236206 1.4738311767578125 0.0 Vehicle 
33.11109566340322 -21.926840945046138 -6.998502941220067 4.791779518127441 2.163450002670288 1.488319993019104 0.0 Vehicle 
29.15841073845695 31.674849334609462 -6.999912662511633 5.006059646606445 2.097083806991577 1.5347249507904053 0.0 Vehicle 
