9.951340056305268 3.122910335682093 -6.430398225784302 0.5 0.5 1.100000023841858 0.0 Pedestrian 
7.950754687252299 12.30782531299451 -5.896508097648621 0.3753577768802643 0.3753577768802643 1.8600000143051147 0.0 Pedestrian 
3.9463893430005754 13.077866823723411 -5.896100163459778 0.3753577768802643 0.3753577768802643 1.8600000143051147 0.0 Pedestrian 
37.54469740897933 31.43618260689493 -6.176912307739258 0.3753577768802643 0.3753577768802643 1.2999999523162842 0.0 Pedestrian 
-0.7438335921524271 12.5218090476003 -5.897802948951721 0.3753577768802643 0.3753577768802643 1.8600000143051147 0.0 Pedestrian 
3.2829495667648345 12.235211930576611 -5.897170901298523 0.3753577768802643 0.3753577768802643 1.8600000143051147 0.0 Pedestrian 
11.128158316956757 14.298723545682265 -6.178647100925446 0.3753577768802643 0.3753577768802643 1.2999999523162842 0.0 Pedestrian 
10.374742797140165 -5.315548800246006 -6.3285000920295715 0.3753577768802643 0.3753577768802643 1.2999999523162842 0.0 Pedestrian 
2.4779266044848214 -12.607748211444118 -5.896100163459778 0.3753577768802643 0.3753577768802643 1.8600000143051147 0.0 Pedestrian 
10.4876276737225 -9.898287063375847 -6.328499913215637 0.3753577768802643 0.3753577768802643 1.2999999523162842 0.0 Pedestrian 
6.272642280163403 12.250452466189586 -5.896100163459778 0.3753577768802643 0.3753577768802643 1.8600000143051147 0.0 Pedestrian 
15.523107138493494 8.580790521282893 -7.009269656613469 5.357479572296143 2.033203125 1.4106584787368774 0.0 Vehicle 
29.626603434619852 -22.69129150904064 -7.005203380249441 4.1928300857543945 1.8161858320236206 1.4738311767578125 0.0 Vehicle 
33.13220624300938 -23.954522965468414 -6.998318996513262 4.791779518127441 2.163450002670288 1.488319993019104 0.0 Vehicle 
29.23625889124139 25.70601929924362 -6.999912395476713 5.006059646606445 2.097083806991577 1.5347249507904053 0.0 Vehicle 
