9.911411975544326 7.758821714704368 -6.430398225784302 0.5 0.5 1.100000023841858 0.0 Pedestrian 
1.146489530316316 12.81398298527813 -5.896508097648621 0.3753577768802643 0.3753577768802643 1.8600000143051147 0.0 Pedestrian 
10.344449203789086 10.908019329054127 -6.048500180244446 0.3753577768802643 0.3753577768802643 1.8600000143051147 0.0 Pedestrian 
3.7648456768715093 12.828387614742724 -5.896113276481628 0.3753577768802643 0.3753577768802643 1.8600000143051147 0.0 Pedestrian 
14.839499295270343 17.125675024273846 -6.3285000920295715 0.3753577768802643 0.3753577768802643 1.2999999523162842 0.0 Pedestrian 
10.104822932027702 -9.932736314404906 -6.3285000920295715 0.3753577768802643 0.3753577768802643 1.2999999523162842 0.0 Pedestrian 
10.644128179634961 -11.363488286959978 -6.048500180244446 0.3753577768802643 0.3753577768802643 1.8600000143051147 0.0 Pedestrian 
8.124991206917642 -12.893941839856893 -6.176100015640259 0.3753577768802643 0.3753577768802643 1.2999999523162842 0.0 Pedestrian 
-1.2459306144358067 12.96269602452628 -5.896100163459778 0.3753577768802643 0.3753577768802643 1.8600000143051147 0.0 Pedestrian 
15.650336993886555 8.665149532270902 -7.003775691846386 5.357479572296143 2.033203125 1.4106584787368774 0.0 Vehicle 
29.626598375641464 -22.691146638847385 -7.005202426575124 4.1928300857543945 1.8161858320236206 1.4738311767578125 0.0 Vehicle 
33.132200718072454 -23.954364751967887 -6.998320827493444 4.791779518127441 2.163450002670288 1.488319993019104 0.0 Vehicle 
29.349773618007823 17.449203170818805 -6.999912700652203 5.006059646606445 2.097083806991577 1.5347249507904053 0.0 Vehicle 
