10.072844317617655 -3.2089458969921907 -6.430398225784302 0.5 0.5 1.100000023841858 0.0 Pedestrian 
10.763242699549103 9.066737420932668 -6.048500061035156 0.3753577768802643 0.3753577768802643 1.8600000143051147 0.0 Pedestrian 
-2.209521298212678 12.725463892064568 -5.894415020942688 0.3753577768802643 0.3753577768802643 1.8600000143051147 0.0 Pedestrian 
37.97127715238689 21.917752300187203 -6.176912307739258 0.3753577768802643 0.3753577768802643 1.2999999523162842 0.0 Pedestrian 
8.149971281280603 12.282070703355885 -5.897802948951721 0.3753577768802643 0.3753577768802643 1.8600000143051147 0.0 Pedestrian 
7.158194755689635 12.7334886450883 -5.897198796272278 0.3753577768802643 0.3753577768802643 1.8600000143051147 0.0 Pedestrian 
10.436323465109826 10.643324196037952 -6.048500061035156 0.3753577768802643 0.3753577768802643 1.8600000143051147 0.0 Pedestrian 
0.5720231040879895 -12.079060153066052 -6.176051557064056 0.3753577768802643 0.3753577768802643 1.2999999523162842 0.0 Pedestrian 
9.995663971242305 12.311089334790722 -6.177344739437103 0.3753577768802643 0.3753577768802643 1.2999999523162842 0.0 Pedestrian 
6.578601309625455 -12.518600449733754 -5.896094918251038 0.3753577768802643 0.3753577768802643 1.8600000143051147 0.0 Pedestrian 
10.744872427938546 3.0388516377033454 -6.3285000920295715 0.3753577768802643 0.3753577768802643 1.2999999523162842 0.0 Pedestrian 
10.745693617671115 -2.9168775739403827 -6.328499913215637 0.3753577768802643 0.3753577768802643 1.2999999523162842 0.0 Pedestrian 
11.369919134921815 9.208429292371079 -6.048500061035156 0.3753577768802643 0.3753577768802643 1.8600000143051147 0.0 Pedestrian 
7.158530746672147 6.918010553651868 -7.007886600680649 5.357479572296143 2.033203125 1.4106584787368774 0.0 Vehicle 
29.53530968695034 -13.479316855022489 -7.005219287704676 4.1928300857543945 1.8161858320236206 1.4738311767578125 0.0 Vehicle 
33.036339087745844 -14.836751819788446 -6.998345699394122 4.791779518127441 2.163450002670288 1.488319993019104 0.0 Vehicle 
29.06737455417823 39.487336935357916 -6.999912548068096 5.006059646606445 2.097083806991577 1.5347249507904053 0.0 Vehicle 
