10.034986857037559 -5.260161218360281 -6.430398225784302 0.5 0.5 1.100000023841858 0.0 Pedestrian 
11.349227513625834 5.610197330772053 -6.048500061035156 0.3753577768802643 0.3753577768802643 1.8600000143051147 0.0 Pedestrian 
1.396370579742424 12.578221095424169 -5.894415020942688 0.3753577768802643 0.3753577768802643 1.8600000143051147 0.0 Pedestrian 
37.76090437515518 19.61735443874977 -6.176912307739258 0.3753577768802643 0.3753577768802643 1.2999999523162842 0.0 Pedestrian 
8.724470613039436 12.498734609933308 -5.897802948951721 0.3753577768802643 0.3753577768802643 1.8600000143051147 0.0 Pedestrian 
8.623858747095582 13.116826150337829 -5.897198796272278 0.3753577768802643 0.3753577768802643 1.8600000143051147 0.0 Pedestrian 
10.965337855963627 7.30716815914235 -6.048500061035156 0.3753577768802643 0.3753577768802643 1.8600000143051147 0.0 Pedestrian 
2.27210182060837 -12.364777655979424 -6.176051557064056 0.3753577768802643 0.3753577768802643 1.2999999523162842 0.0 Pedestrian 
10.30766100765804 10.50074039402432 -6.3285000920295715 0.3753577768802643 0.3753577768802643 1.2999999523162842 0.0 Pedestrian 
9.121388025159547 -12.251700204723647 -5.896094918251038 0.3753577768802643 0.3753577768802643 1.8600000143051147 0.0 Pedestrian 
10.627365074561103 4.938257612378891 -6.3285000920295715 0.3753577768802643 0.3753577768802643 1.2999999523162842 0.0 Pedestrian 
10.787468050031862 -0.6494767445269645 -6.328499913215637 0.3753577768802643 0.3753577768802643 1.2999999523162842 0.0 Pedestrian 
-2.7057678342203886 12.188644493563174 -6.278580129146576 0.5 0.5 1.100000023841858 0.0 Pedestrian 
12.01143081537251 5.880085925494342 -6.048500061035156 0.3753577768802643 0.3753577768802643 1.8600000143051147 0.0 Pedestrian 
22.189602876953785 41.68833281807599 -6.961410887539387 3.987684965133667 1.8508483171463013 1.6171096563339233 0.0 Vehicle 
4.0211245846202885 6.85277437998684 -7.007638873998076 5.357479572296143 2.033203125 1.4106584787368774 0.0 Vehicle 
29.502622163171054 -10.173531226368823 -7.005210933741182 4.1928300857543945 1.8161858320236206 1.4738311767578125 0.0 Vehicle 
33.00206428375438 -11.565086637870422 -6.998332576826215 4.791779518127441 2.163450002670288 1.488319993019104 0.0 Vehicle 
