4.021643908273241 12.551943070991797 -5.896581292152405 0.3753577768802643 0.3753577768802643 1.8600000143051147 0.0 Pedestrian 
9.962274368406309 11.493874460544703 -6.428500056266785 0.5 0.5 1.100000023841858 0.0 Pedestrian 
10.149639246066236 5.818019264934833 -6.048500180244446 0.3753577768802643 0.3753577768802643 1.8600000143051147 0.0 Pedestrian 
10.368994661981294 10.9112411207675 -6.048500180244446 0.3753577768802643 0.3753577768802643 1.8600000143051147 0.0 Pedestrian 
1.2058321933874012 12.509366103548587 -5.896100163459778 0.3753577768802643 0.3753577768802643 1.8600000143051147 0.0 Pedestrian 
19.237749424624937 16.914004866255368 -6.3285000920295715 0.3753577768802643 0.3753577768802643 1.2999999523162842 0.0 Pedestrian 
8.53345654849879 -12.93411247498193 -6.176100075244904 0.3753577768802643 0.3753577768802643 1.2999999523162842 0.0 Pedestrian 
10.023309571105685 -4.614903412527951 -6.048500180244446 0.3753577768802643 0.3753577768802643 1.8600000143051147 0.0 Pedestrian 
11.943966942168188 -12.91620791790342 -6.176100015640259 0.3753577768802643 0.3753577768802643 1.2999999523162842 0.0 Pedestrian 
16.707496648465366 9.590829522293006 -7.007481632288545 5.357479572296143 2.033203125 1.4106584787368774 0.0 Vehicle 
29.653078839930217 -25.442300900289183 -7.005207653157413 4.1928300857543945 1.8161858320236206 1.4738311767578125 0.0 Vehicle 
33.132200718072454 -23.954364751967887 -6.998320827493444 4.791779518127441 2.163450002670288 1.488319993019104 0.0 Vehicle 
29.457471674899047 9.659325452556004 -6.999912738800049 5.006059646606445 2.097083806991577 1.5347249507904053 0.0 Vehicle 
