9.519698798916036 12.234073426300483 -5.896581292152405 0.3753577768802643 0.3753577768802643 1.8600000143051147 0.0 Pedestrian 
8.191352109549001 13.449764527525076 -6.27770721912384 0.5 0.5 1.100000023841858 0.0 Pedestrian 
10.535560635118088 -0.06274932165194969 -6.048500180244446 0.3753577768802643 0.3753577768802643 1.8600000143051147 0.0 Pedestrian 
10.451027654210357 6.141231245743285 -6.048500180244446 0.3753577768802643 0.3753577768802643 1.8600000143051147 0.0 Pedestrian 
5.869739603275686 12.209154542152305 -5.896100163459778 0.3753577768802643 0.3753577768802643 1.8600000143051147 0.0 Pedestrian 
21.680755462130826 15.84136642323449 -6.3285000920295715 0.3753577768802643 0.3753577768802643 1.2999999523162842 0.0 Pedestrian 
11.311460004104688 -13.157675099536732 -6.176100075244904 0.3753577768802643 0.3753577768802643 1.2999999523162842 0.0 Pedestrian 
9.964711615887229 0.9194110488751903 -6.048500180244446 0.3753577768802643 0.3753577768802643 1.8600000143051147 0.0 Pedestrian 
14.378225628496608 -12.695145875349453 -6.3285000920295715 0.3753577768802643 0.3753577768802643 1.2999999523162842 0.0 Pedestrian 
16.7806637724988 9.67120841570761 -7.005616435781121 5.357479572296143 2.033203125 1.4106584787368774 0.0 Vehicle 
29.709166132652484 -31.263677764734553 -7.0044796178117394 4.1928300857543945 1.8161858320236206 1.4738311767578125 0.0 Vehicle 
33.132200718072454 -23.954364751967887 -6.998320827493444 4.791779518127441 2.163450002670288 1.488319993019104 0.0 Vehicle 
29.531599770408928 4.1656011582601025 -6.9999129676871235 5.006059646606445 2.097083806991577 1.5347249507904053 0.0 Vehicle 
