10.082660926688884 -2.6042472343219742 -6.430398225784302 0.5 0.5 1.100000023841858 0.0 Pedestrian 
10.211161864906625 8.887970249937439 -6.048500061035156 0.3753577768802643 0.3753577768802643 1.8600000143051147 0.0 Pedestrian 
38.031383726732884 22.575006925839716 -6.176912307739258 0.3753577768802643 0.3753577768802643 1.2999999523162842 0.0 Pedestrian 
8.149971281280603 12.282070703355885 -5.897802948951721 0.3753577768802643 0.3753577768802643 1.8600000143051147 0.0 Pedestrian 
6.339828669593658 12.555000929588687 -5.897198796272278 0.3753577768802643 0.3753577768802643 1.8600000143051147 0.0 Pedestrian 
10.199103279080571 11.07529471093244 -6.048500061035156 0.3753577768802643 0.3753577768802643 1.8600000143051147 0.0 Pedestrian 
0.20024076041283934 -12.00067310084205 -6.176051557064056 0.3753577768802643 0.3753577768802643 1.2999999523162842 0.0 Pedestrian 
10.01699480966235 12.798115739205741 -6.177344739437103 0.3753577768802643 0.3753577768802643 1.2999999523162842 0.0 Pedestrian 
5.690167339074094 -12.7035714909008 -5.896094918251038 0.3753577768802643 0.3753577768802643 1.8600000143051147 0.0 Pedestrian 
10.682923989131982 2.565070166160041 -6.3285000920295715 0.3753577768802643 0.3753577768802643 1.2999999523162842 0.0 Pedestrian 
10.692166705683857 -3.3489380979414136 -6.328499913215637 0.3753577768802643 0.3753577768802643 1.2999999523162842 0.0 Pedestrian 
11.009526269397796 10.33397525120688 -6.048500061035156 0.3753577768802643 0.3753577768802643 1.8600000143051147 0.0 Pedestrian 
8.024650273713043 6.956734912482602 -7.008026523515582 5.357479572296143 2.033203125 1.4106584787368774 0.0 Vehicle 
29.54451865274075 -14.406291276580419 -7.005223827436566 4.1928300857543945 1.8161858320236206 1.4738311767578125 0.0 Vehicle 
33.046029609819314 -15.756529605626383 -6.998352413182147 4.791779518127441 2.163450002670288 1.488319993019104 0.0 Vehicle 
29.077346695646582 38.56780182226066 -6.999912433624559 5.006059646606445 2.097083806991577 1.5347249507904053 0.0 Vehicle 
