7.927564643491621 12.436305686462106 -5.896581292152405 0.3753577768802643 0.3753577768802643 1.8600000143051147 0.0 Pedestrian 
8.45113965122075 13.302830025318485 -6.27770721912384 0.5 0.5 1.100000023841858 0.0 Pedestrian 
10.742556204017333 1.250925703077769 -6.048500180244446 0.3753577768802643 0.3753577768802643 1.8600000143051147 0.0 Pedestrian 
10.104431107640824 7.603610118626989 -6.048500180244446 0.3753577768802643 0.3753577768802643 1.8600000143051147 0.0 Pedestrian 
5.168530434573874 12.2605058148348 -5.896100163459778 0.3753577768802643 0.3753577768802643 1.8600000143051147 0.0 Pedestrian 
21.114055539246046 16.086919057423074 -6.3285000920295715 0.3753577768802643 0.3753577768802643 1.2999999523162842 0.0 Pedestrian 
10.514112045326954 -13.1366173181882 -6.176100075244904 0.3753577768802643 0.3753577768802643 1.2999999523162842 0.0 Pedestrian 
9.994534081110462 -0.29486269502785944 -6.048500180244446 0.3753577768802643 0.3753577768802643 1.8600000143051147 0.0 Pedestrian 
13.796513849600117 -12.724072808710844 -6.3285000920295715 0.3753577768802643 0.3753577768802643 1.2999999523162842 0.0 Pedestrian 
16.71018525362086 9.592100484776438 -7.0038340566679835 5.357479572296143 2.033203125 1.4106584787368774 0.0 Vehicle 
29.694673038099864 -29.80850125529969 -7.005181178916246 4.1928300857543945 1.8161858320236206 1.4738311767578125 0.0 Vehicle 
33.132200718072454 -23.954364751967887 -6.998320827493444 4.791779518127441 2.163450002670288 1.488319993019104 0.0 Vehicle 
29.513425923712845 5.538612849519552 -6.999912891391432 5.006059646606445 2.097083806991577 1.5347249507904053 0.0 Vehicle 
