10.22831341147068 -11.418475022448888 -6.28808206319809 0.5 0.5 1.100000023841858 0.0 Pedestrian 
-1.059141068996368 -8.405156947586761 -5.582346320152283 0.3753577768802643 0.3753577768802643 1.8600000143051147 0.0 Pedestrian 
10.914954192870365 -3.0082145794171993 -6.048500061035156 0.3753577768802643 0.3753577768802643 1.8600000143051147 0.0 Pedestrian 
24.587723112699933 15.29135334199259 -6.3285000920295715 0.3753577768802643 0.3753577768802643 1.2999999523162842 0.0 Pedestrian 
11.001251919190544 -9.112326850046884 -6.0484729409217834 0.3753577768802643 0.3753577768802643 1.8600000143051147 0.0 Pedestrian 
10.617403214874962 -7.9040300955392695 -6.048500061035156 0.3753577768802643 0.3753577768802643 1.8600000143051147 0.0 Pedestrian 
8.554946363170714 -12.004798776953407 -5.89673912525177 0.3753577768802643 0.3753577768802643 1.8600000143051147 0.0 Pedestrian 
10.196073523541251 -8.337997374044221 -6.328499972820282 0.3753577768802643 0.3753577768802643 1.2999999523162842 0.0 Pedestrian 
37.74275601702085 21.544906798732427 -6.1769187450408936 0.3753577768802643 0.3753577768802643 1.2999999523162842 0.0 Pedestrian 
10.420888663758767 -3.8256630847349697 -6.3285000920295715 0.3753577768802643 0.3753577768802643 1.2999999523162842 0.0 Pedestrian 
9.943653786587438 8.05450892315281 -6.048500061035156 0.3753577768802643 0.3753577768802643 1.8600000143051147 0.0 Pedestrian 
6.842004377574103 12.220291476632838 -6.178305923938751 0.3753577768802643 0.3753577768802643 1.2999999523162842 0.0 Pedestrian 
8.058155547339553 -12.108923284217212 -5.896416187286377 0.3753577768802643 0.3753577768802643 1.8600000143051147 0.0 Pedestrian 
8.988622947728217 12.165597855018746 -6.176099956035614 0.3753577768802643 0.3753577768802643 1.2999999523162842 0.0 Pedestrian 
10.024860089112785 12.669946637950261 -6.278580129146576 0.5 0.5 1.100000023841858 0.0 Pedestrian 
7.116295683085681 -11.93572888973165 -5.896100163459778 0.3753577768802643 0.3753577768802643 1.8600000143051147 0.0 Pedestrian 
22.099181996875565 17.079446526561696 -6.961410962045193 3.987684965133667 1.8508483171463013 1.6171096563339233 0.0 Vehicle 
29.78392430670627 -39.271539368642834 -7.054857559502125 2.2094459533691406 0.8670341968536377 1.2511454820632935 0.0 Vehicle 
29.311957469170785 9.105195828017486 -7.005291156470776 4.1928300857543945 1.8161858320236206 1.4738311767578125 0.0 Vehicle 
32.77564536425004 10.58432867886404 -6.998356113443151 4.791779518127441 2.163450002670288 1.488319993019104 0.0 Vehicle 
