10.168620789576952 -0.8169028756269654 -6.428500056266785 0.5 0.5 1.100000023841858 0.0 Pedestrian 
4.602321177383484 12.144416991574872 -5.896243572235107 0.3753577768802643 0.3753577768802643 1.8600000143051147 0.0 Pedestrian 
7.123819109098704 -11.870038582495681 -5.896057844161987 0.3753577768802643 0.3753577768802643 1.8600000143051147 0.0 Pedestrian 
10.093003913624642 -8.786736858763561 -6.048500180244446 0.3753577768802643 0.3753577768802643 1.8600000143051147 0.0 Pedestrian 
15.654377750618266 14.743108915877087 -6.3285000920295715 0.3753577768802643 0.3753577768802643 1.2999999523162842 0.0 Pedestrian 
10.111061682147138 1.5938876612907507 -6.328499972820282 0.3753577768802643 0.3753577768802643 1.2999999523162842 0.0 Pedestrian 
32.36482150453793 15.461681432528053 -6.328499913215637 0.3753577768802643 0.3753577768802643 1.2999999523162842 0.0 Pedestrian 
10.444214071160253 -11.521067202830977 -6.177496254444122 0.3753577768802643 0.3753577768802643 1.2999999523162842 0.0 Pedestrian 
-3.048503317536685 12.569389317472996 -6.178305923938751 0.3753577768802643 0.3753577768802643 1.2999999523162842 0.0 Pedestrian 
11.446544240654239 4.398280502672478 -6.048500239849091 0.3753577768802643 0.3753577768802643 1.8600000143051147 0.0 Pedestrian 
-2.8443552971474872 14.080471009615508 -6.176099956035614 0.3753577768802643 0.3753577768802643 1.2999999523162842 0.0 Pedestrian 
10.91803023971217 1.2077016752916734 -6.428500056266785 0.5 0.5 1.100000023841858 0.0 Pedestrian 
33.12203980887176 -22.66434457161938 -6.998318462399766 4.791779518127441 2.163450002670288 1.488319993019104 0.0 Vehicle 
22.39334628267098 0.010951150049436364 -6.9614182859659195 3.987684965133667 1.8508483171463013 1.6171096563339233 0.0 Vehicle 
29.616729614519585 -22.5803701032695 -7.054876670241356 2.2094459533691406 0.8670341968536377 1.2511454820632935 0.0 Vehicle 
29.125385492710762 27.91738326746338 -7.00520700449124 4.1928300857543945 1.8161858320236206 1.4738311767578125 0.0 Vehicle 
32.583533391119545 30.506990811728315 -6.9983249474316835 4.791779518127441 2.163450002670288 1.488319993019104 0.0 Vehicle 
