10.069462472471649 -2.9883689985470028 -6.428500056266785 0.5 0.5 1.100000023841858 0.0 Pedestrian 
1.0560260596506268 12.093881175324782 -5.896243572235107 0.3753577768802643 0.3753577768802643 1.8600000143051147 0.0 Pedestrian 
3.2870598029088995 -12.134696930341761 -5.896057844161987 0.3753577768802643 0.3753577768802643 1.8600000143051147 0.0 Pedestrian 
9.951155028295972 -12.042045341721405 -5.896100163459778 0.3753577768802643 0.3753577768802643 1.8600000143051147 0.0 Pedestrian 
18.18319081749722 15.501104072690168 -6.3285000920295715 0.3753577768802643 0.3753577768802643 1.2999999523162842 0.0 Pedestrian 
-1.1689379268320863 -13.0684400999005 -5.896100163459778 0.3753577768802643 0.3753577768802643 1.8600000143051147 0.0 Pedestrian 
0.30266709780748613 -12.501082591591057 -5.896100044250488 0.3753577768802643 0.3753577768802643 1.8600000143051147 0.0 Pedestrian 
10.48803042894686 -0.8108159431856166 -6.328499972820282 0.3753577768802643 0.3753577768802643 1.2999999523162842 0.0 Pedestrian 
35.00052335133932 15.751065093143893 -6.328499913215637 0.3753577768802643 0.3753577768802643 1.2999999523162842 0.0 Pedestrian 
10.43661260296058 -9.714528808500631 -6.3285000920295715 0.3753577768802643 0.3753577768802643 1.2999999523162842 0.0 Pedestrian 
0.4815006431063722 12.984570382379047 -5.897550463676453 0.3753577768802643 0.3753577768802643 1.8600000143051147 0.0 Pedestrian 
-0.9898579901705489 12.849564170709755 -6.178305923938751 0.3753577768802643 0.3753577768802643 1.2999999523162842 0.0 Pedestrian 
11.529850713268283 0.5038457537195313 -6.048500239849091 0.3753577768802643 0.3753577768802643 1.8600000143051147 0.0 Pedestrian 
-0.890851122536354 13.789780925406944 -6.176099956035614 0.3753577768802643 0.3753577768802643 1.2999999523162842 0.0 Pedestrian 
11.011960897040936 3.131871801244671 -6.428500056266785 0.5 0.5 1.100000023841858 0.0 Pedestrian 
33.12205618398602 -22.6648134935607 -6.997907352400944 4.791779518127441 2.163450002670288 1.488319993019104 0.0 Vehicle 
22.325089836174968 3.8582894848858302 -6.961434878408909 3.987684965133667 1.8508483171463013 1.6171096563339233 0.0 Vehicle 
29.62592246418724 -23.49770138015799 -7.054857712239027 2.2094459533691406 0.8670341968536377 1.2511454820632935 0.0 Vehicle 
29.163382970506362 24.05336221088487 -7.005207767244428 4.1928300857543945 1.8161858320236206 1.4738311767578125 0.0 Vehicle 
32.62023785195849 26.681308580704922 -6.9983252143720165 4.791779518127441 2.163450002670288 1.488319993019104 0.0 Vehicle 
