10.197853393429831 -0.08701539326045804 -6.428500056266785 0.5 0.5 1.100000023841858 0.0 Pedestrian 
6.019347684770274 12.17603841116727 -5.896243572235107 0.3753577768802643 0.3753577768802643 1.8600000143051147 0.0 Pedestrian 
8.31072601698638 -11.816586345995574 -5.896057844161987 0.3753577768802643 0.3753577768802643 1.8600000143051147 0.0 Pedestrian 
10.065643172587727 -7.405109496160094 -6.048500180244446 0.3753577768802643 0.3753577768802643 1.8600000143051147 0.0 Pedestrian 
14.706079892088333 14.458823046306975 -6.3285000920295715 0.3753577768802643 0.3753577768802643 1.2999999523162842 0.0 Pedestrian 
9.98683214403946 2.479936538093 -6.328499972820282 0.3753577768802643 0.3753577768802643 1.2999999523162842 0.0 Pedestrian 
31.38039071146845 15.356466140452085 -6.328499913215637 0.3753577768802643 0.3753577768802643 1.2999999523162842 0.0 Pedestrian 
9.558415743134773 -12.256335091245887 -6.177496254444122 0.3753577768802643 0.3753577768802643 1.2999999523162842 0.0 Pedestrian 
11.24915421976154 5.751160894725814 -6.048500239849091 0.3753577768802643 0.3753577768802643 1.8600000143051147 0.0 Pedestrian 
10.997912077883186 0.2716348748024302 -6.428500056266785 0.5 0.5 1.100000023841858 0.0 Pedestrian 
33.12203974230626 -22.664342665432628 -6.998319988255389 4.791779518127441 2.163450002670288 1.488319993019104 0.0 Vehicle 
22.41862590371508 -1.440935343141291 -6.961415730416775 3.987684965133667 1.8508483171463013 1.6171096563339233 0.0 Vehicle 
29.616724616113345 -22.580664188553556 -7.054861888289452 2.2094459533691406 0.8670341968536377 1.2511454820632935 0.0 Vehicle 
29.11106128083796 29.368160830395595 -7.0052068517543375 4.1928300857543945 1.8161858320236206 1.4738311767578125 0.0 Vehicle 
32.56976906770356 31.94217248716882 -6.998324794811197 4.791779518127441 2.163450002670288 1.488319993019104 0.0 Vehicle 
