10.155569658186252 -1.078012126730414 -6.428500056266785 0.5 0.5 1.100000023841858 0.0 Pedestrian 
4.155570882852281 12.148085889433219 -5.896243572235107 0.3753577768802643 0.3753577768802643 1.8600000143051147 0.0 Pedestrian 
6.6916906774414855 -11.903828432584532 -5.896057844161987 0.3753577768802643 0.3753577768802643 1.8600000143051147 0.0 Pedestrian 
10.084910195256121 -9.258014314622187 -6.048500180244446 0.3753577768802643 0.3753577768802643 1.8600000143051147 0.0 Pedestrian 
15.970476970229406 14.837872778587212 -6.3285000920295715 0.3753577768802643 0.3753577768802643 1.2999999523162842 0.0 Pedestrian 
10.181229137915873 1.2962744250783658 -6.328499972820282 0.3753577768802643 0.3753577768802643 1.2999999523162842 0.0 Pedestrian 
32.692960107817086 15.496750477463024 -6.328499913215637 0.3753577768802643 0.3753577768802643 1.2999999523162842 0.0 Pedestrian 
10.65539475729205 -11.365637940686838 -6.3285000920295715 0.3753577768802643 0.3753577768802643 1.2999999523162842 0.0 Pedestrian 
-2.8213133940407076 13.402711147636637 -5.897550463676453 0.3753577768802643 0.3753577768802643 1.8600000143051147 0.0 Pedestrian 
-2.7711889372230374 12.63497078095827 -6.178305923938751 0.3753577768802643 0.3753577768802643 1.2999999523162842 0.0 Pedestrian 
11.49535710523432 3.954916147378931 -6.048500239849091 0.3753577768802643 0.3753577768802643 1.8600000143051147 0.0 Pedestrian 
-2.5770456403847177 14.073591910575374 -6.176099956035614 0.3753577768802643 0.3753577768802643 1.2999999523162842 0.0 Pedestrian 
10.8954735595811 1.5257248225713624 -6.428500056266785 0.5 0.5 1.100000023841858 0.0 Pedestrian 
33.12204000856828 -22.66435029017964 -6.998315486940555 4.791779518127441 2.163450002670288 1.488319993019104 0.0 Vehicle 
22.38485506571022 0.49414208488940403 -6.961419470608234 3.987684965133667 1.8508483171463013 1.6171096563339233 0.0 Vehicle 
29.616719296866293 -22.580074644322735 -7.054893605411053 2.2094459533691406 0.8670341968536377 1.2511454820632935 0.0 Vehicle 
29.130144694054934 27.43394415720138 -7.005206966307014 4.1928300857543945 1.8161858320236206 1.4738311767578125 0.0 Vehicle 
32.58814482902909 30.02865753463982 -6.998325023683719 4.791779518127441 2.163450002670288 1.488319993019104 0.0 Vehicle 
