10.06820329079165 -6.610975391899274 -6.428500056266785 0.5 0.5 1.100000023841858 0.0 Pedestrian 
-1.2679283852384984 12.623748236401866 -5.896243572235107 0.3753577768802643 0.3753577768802643 1.8600000143051147 0.0 Pedestrian 
-2.8630767293602872 -13.238761966774405 -5.896100163459778 0.3753577768802643 0.3753577768802643 1.8600000143051147 0.0 Pedestrian 
-2.1513140918186906 -12.541683194711027 -5.896057844161987 0.3753577768802643 0.3753577768802643 1.8600000143051147 0.0 Pedestrian 
9.450014391577795 -11.921920901233989 -5.896100163459778 0.3753577768802643 0.3753577768802643 1.8600000143051147 0.0 Pedestrian 
21.777978772606353 16.17944952359494 -6.3285000920295715 0.3753577768802643 0.3753577768802643 1.2999999523162842 0.0 Pedestrian 
4.730389548802492 -12.800774689453306 -5.896100163459778 0.3753577768802643 0.3753577768802643 1.8600000143051147 0.0 Pedestrian 
6.51778648298189 -12.324853638344052 -5.896100044250488 0.3753577768802643 0.3753577768802643 1.8600000143051147 0.0 Pedestrian 
-0.6358568369033435 -13.14701734394123 -5.89673912525177 0.3753577768802643 0.3753577768802643 1.8600000143051147 0.0 Pedestrian 
10.832320537059381 -4.297500265377494 -6.328499972820282 0.3753577768802643 0.3753577768802643 1.2999999523162842 0.0 Pedestrian 
37.74439021235507 17.3956656928666 -6.1769187450408936 0.3753577768802643 0.3753577768802643 1.2999999523162842 0.0 Pedestrian 
10.526564861560985 -6.077515347001395 -6.3285000920295715 0.3753577768802643 0.3753577768802643 1.2999999523162842 0.0 Pedestrian 
5.638562215758526 12.455839754523709 -5.897550463676453 0.3753577768802643 0.3753577768802643 1.8600000143051147 0.0 Pedestrian 
1.5588700162278641 12.476752831974977 -6.178305923938751 0.3753577768802643 0.3753577768802643 1.2999999523162842 0.0 Pedestrian 
11.211211296944505 -5.452138686176909 -6.048500239849091 0.3753577768802643 0.3753577768802643 1.8600000143051147 0.0 Pedestrian 
2.5345459053058477 12.878146759401034 -6.176099956035614 0.3753577768802643 0.3753577768802643 1.2999999523162842 0.0 Pedestrian 
11.208299608986895 6.407349352889696 -6.428500056266785 0.5 0.5 1.100000023841858 0.0 Pedestrian 
33.159915506476 -26.512636113930284 -6.998326282482594 4.791779518127441 2.163450002670288 1.488319993019104 0.0 Vehicle 
22.227582102985693 9.299667301376985 -6.961479015648365 3.987684965133667 1.8508483171463013 1.6171096563339233 0.0 Vehicle 
29.681793374463666 -29.06847536871112 -7.055003337562084 2.2094459533691406 0.8670341968536377 1.2511454820632935 0.0 Vehicle 
29.22041764133111 18.29842126229289 -7.005213832948357 4.1928300857543945 1.8161858320236206 1.4738311767578125 0.0 Vehicle 
32.675006928972024 20.949709766165938 -6.998326473287307 4.791779518127441 2.163450002670288 1.488319993019104 0.0 Vehicle 
