10.243700342477837 -12.0401085566142 -6.276100039482117 0.5 0.5 1.100000023841858 0.0 Pedestrian 
8.14015078858796 -12.47678635348393 -5.896100163459778 0.3753577768802643 0.3753577768802643 1.8600000143051147 0.0 Pedestrian 
10.888278200690866 -2.091286753816803 -6.048500061035156 0.3753577768802643 0.3753577768802643 1.8600000143051147 0.0 Pedestrian 
25.08433595160445 15.506381903963984 -6.3285000920295715 0.3753577768802643 0.3753577768802643 1.2999999523162842 0.0 Pedestrian 
11.045347956166637 -8.183720952469912 -6.0484729409217834 0.3753577768802643 0.3753577768802643 1.8600000143051147 0.0 Pedestrian 
10.219167425799746 -7.212398348093075 -6.048500061035156 0.3753577768802643 0.3753577768802643 1.8600000143051147 0.0 Pedestrian 
8.642035724092679 -12.159579980714739 -5.89673912525177 0.3753577768802643 0.3753577768802643 1.8600000143051147 0.0 Pedestrian 
10.211532094880312 -8.511344873611165 -6.328499972820282 0.3753577768802643 0.3753577768802643 1.2999999523162842 0.0 Pedestrian 
37.770357441164904 22.20432995259216 -6.1769187450408936 0.3753577768802643 0.3753577768802643 1.2999999523162842 0.0 Pedestrian 
10.4851989644493 -3.252498100865523 -6.3285000920295715 0.3753577768802643 0.3753577768802643 1.2999999523162842 0.0 Pedestrian 
9.92859485541204 7.124234372450246 -6.048500061035156 0.3753577768802643 0.3753577768802643 1.8600000143051147 0.0 Pedestrian 
7.336578214886114 12.199896950588254 -6.178305923938751 0.3753577768802643 0.3753577768802643 1.2999999523162842 0.0 Pedestrian 
7.0339595092775795 -12.270772884969574 -5.896416187286377 0.3753577768802643 0.3753577768802643 1.8600000143051147 0.0 Pedestrian 
9.55459761030636 12.205769835854653 -6.176099956035614 0.3753577768802643 0.3753577768802643 1.2999999523162842 0.0 Pedestrian 
9.702922196757036 13.2246351669977 -6.278580129146576 0.5 0.5 1.100000023841858 0.0 Pedestrian 
7.564535962380333 -12.13509269190638 -5.896100163459778 0.3753577768802643 0.3753577768802643 1.8600000143051147 0.0 Pedestrian 
22.09080612680185 18.064761739607206 -6.961410999298096 3.987684965133667 1.8508483171463013 1.6171096563339233 0.0 Vehicle 
29.31814068818189 8.484352362414086 -7.005268611945212 4.1928300857543945 1.8161858320236206 1.4738311767578125 0.0 Vehicle 
32.784589574476165 9.678926934428773 -6.998366184299812 4.791779518127441 2.163450002670288 1.488319993019104 0.0 Vehicle 
