10.126902405794837 -9.868516824993321 -6.430398225784302 0.5 0.5 1.100000023841858 0.0 Pedestrian 
10.660278142051776 -1.4227282035801636 -6.048500061035156 0.3753577768802643 0.3753577768802643 1.8600000143051147 0.0 Pedestrian 
8.25283491250486 12.549140872599196 -5.894415020942688 0.3753577768802643 0.3753577768802643 1.8600000143051147 0.0 Pedestrian 
35.33421051993295 17.217416487160335 -6.3285000920295715 0.3753577768802643 0.3753577768802643 1.2999999523162842 0.0 Pedestrian 
10.580652270897065 6.95800198406539 -6.048500061035156 0.3753577768802643 0.3753577768802643 1.8600000143051147 0.0 Pedestrian 
10.422487774837329 7.827264462122798 -6.048500061035156 0.3753577768802643 0.3753577768802643 1.8600000143051147 0.0 Pedestrian 
10.818369267450507 -0.1907919941164664 -6.048500061035156 0.3753577768802643 0.3753577768802643 1.8600000143051147 0.0 Pedestrian 
6.371998940431865 -12.318945900814242 -6.176051557064056 0.3753577768802643 0.3753577768802643 1.2999999523162842 0.0 Pedestrian 
10.67192736846364 5.884991563975916 -6.3285000920295715 0.3753577768802643 0.3753577768802643 1.2999999523162842 0.0 Pedestrian 
10.508268309440908 -5.1863050507887465 -6.048500061035156 0.3753577768802643 0.3753577768802643 1.8600000143051147 0.0 Pedestrian 
9.91161286589286 6.862887178793017 -6.3285000920295715 0.3753577768802643 0.3753577768802643 1.2999999523162842 0.0 Pedestrian 
10.138026867869737 3.6019935536006926 -6.328499913215637 0.3753577768802643 0.3753577768802643 1.2999999523162842 0.0 Pedestrian 
1.1102904079762226 13.04435489719856 -6.278580129146576 0.5 0.5 1.100000023841858 0.0 Pedestrian 
11.963619485898775 -1.2507885337602147 -6.048500061035156 0.3753577768802643 0.3753577768802643 1.8600000143051147 0.0 Pedestrian 
22.127417520901474 34.31105916251056 -6.96141092479229 3.987684965133667 1.8508483171463013 1.6171096563339233 0.0 Vehicle 
-2.8893565495302322 6.895359722346086 -7.007529316004366 5.357479572296143 2.033203125 1.4106584787368774 0.0 Vehicle 
29.431273608074697 -2.9746667724298277 -7.005207080859691 4.1928300857543945 1.8161858320236206 1.4738311767578125 0.0 Vehicle 
32.928098811443384 -4.44868300667315 -6.998325786669739 4.791779518127441 2.163450002670288 1.488319993019104 0.0 Vehicle 
