7.290833032897524 -12.553745725030808 -6.277721166610718 0.5 0.5 1.100000023841858 0.0 Pedestrian 
10.168607765430089 -10.501410464103628 -6.048500239849091 0.3753577768802643 0.3753577768802643 1.8600000143051147 0.0 Pedestrian 
10.94156655809115 4.174448252245337 -6.048500061035156 0.3753577768802643 0.3753577768802643 1.8600000143051147 0.0 Pedestrian 
28.82117825594078 16.149748586434725 -6.3285000920295715 0.3753577768802643 0.3753577768802643 1.2999999523162842 0.0 Pedestrian 
11.119644380413092 -2.026830323320837 -6.0484729409217834 0.3753577768802643 0.3753577768802643 1.8600000143051147 0.0 Pedestrian 
10.895980458432842 -1.0544032079499175 -6.048500061035156 0.3753577768802643 0.3753577768802643 1.8600000143051147 0.0 Pedestrian 
10.407045976056146 -9.37240429134124 -6.048500061035156 0.3753577768802643 0.3753577768802643 1.8600000143051147 0.0 Pedestrian 
10.17168693320128 -11.309689148120583 -6.303561329841614 0.3753577768802643 0.3753577768802643 1.2999999523162842 0.0 Pedestrian 
37.94976689779776 26.490574734120173 -6.1769187450408936 0.3753577768802643 0.3753577768802643 1.2999999523162842 0.0 Pedestrian 
10.604112283084275 0.85766018562407 -6.3285000920295715 0.3753577768802643 0.3753577768802643 1.2999999523162842 0.0 Pedestrian 
10.022129499852296 0.6847781429240172 -6.048500061035156 0.3753577768802643 0.3753577768802643 1.8600000143051147 0.0 Pedestrian 
10.403322845879327 11.486028636238075 -6.3285000920295715 0.3753577768802643 0.3753577768802643 1.2999999523162842 0.0 Pedestrian 
3.1217583666617514 -12.906568710092415 -5.896416187286377 0.3753577768802643 0.3753577768802643 1.8600000143051147 0.0 Pedestrian 
9.921426093400115 9.58951579110908 -6.328499913215637 0.3753577768802643 0.3753577768802643 1.2999999523162842 0.0 Pedestrian 
6.769081028906385 12.81368473886505 -6.278580129146576 0.5 0.5 1.100000023841858 0.0 Pedestrian 
10.883758168062343 -10.094596241465752 -6.048500061035156 0.3753577768802643 0.3753577768802643 1.8600000143051147 0.0 Pedestrian 
22.064862988598478 24.467500832448422 -6.96141092479229 3.987684965133667 1.8508483171463013 1.6171096563339233 0.0 Vehicle 
29.348438706127254 5.441556539684598 -7.0051715658046305 4.1928300857543945 1.8161858320236206 1.4738311767578125 0.0 Vehicle 
32.835901911574496 4.523761446555042 -6.998169422149658 4.791779518127441 2.163450002670288 1.488319993019104 0.0 Vehicle 
