10.240098974024669 -8.548079518356872 -6.428500056266785 0.5 0.5 1.100000023841858 0.0 Pedestrian 
1.8552279163061627 -12.934211962982317 -5.896100163459778 0.3753577768802643 0.3753577768802643 1.8600000143051147 0.0 Pedestrian 
11.120815225640591 -8.694311931894276 -6.048500061035156 0.3753577768802643 0.3753577768802643 1.8600000143051147 0.0 Pedestrian 
24.062357040349035 15.559989041036602 -6.3285000920295715 0.3753577768802643 0.3753577768802643 1.2999999523162842 0.0 Pedestrian 
8.589818822515 -12.285498654933349 -5.896100163459778 0.3753577768802643 0.3753577768802643 1.8600000143051147 0.0 Pedestrian 
9.744909042907636 -11.83860522082125 -5.896100044250488 0.3753577768802643 0.3753577768802643 1.8600000143051147 0.0 Pedestrian 
3.776810594657448 -12.954816364361363 -5.89673912525177 0.3753577768802643 0.3753577768802643 1.8600000143051147 0.0 Pedestrian 
10.608038931280184 -6.5904768715884074 -6.328499972820282 0.3753577768802643 0.3753577768802643 1.2999999523162842 0.0 Pedestrian 
38.59936093595354 19.12390038234537 -6.1769187450408936 0.3753577768802643 0.3753577768802643 1.2999999523162842 0.0 Pedestrian 
10.09845591510149 -6.1564528518068755 -6.3285000920295715 0.3753577768802643 0.3753577768802643 1.2999999523162842 0.0 Pedestrian 
9.02650833884094 12.379685495578997 -5.897550463676453 0.3753577768802643 0.3753577768802643 1.8600000143051147 0.0 Pedestrian 
3.9115128552287075 12.433522598613877 -6.178305923938751 0.3753577768802643 0.3753577768802643 1.2999999523162842 0.0 Pedestrian 
10.459014516795136 -9.407266325361547 -6.048500239849091 0.3753577768802643 0.3753577768802643 1.8600000143051147 0.0 Pedestrian 
5.378546255833157 12.599696439808667 -6.176099956035614 0.3753577768802643 0.3753577768802643 1.2999999523162842 0.0 Pedestrian 
11.051641664959309 9.05143439976689 -6.428500056266785 0.5 0.5 1.100000023841858 0.0 Pedestrian 
0.9199038733316485 -12.009465700197211 -5.896100163459778 0.3753577768802643 0.3753577768802643 1.8600000143051147 0.0 Pedestrian 
33.20267824907009 -30.85983269447479 -6.998326282482594 4.791779518127441 2.163450002670288 1.488319993019104 0.0 Vehicle 
22.163656770348226 12.930725143296058 -6.961695920675993 3.987684965133667 1.8508483171463013 1.6171096563339233 0.0 Vehicle 
29.723347238999423 -33.24376684116544 -7.0542455278337 2.2094459533691406 0.8670341968536377 1.2511454820632935 0.0 Vehicle 
29.261942123828298 14.119598972197878 -7.005236377473921 4.1928300857543945 1.8161858320236206 1.4738311767578125 0.0 Vehicle 
32.71621603012258 16.666241377975552 -6.9983299827435985 4.791779518127441 2.163450002670288 1.488319993019104 0.0 Vehicle 
