10.145010028813033 -1.3348294452105165 -6.428500056266785 0.5 0.5 1.100000023841858 0.0 Pedestrian 
3.7142238289374596 12.129504151323658 -5.896243572235107 0.3753577768802643 0.3753577768802643 1.8600000143051147 0.0 Pedestrian 
6.2444288873910665 -11.918741008556253 -5.896057844161987 0.3753577768802643 0.3753577768802643 1.8600000143051147 0.0 Pedestrian 
10.081585282828883 -9.764854479636483 -6.048500180244446 0.3753577768802643 0.3753577768802643 1.8600000143051147 0.0 Pedestrian 
16.28656097362927 14.932635155679918 -6.3285000920295715 0.3753577768802643 0.3753577768802643 1.2999999523162842 0.0 Pedestrian 
-2.654698332396549 -12.392288016254156 -5.896100044250488 0.3753577768802643 0.3753577768802643 1.8600000143051147 0.0 Pedestrian 
10.237433595768588 1.0032614427440762 -6.328499972820282 0.3753577768802643 0.3753577768802643 1.2999999523162842 0.0 Pedestrian 
33.021098078723945 15.531837631172152 -6.328499913215637 0.3753577768802643 0.3753577768802643 1.2999999523162842 0.0 Pedestrian 
10.788554769506234 -11.263965857539233 -6.3285000920295715 0.3753577768802643 0.3753577768802643 1.2999999523162842 0.0 Pedestrian 
-2.3068913322648967 13.356966192014852 -5.897550463676453 0.3753577768802643 0.3753577768802643 1.8600000143051147 0.0 Pedestrian 
-2.4871309656613008 12.687576066548445 -6.178305923938751 0.3753577768802643 0.3753577768802643 1.2999999523162842 0.0 Pedestrian 
11.544916045064234 3.5352207458021496 -6.048500239849091 0.3753577768802643 0.3753577768802643 1.8600000143051147 0.0 Pedestrian 
-2.273940164505312 14.060379359486092 -6.176099956035614 0.3753577768802643 0.3753577768802643 1.2999999523162842 0.0 Pedestrian 
10.908417602272852 1.8292505755314323 -6.428500056266785 0.5 0.5 1.100000023841858 0.0 Pedestrian 
33.12204020826479 -22.6643560087399 -6.9983101463876665 4.791779518127441 2.163450002670288 1.488319993019104 0.0 Vehicle 
22.376380515087803 0.9768557582210065 -6.961420767009258 3.987684965133667 1.8508483171463013 1.6171096563339233 0.0 Vehicle 
29.61673109094741 -22.579537940796968 -7.054925192147493 2.2094459533691406 0.8670341968536377 1.2511454820632935 0.0 Vehicle 
29.13490043399284 26.950604168650557 -7.005207042675465 4.1928300857543945 1.8161858320236206 1.4738311767578125 0.0 Vehicle 
32.592724636336996 29.55035559767805 -6.9983249474316835 4.791779518127441 2.163450002670288 1.488319993019104 0.0 Vehicle 
