10.165003793832604 -10.396894553033121 -6.42849999666214 0.5 0.5 1.100000023841858 0.0 Pedestrian 
4.378064218662985 -12.877757607521858 -5.896100163459778 0.3753577768802643 0.3753577768802643 1.8600000143051147 0.0 Pedestrian 
10.867481680391819 -6.352402258737698 -6.048500061035156 0.3753577768802643 0.3753577768802643 1.8600000143051147 0.0 Pedestrian 
24.233287361312783 14.828402427008427 -6.3285000920295715 0.3753577768802643 0.3753577768802643 1.2999999523162842 0.0 Pedestrian 
10.75896168315252 -11.33382018730208 -6.0484729409217834 0.3753577768802643 0.3753577768802643 1.8600000143051147 0.0 Pedestrian 
11.012903814675767 -10.176589649718494 -6.048500061035156 0.3753577768802643 0.3753577768802643 1.8600000143051147 0.0 Pedestrian 
6.5586080025200175 -12.807392224883074 -5.89673912525177 0.3753577768802643 0.3753577768802643 1.8600000143051147 0.0 Pedestrian 
10.151584627053012 -6.870313139736936 -6.328499972820282 0.3753577768802643 0.3753577768802643 1.2999999523162842 0.0 Pedestrian 
38.14295926267444 19.717436017581804 -6.1769187450408936 0.3753577768802643 0.3753577768802643 1.2999999523162842 0.0 Pedestrian 
10.134959787155985 -5.535100887819112 -6.3285000920295715 0.3753577768802643 0.3753577768802643 1.2999999523162842 0.0 Pedestrian 
10.128306607886291 10.682191212450562 -6.048500061035156 0.3753577768802643 0.3753577768802643 1.8600000143051147 0.0 Pedestrian 
5.148608019907883 12.355750016198954 -6.178305923938751 0.3753577768802643 0.3753577768802643 1.2999999523162842 0.0 Pedestrian 
10.156728216804318 -11.283133560057877 -6.048500239849091 0.3753577768802643 0.3753577768802643 1.8600000143051147 0.0 Pedestrian 
6.544157243124019 12.441008755379244 -6.176099956035614 0.3753577768802643 0.3753577768802643 1.2999999523162842 0.0 Pedestrian 
10.85818915994848 10.367635524153457 -6.428500056266785 0.5 0.5 1.100000023841858 0.0 Pedestrian 
3.2627939685234395 -12.011262057886256 -5.896100163459778 0.3753577768802643 0.3753577768802643 1.8600000143051147 0.0 Pedestrian 
33.22640477339033 -33.27416408823319 -6.9983262062305585 4.791779518127441 2.163450002670288 1.488319993019104 0.0 Vehicle 
22.13675259494019 14.444435521024843 -6.961233805865049 3.987684965133667 1.8508483171463013 1.6171096563339233 0.0 Vehicle 
29.746643690715388 -35.56271059193057 -7.054857559502125 2.2094459533691406 0.8670341968536377 1.2511454820632935 0.0 Vehicle 
29.283331982988898 11.962809237099805 -7.005287532694638 4.1928300857543945 1.8161858320236206 1.4738311767578125 0.0 Vehicle 
32.73918769778342 14.302382832296985 -6.998335056356154 4.791779518127441 2.163450002670288 1.488319993019104 0.0 Vehicle 
