10.258408205305933 -11.136944501345624 -6.42849999666214 0.5 0.5 1.100000023841858 0.0 Pedestrian 
5.37579172485421 -14.241990463482125 -6.163288652896881 0.3753577768802643 0.3753577768802643 1.8600000143051147 0.0 Pedestrian 
10.92234493232084 -3.4489614371203743 -6.048500061035156 0.3753577768802643 0.3753577768802643 1.8600000143051147 0.0 Pedestrian 
24.546896815102535 15.185092177911542 -6.3285000920295715 0.3753577768802643 0.3753577768802643 1.2999999523162842 0.0 Pedestrian 
10.560014999950837 -9.47990417877395 -6.0484729409217834 0.3753577768802643 0.3753577768802643 1.8600000143051147 0.0 Pedestrian 
10.775399662208116 -8.315956637500108 -6.048500061035156 0.3753577768802643 0.3753577768802643 1.8600000143051147 0.0 Pedestrian 
8.428943683317726 -12.269456843898865 -5.89673912525177 0.3753577768802643 0.3753577768802643 1.8600000143051147 0.0 Pedestrian 
10.154564417503629 -8.328516859846104 -6.328499972820282 0.3753577768802643 0.3753577768802643 1.2999999523162842 0.0 Pedestrian 
37.72895533823158 21.215194268709183 -6.1769187450408936 0.3753577768802643 0.3753577768802643 1.2999999523162842 0.0 Pedestrian 
10.389086509740814 -4.101148854863709 -6.3285000920295715 0.3753577768802643 0.3753577768802643 1.2999999523162842 0.0 Pedestrian 
9.965258197166065 8.459373689542872 -6.048500061035156 0.3753577768802643 0.3753577768802643 1.8600000143051147 0.0 Pedestrian 
6.596164168540138 12.229721939913816 -6.178305923938751 0.3753577768802643 0.3753577768802643 1.2999999523162842 0.0 Pedestrian 
7.821657223114201 -12.140091756604079 -5.896416187286377 0.3753577768802643 0.3753577768802643 1.8600000143051147 0.0 Pedestrian 
8.642932109104798 12.161397720233253 -6.176099956035614 0.3753577768802643 0.3753577768802643 1.2999999523162842 0.0 Pedestrian 
10.131190153337407 12.43113569556499 -6.278580129146576 0.5 0.5 1.100000023841858 0.0 Pedestrian 
6.605410856518432 -11.958922754280252 -5.896100163459778 0.3753577768802643 0.3753577768802643 1.8600000143051147 0.0 Pedestrian 
33.25957727712935 -36.653299771327966 -6.998326091794297 4.791779518127441 2.163450002670288 1.488319993019104 0.0 Vehicle 
22.103588704541984 16.599105980322975 -6.96129572018981 3.987684965133667 1.8508483171463013 1.6171096563339233 0.0 Vehicle 
29.779265851492426 -38.80803686601723 -7.054857559502125 2.2094459533691406 0.8670341968536377 1.2511454820632935 0.0 Vehicle 
29.30852239493233 9.447969981633605 -7.005282840691507 4.1928300857543945 1.8161858320236206 1.4738311767578125 0.0 Vehicle 
32.771195691742975 11.041852426737819 -6.998352108057588 4.791779518127441 2.163450002670288 1.488319993019104 0.0 Vehicle 
