10.068617268199993 -6.76317806900181 -6.428500056266785 0.5 0.5 1.100000023841858 0.0 Pedestrian 
-1.4912210560929822 12.638523601946645 -5.896243572235107 0.3753577768802643 0.3753577768802643 1.8600000143051147 0.0 Pedestrian 
-2.323059675420211 -13.25581279617461 -5.896100163459778 0.3753577768802643 0.3753577768802643 1.8600000143051147 0.0 Pedestrian 
-2.657818023195034 -12.5189388896232 -5.896057844161987 0.3753577768802643 0.3753577768802643 1.8600000143051147 0.0 Pedestrian 
10.188172387152932 -11.654976738867504 -5.896100163459778 0.3753577768802643 0.3753577768802643 1.8600000143051147 0.0 Pedestrian 
22.054914913325234 16.18197201730777 -6.3285000920295715 0.3753577768802643 0.3753577768802643 1.2999999523162842 0.0 Pedestrian 
5.220848529889452 -12.767169398909232 -5.896100163459778 0.3753577768802643 0.3753577768802643 1.8600000143051147 0.0 Pedestrian 
6.997784642370931 -12.461702080787518 -5.896100044250488 0.3753577768802643 0.3753577768802643 1.8600000143051147 0.0 Pedestrian 
-0.1750807201716924 -13.140471153004796 -5.89673912525177 0.3753577768802643 0.3753577768802643 1.8600000143051147 0.0 Pedestrian 
10.829177962291382 -4.5559737656768675 -6.328499972820282 0.3753577768802643 0.3753577768802643 1.2999999523162842 0.0 Pedestrian 
37.93388113590843 17.495390538073707 -6.1769187450408936 0.3753577768802643 0.3753577768802643 1.2999999523162842 0.0 Pedestrian 
10.314264439122248 -5.846730611692919 -6.3285000920295715 0.3753577768802643 0.3753577768802643 1.2999999523162842 0.0 Pedestrian 
6.0841380094914115 12.298673607740852 -5.897550463676453 0.3753577768802643 0.3753577768802643 1.8600000143051147 0.0 Pedestrian 
1.8750824473528525 12.372836990670066 -6.178305923938751 0.3753577768802643 0.3753577768802643 1.2999999523162842 0.0 Pedestrian 
11.105600739280803 -5.9404807201157155 -6.048500239849091 0.3753577768802643 0.3753577768802643 1.8600000143051147 0.0 Pedestrian 
2.8329294795824254 12.83182173153989 -6.176099956035614 0.3753577768802643 0.3753577768802643 1.2999999523162842 0.0 Pedestrian 
11.192731080492523 6.715011888908236 -6.428500056266785 0.5 0.5 1.100000023841858 0.0 Pedestrian 
-2.859326212458704 -11.80801953474213 -5.896100163459778 0.3753577768802643 0.3753577768802643 1.8600000143051147 0.0 Pedestrian 
33.164663325118795 -26.995749266257462 -6.998326282482594 4.791779518127441 2.163450002670288 1.488319993019104 0.0 Vehicle 
22.219966150373747 9.730686246555933 -6.961497403681278 3.987684965133667 1.8508483171463013 1.6171096563339233 0.0 Vehicle 
29.686364919739844 -29.5325496426575 -7.055062752217054 2.2094459533691406 0.8670341968536377 1.2511454820632935 0.0 Vehicle 
29.22504398927522 17.824470447754493 -7.005215015262365 4.1928300857543945 1.8161858320236206 1.4738311767578125 0.0 Vehicle 
32.67956920825605 20.472784207994778 -6.998326587723568 4.791779518127441 2.163450002670288 1.488319993019104 0.0 Vehicle 
