10.293609227973256 -9.892845001573164 -6.430398225784302 0.5 0.5 1.100000023841858 0.0 Pedestrian 
10.472356932665647 -2.32860540133845 -6.048500061035156 0.3753577768802643 0.3753577768802643 1.8600000143051147 0.0 Pedestrian 
9.555489471015136 12.788404582237831 -5.897810339927673 0.3753577768802643 0.3753577768802643 1.8600000143051147 0.0 Pedestrian 
34.68289182437354 17.11065545498002 -6.3285000920295715 0.3753577768802643 0.3753577768802643 1.2999999523162842 0.0 Pedestrian 
10.690948496376416 6.205995119203237 -6.048472821712494 0.3753577768802643 0.3753577768802643 1.8600000143051147 0.0 Pedestrian 
10.52807302888601 7.003356680525144 -6.048500061035156 0.3753577768802643 0.3753577768802643 1.8600000143051147 0.0 Pedestrian 
10.96514255389323 -1.1785065665775392 -6.048500061035156 0.3753577768802643 0.3753577768802643 1.8600000143051147 0.0 Pedestrian 
6.87975478238036 -12.294031040501409 -6.176051557064056 0.3753577768802643 0.3753577768802643 1.2999999523162842 0.0 Pedestrian 
10.568999822912563 5.213136208070324 -6.328500151634216 0.3753577768802643 0.3753577768802643 1.2999999523162842 0.0 Pedestrian 
10.41816245983376 -4.282753218432845 -6.048500061035156 0.3753577768802643 0.3753577768802643 1.8600000143051147 0.0 Pedestrian 
9.917381822891317 6.919794083547401 -6.3285000920295715 0.3753577768802643 0.3753577768802643 1.2999999523162842 0.0 Pedestrian 
10.091279802326287 4.238914852199354 -6.328499913215637 0.3753577768802643 0.3753577768802643 1.2999999523162842 0.0 Pedestrian 
1.7506935085917732 13.044840046245781 -6.278580129146576 0.5 0.5 1.100000023841858 0.0 Pedestrian 
11.888959012129153 -2.2148746088103053 -6.048500061035156 0.3753577768802643 0.3753577768802643 1.8600000143051147 0.0 Pedestrian 
22.118081130633342 33.32709214459908 -6.96141092479229 3.987684965133667 1.8508483171463013 1.6171096563339233 0.0 Vehicle 
29.421875472612708 -2.0112325548224135 -7.005206928122789 4.1928300857543945 1.8161858320236206 1.4738311767578125 0.0 Vehicle 
32.918288873015634 -3.4961917822121222 -6.998325557797216 4.791779518127441 2.163450002670288 1.488319993019104 0.0 Vehicle 
