10.293267464991125 -10.539764008404859 -6.42849999666214 0.5 0.5 1.100000023841858 0.0 Pedestrian 
5.425774096521593 -12.832674081911705 -5.896100163459778 0.3753577768802643 0.3753577768802643 1.8600000143051147 0.0 Pedestrian 
10.857032801761441 -5.479551665543909 -6.048500061035156 0.3753577768802643 0.3753577768802643 1.8600000143051147 0.0 Pedestrian 
24.33814396411408 14.864824650330775 -6.3285000920295715 0.3753577768802643 0.3753577768802643 1.2999999523162842 0.0 Pedestrian 
11.26026261400741 -11.149856883501798 -6.0484729409217834 0.3753577768802643 0.3753577768802643 1.8600000143051147 0.0 Pedestrian 
10.74487026261486 -10.04667120582451 -6.048500061035156 0.3753577768802643 0.3753577768802643 1.8600000143051147 0.0 Pedestrian 
6.532290103984721 -12.755048533532658 -5.89673912525177 0.3753577768802643 0.3753577768802643 1.8600000143051147 0.0 Pedestrian 
10.263799335565906 -7.273703266061943 -6.328499972820282 0.3753577768802643 0.3753577768802643 1.2999999523162842 0.0 Pedestrian 
37.931176374904915 20.02477967015716 -6.1769187450408936 0.3753577768802643 0.3753577768802643 1.2999999523162842 0.0 Pedestrian 
10.104325666318267 -5.085893681954985 -6.3285000920295715 0.3753577768802643 0.3753577768802643 1.2999999523162842 0.0 Pedestrian 
10.048549729110722 10.662849705718145 -6.048500061035156 0.3753577768802643 0.3753577768802643 1.8600000143051147 0.0 Pedestrian 
5.715441942939492 12.30573285822527 -6.178305923938751 0.3753577768802643 0.3753577768802643 1.2999999523162842 0.0 Pedestrian 
10.308154249236992 -12.007088757973406 -5.896416187286377 0.3753577768802643 0.3753577768802643 1.8600000143051147 0.0 Pedestrian 
7.157275568001921 12.416155096330385 -6.176099956035614 0.3753577768802643 0.3753577768802643 1.2999999523162842 0.0 Pedestrian 
10.671260211493571 11.011711203150185 -6.428500056266785 0.5 0.5 1.100000023841858 0.0 Pedestrian 
4.133984614513437 -11.997519800093414 -5.896100163459778 0.3753577768802643 0.3753577768802643 1.8600000143051147 0.0 Pedestrian 
33.23587777840419 -34.239742289391415 -6.9983262062305585 4.791779518127441 2.163450002670288 1.488319993019104 0.0 Vehicle 
22.12713706484815 14.998298013738008 -6.961262188851833 3.987684965133667 1.8508483171463013 1.6171096563339233 0.0 Vehicle 
29.755973115458033 -36.4900739602914 -7.054857559502125 2.2094459533691406 0.8670341968536377 1.2511454820632935 0.0 Vehicle 
29.291183936975372 11.17612980402555 -7.005213412921876 4.1928300857543945 1.8161858320236206 1.4738311767578125 0.0 Vehicle 
32.7484005895384 13.363053800118223 -6.998338184435852 4.791779518127441 2.163450002670288 1.488319993019104 0.0 Vehicle 
