10.363908319442189 3.092915902202577 -6.428500056266785 0.5 0.5 1.100000023841858 0.0 Pedestrian 
10.05042794730926 12.604103619291436 -5.896243572235107 0.3753577768802643 0.3753577768802643 1.8600000143051147 0.0 Pedestrian 
10.507142618019529 -9.558632991026002 -6.048500180244446 0.3753577768802643 0.3753577768802643 1.8600000143051147 0.0 Pedestrian 
10.032984636814664 -2.552391926249925 -6.048500180244446 0.3753577768802643 0.3753577768802643 1.8600000143051147 0.0 Pedestrian 
12.040516482194413 13.85587119641832 -6.176895380020142 0.3753577768802643 0.3753577768802643 1.2999999523162842 0.0 Pedestrian 
13.955644616707872 -44.92121395839081 -6.176112174987793 0.3753577768802643 0.3753577768802643 1.2999999523162842 0.0 Pedestrian 
9.940966409224977 5.480157699736907 -6.328499972820282 0.3753577768802643 0.3753577768802643 1.2999999523162842 0.0 Pedestrian 
28.099020993218986 15.00574572463836 -6.328499913215637 0.3753577768802643 0.3753577768802643 1.2999999523162842 0.0 Pedestrian 
7.340880892229336 -12.827419094021138 -6.177496254444122 0.3753577768802643 0.3753577768802643 1.2999999523162842 0.0 Pedestrian 
10.176992606710677 10.890858438409282 -6.048500239849091 0.3753577768802643 0.3753577768802643 1.8600000143051147 0.0 Pedestrian 
11.043257561858443 -2.7692153079087802 -6.428500056266785 0.5 0.5 1.100000023841858 0.0 Pedestrian 
33.12203974230626 -22.664342665432628 -6.998319988255389 4.791779518127441 2.163450002670288 1.488319993019104 0.0 Vehicle 
22.49871964912159 -6.294885925173162 -6.961411990225315 3.987684965133667 1.8508483171463013 1.6171096563339233 0.0 Vehicle 
29.616726413381983 -22.580715655595895 -7.054859675467014 2.2094459533691406 0.8670341968536377 1.2511454820632935 0.0 Vehicle 
29.063237928292565 34.20742773482118 -7.005206699483097 4.1928300857543945 1.8161858320236206 1.4738311767578125 0.0 Vehicle 
32.524960117600216 36.72790976456861 -6.998324832995422 4.791779518127441 2.163450002670288 1.488319993019104 0.0 Vehicle 
