10.07614877779303 -8.968207471608707 -6.430398225784302 0.5 0.5 1.100000023841858 0.0 Pedestrian 
10.995264424339137 0.0055469980837870025 -6.048500061035156 0.3753577768802643 0.3753577768802643 1.8600000143051147 0.0 Pedestrian 
7.744039060536956 12.574120166232888 -5.894415020942688 0.3753577768802643 0.3753577768802643 1.8600000143051147 0.0 Pedestrian 
36.311111420164295 17.37779963097705 -6.3285000920295715 0.3753577768802643 0.3753577768802643 1.2999999523162842 0.0 Pedestrian 
10.398287727351192 8.104466090932533 -6.048500061035156 0.3753577768802643 0.3753577768802643 1.8600000143051147 0.0 Pedestrian 
10.269896017919681 9.044995269703918 -6.048500061035156 0.3753577768802643 0.3753577768802643 1.8600000143051147 0.0 Pedestrian 
10.947666796141181 1.3007955563093674 -6.048500061035156 0.3753577768802643 0.3753577768802643 1.8600000143051147 0.0 Pedestrian 
5.5668571333996795 -12.333973500648199 -6.176051557064056 0.3753577768802643 0.3753577768802643 1.2999999523162842 0.0 Pedestrian 
10.62060330209173 6.869842598957462 -6.3285000920295715 0.3753577768802643 0.3753577768802643 1.2999999523162842 0.0 Pedestrian 
10.736058029278517 -6.639772925937223 -6.048500061035156 0.3753577768802643 0.3753577768802643 1.8600000143051147 0.0 Pedestrian 
9.926271205448021 6.8449332584547165 -6.3285000920295715 0.3753577768802643 0.3753577768802643 1.2999999523162842 0.0 Pedestrian 
10.220375230960496 2.6018530312452697 -6.328499913215637 0.3753577768802643 0.3753577768802643 1.2999999523162842 0.0 Pedestrian 
0.12097631094189865 12.972734457820593 -6.278580129146576 0.5 0.5 1.100000023841858 0.0 Pedestrian 
12.072581822287152 0.17997079107158243 -6.048500061035156 0.3753577768802643 0.3753577768802643 1.8600000143051147 0.0 Pedestrian 
22.14122862231494 35.78686647421239 -6.961410887539387 3.987684965133667 1.8508483171463013 1.6171096563339233 0.0 Vehicle 
-1.5003737767204388 6.878779538793253 -7.007536296732724 5.357479572296143 2.033203125 1.4106584787368774 0.0 Vehicle 
29.445373094802257 -4.419009048882799 -7.005207309499383 4.1928300857543945 1.8161858320236206 1.4738311767578125 0.0 Vehicle 
32.942798448294944 -5.8765453242142485 -6.998326282482594 4.791779518127441 2.163450002670288 1.488319993019104 0.0 Vehicle 
