10.180599044437919 -0.5862813875386337 -6.428500056266785 0.5 0.5 1.100000023841858 0.0 Pedestrian 
5.055418279635308 12.163181460425562 -5.896243572235107 0.3753577768802643 0.3753577768802643 1.8600000143051147 0.0 Pedestrian 
7.5672068080710915 -11.85917564937779 -5.896057844161987 0.3753577768802643 0.3753577768802643 1.8600000143051147 0.0 Pedestrian 
10.067718081024523 -8.338968938171092 -6.048500180244446 0.3753577768802643 0.3753577768802643 1.8600000143051147 0.0 Pedestrian 
15.338263181664843 14.648347379923052 -6.3285000920295715 0.3753577768802643 0.3753577768802643 1.2999999523162842 0.0 Pedestrian 
10.047111609522593 1.9294454641191692 -6.328499972820282 0.3753577768802643 0.3753577768802643 1.2999999523162842 0.0 Pedestrian 
32.03668300110703 15.426609528312952 -6.328499913215637 0.3753577768802643 0.3753577768802643 1.2999999523162842 0.0 Pedestrian 
10.114609683295399 -11.901102179444479 -6.177496254444122 0.3753577768802643 0.3753577768802643 1.2999999523162842 0.0 Pedestrian 
11.390264759326627 4.842096988405061 -6.048500239849091 0.3753577768802643 0.3753577768802643 1.8600000143051147 0.0 Pedestrian 
10.959744077524327 0.88105711636058 -6.428500056266785 0.5 0.5 1.100000023841858 0.0 Pedestrian 
33.12203974230626 -22.664342665432628 -6.998319988255389 4.791779518127441 2.163450002670288 1.488319993019104 0.0 Vehicle 
22.401852127401487 -0.4726586693295758 -6.961417257785797 3.987684965133667 1.8508483171463013 1.6171096563339233 0.0 Vehicle 
29.61673553884954 -22.580539753890548 -7.054868143051863 2.2094459533691406 0.8670341968536377 1.2511454820632935 0.0 Vehicle 
29.12060811299034 28.400905717418482 -7.005206928122789 4.1928300857543945 1.8161858320236206 1.4738311767578125 0.0 Vehicle 
32.57895138714997 30.985355652852945 -6.998325061867945 4.791779518127441 2.163450002670288 1.488319993019104 0.0 Vehicle 
