8.560159636468427 -12.261206523395003 -6.277721166610718 0.5 0.5 1.100000023841858 0.0 Pedestrian 
10.915744678479008 -10.669100561395112 -6.048500239849091 0.3753577768802643 0.3753577768802643 1.8600000143051147 0.0 Pedestrian 
10.918973187479901 2.208168339863448 -6.048500061035156 0.3753577768802643 0.3753577768802643 1.8600000143051147 0.0 Pedestrian 
27.6882881916681 15.838820749020329 -6.3285000920295715 0.3753577768802643 0.3753577768802643 1.2999999523162842 0.0 Pedestrian 
10.948412096794392 -3.9274109736240916 -6.0484729409217834 0.3753577768802643 0.3753577768802643 1.8600000143051147 0.0 Pedestrian 
10.745343641973026 -3.0664412157530023 -6.048500061035156 0.3753577768802643 0.3753577768802643 1.8600000143051147 0.0 Pedestrian 
10.373917165404961 -9.63219785113472 -6.048500061035156 0.3753577768802643 0.3753577768802643 1.8600000143051147 0.0 Pedestrian 
10.210358933680709 -10.857980607553714 -6.328499972820282 0.3753577768802643 0.3753577768802643 1.2999999523162842 0.0 Pedestrian 
37.89456384981314 25.171734144960965 -6.1769187450408936 0.3753577768802643 0.3753577768802643 1.2999999523162842 0.0 Pedestrian 
10.67329164508941 -0.36917155607147834 -6.3285000920295715 0.3753577768802643 0.3753577768802643 1.2999999523162842 0.0 Pedestrian 
10.004873598422328 2.497580818240209 -6.048500061035156 0.3753577768802643 0.3753577768802643 1.8600000143051147 0.0 Pedestrian 
9.977221709863606 12.491615997751751 -6.178305923938751 0.3753577768802643 0.3753577768802643 1.2999999523162842 0.0 Pedestrian 
4.918871337359462 -12.543609047693963 -5.896416187286377 0.3753577768802643 0.3753577768802643 1.8600000143051147 0.0 Pedestrian 
9.917007532826666 10.261698522229153 -6.328499913215637 0.3753577768802643 0.3753577768802643 1.2999999523162842 0.0 Pedestrian 
7.694220182611382 12.73411724049754 -6.278580129146576 0.5 0.5 1.100000023841858 0.0 Pedestrian 
10.687561831434166 -11.685166483313878 -5.8964842557907104 0.3753577768802643 0.3753577768802643 1.8600000143051147 0.0 Pedestrian 
22.066956454994596 22.49777082652372 -6.961410962045193 3.987684965133667 1.8508483171463013 1.6171096563339233 0.0 Vehicle 
29.33896108688023 6.393275805827528 -7.005189952906221 4.1928300857543945 1.8161858320236206 1.4738311767578125 0.0 Vehicle 
32.82218670135114 5.898074659278578 -6.998412189539522 4.791779518127441 2.163450002670288 1.488319993019104 0.0 Vehicle 
