9.520496193607812 -11.936035042983349 -6.277721166610718 0.5 0.5 1.100000023841858 0.0 Pedestrian 
10.907426434016593 -5.4548859289252505 -6.048500239849091 0.3753577768802643 0.3753577768802643 1.8600000143051147 0.0 Pedestrian 
10.854861172444952 9.19587040175918 -6.048500061035156 0.3753577768802643 0.3753577768802643 1.8600000143051147 0.0 Pedestrian 
32.0776941549576 16.683589208451167 -6.3285000920295715 0.3753577768802643 0.3753577768802643 1.2999999523162842 0.0 Pedestrian 
11.273347247940421 2.936530065393157 -6.0484729409217834 0.3753577768802643 0.3753577768802643 1.8600000143051147 0.0 Pedestrian 
10.807035277095007 3.71854534502981 -6.048500061035156 0.3753577768802643 0.3753577768802643 1.8600000143051147 0.0 Pedestrian 
10.973498818505142 -4.63268409663533 -6.048500061035156 0.3753577768802643 0.3753577768802643 1.8600000143051147 0.0 Pedestrian 
8.579522944098954 -12.23288364753978 -6.176051557064056 0.3753577768802643 0.3753577768802643 1.2999999523162842 0.0 Pedestrian 
38.08777401851802 29.787690503418844 -6.1769187450408936 0.3753577768802643 0.3753577768802643 1.2999999523162842 0.0 Pedestrian 
10.612808656421569 2.761504423933218 -6.328499972820282 0.3753577768802643 0.3753577768802643 1.2999999523162842 0.0 Pedestrian 
10.006195378328794 -2.892728484017425 -6.048500061035156 0.3753577768802643 0.3753577768802643 1.8600000143051147 0.0 Pedestrian 
10.058080195843598 9.053348487823655 -6.3285000920295715 0.3753577768802643 0.3753577768802643 1.2999999523162842 0.0 Pedestrian 
-1.99070788532444 -13.036213441033055 -5.896416187286377 0.3753577768802643 0.3753577768802643 1.8600000143051147 0.0 Pedestrian 
9.957566058224314 6.566996263824592 -6.328499913215637 0.3753577768802643 0.3753577768802643 1.2999999523162842 0.0 Pedestrian 
4.119390721371026 12.911324353147279 -6.278580129146576 0.5 0.5 1.100000023841858 0.0 Pedestrian 
11.442829279016976 -6.159592317214106 -6.048500061035156 0.3753577768802643 0.3753577768802643 1.8600000143051147 0.0 Pedestrian 
22.084155038773346 29.390366325672517 -6.961410962045193 3.987684965133667 1.8508483171463013 1.6171096563339233 0.0 Vehicle 
29.384127151830057 1.845216357174479 -7.005206737201661 4.1928300857543945 1.8161858320236206 1.4738311767578125 0.0 Vehicle 
32.87889813075898 0.3167851993168824 -6.9983252143720165 4.791779518127441 2.163450002670288 1.488319993019104 0.0 Vehicle 
