10.601195883132682 -10.95779232202915 -6.430398225784302 0.5 0.5 1.100000023841858 0.0 Pedestrian 
10.910488870030676 -3.2804015974406866 -6.048500061035156 0.3753577768802643 0.3753577768802643 1.8600000143051147 0.0 Pedestrian 
10.455979851949177 11.480857497421539 -6.048500061035156 0.3753577768802643 0.3753577768802643 1.8600000143051147 0.0 Pedestrian 
33.705952071183255 16.950510472552764 -6.3285000920295715 0.3753577768802643 0.3753577768802643 1.2999999523162842 0.0 Pedestrian 
10.918434341176553 4.995579498967999 -6.0484729409217834 0.3753577768802643 0.3753577768802643 1.8600000143051147 0.0 Pedestrian 
10.663069835383649 5.789735844136516 -6.048500061035156 0.3753577768802643 0.3753577768802643 1.8600000143051147 0.0 Pedestrian 
11.033036833050776 -2.515007356118076 -6.048500061035156 0.3753577768802643 0.3753577768802643 1.8600000143051147 0.0 Pedestrian 
7.6570201498679324 -12.224002180248476 -6.176051557064056 0.3753577768802643 0.3753577768802643 1.2999999523162842 0.0 Pedestrian 
38.15676239594963 31.436245949357385 -6.1769187450408936 0.3753577768802643 0.3753577768802643 1.2999999523162842 0.0 Pedestrian 
10.640392693562596 4.247335790254525 -6.328499972820282 0.3753577768802643 0.3753577768802643 1.2999999523162842 0.0 Pedestrian 
10.246579198922955 -3.5748792788590436 -6.048500061035156 0.3753577768802643 0.3753577768802643 1.8600000143051147 0.0 Pedestrian 
9.902579027191383 7.767357779727149 -6.3285000920295715 0.3753577768802643 0.3753577768802643 1.2999999523162842 0.0 Pedestrian 
9.995725664511042 5.116164130194889 -6.328499913215637 0.3753577768802643 0.3753577768802643 1.2999999523162842 0.0 Pedestrian 
2.654852186519058 13.01779976336286 -6.278580129146576 0.5 0.5 1.100000023841858 0.0 Pedestrian 
11.743014787122561 -3.7246972039187085 -6.048500061035156 0.3753577768802643 0.3753577768802643 1.8600000143051147 0.0 Pedestrian 
22.104295862629215 31.85098228172751 -6.9614108465611935 3.987684965133667 1.8508483171463013 1.6171096563339233 0.0 Vehicle 
29.407727176728528 -0.5654925669325621 -7.0052068517543375 4.1928300857543945 1.8161858320236206 1.4738311767578125 0.0 Vehicle 
32.90352061777632 -2.0668017119655815 -6.99832551961299 4.791779518127441 2.163450002670288 1.488319993019104 0.0 Vehicle 
