10.077416978688134 -2.699361139059647 -6.428500056266785 0.5 0.5 1.100000023841858 0.0 Pedestrian 
1.6093296876501526 12.179481742323333 -5.896243572235107 0.3753577768802643 0.3753577768802643 1.8600000143051147 0.0 Pedestrian 
3.7306478088807182 -12.352115486647108 -5.896057844161987 0.3753577768802643 0.3753577768802643 1.8600000143051147 0.0 Pedestrian 
10.641632108725446 -11.811428615243926 -5.896100163459778 0.3753577768802643 0.3753577768802643 1.8600000143051147 0.0 Pedestrian 
17.86705603991964 15.406484015125216 -6.3285000920295715 0.3753577768802643 0.3753577768802643 1.2999999523162842 0.0 Pedestrian 
-1.677297515111448 -13.051581555155849 -5.896100163459778 0.3753577768802643 0.3753577768802643 1.8600000143051147 0.0 Pedestrian 
-0.1989338636979454 -12.549222854194 -5.896100044250488 0.3753577768802643 0.3753577768802643 1.8600000143051147 0.0 Pedestrian 
10.451461937727068 -0.4907297038460001 -6.328499972820282 0.3753577768802643 0.3753577768802643 1.2999999523162842 0.0 Pedestrian 
34.662245842084076 15.704216687097869 -6.328499913215637 0.3753577768802643 0.3753577768802643 1.2999999523162842 0.0 Pedestrian 
10.39235299924276 -10.044704760775517 -6.3285000920295715 0.3753577768802643 0.3753577768802643 1.2999999523162842 0.0 Pedestrian 
0.04364155957886595 13.071600067532245 -5.897550463676453 0.3753577768802643 0.3753577768802643 1.8600000143051147 0.0 Pedestrian 
-1.2332695577816608 12.842788391797285 -6.178305923938751 0.3753577768802643 0.3753577768802643 1.2999999523162842 0.0 Pedestrian 
11.546032272972589 1.0390790662078189 -6.048500239849091 0.3753577768802643 0.3753577768802643 1.8600000143051147 0.0 Pedestrian 
-1.1515733131194992 13.846742286757149 -6.176099956035614 0.3753577768802643 0.3753577768802643 1.2999999523162842 0.0 Pedestrian 
10.992999465181882 2.9171523413316436 -6.428500056266785 0.5 0.5 1.100000023841858 0.0 Pedestrian 
33.12204946087 -22.664620968698614 -6.998083629645407 4.791779518127441 2.163450002670288 1.488319993019104 0.0 Vehicle 
22.333568130468468 3.3802780369321965 -6.961432438343763 3.987684965133667 1.8508483171463013 1.6171096563339233 0.0 Vehicle 
29.621232456923977 -23.03329534501131 -7.054857689887285 2.2094459533691406 0.8670341968536377 1.2511454820632935 0.0 Vehicle 
29.158643333427335 24.535803852950835 -7.0052076149731874 4.1928300857543945 1.8161858320236206 1.4738311767578125 0.0 Vehicle 
32.61563546695764 27.159382616394964 -6.998325138119981 4.791779518127441 2.163450002670288 1.488319993019104 0.0 Vehicle 
