8.650650894340586 -12.469683222635922 -6.277721166610718 0.5 0.5 1.100000023841858 0.0 Pedestrian 
10.799762033882445 -11.398206601914012 -6.048500239849091 0.3753577768802643 0.3753577768802643 1.8600000143051147 0.0 Pedestrian 
10.918884316353713 1.2317756409987055 -6.048500061035156 0.3753577768802643 0.3753577768802643 1.8600000143051147 0.0 Pedestrian 
27.141963725646114 15.745303105518474 -6.3285000920295715 0.3753577768802643 0.3753577768802643 1.2999999523162842 0.0 Pedestrian 
10.857218137868593 -4.934835082845552 -6.0484729409217834 0.3753577768802643 0.3753577768802643 1.8600000143051147 0.0 Pedestrian 
10.660435584484759 -4.0811677365198875 -6.048500061035156 0.3753577768802643 0.3753577768802643 1.8600000143051147 0.0 Pedestrian 
10.816923448273194 -10.394349695043616 -6.048500061035156 0.3753577768802643 0.3753577768802643 1.8600000143051147 0.0 Pedestrian 
10.203165979418529 -10.46399634314082 -6.328499972820282 0.3753577768802643 0.3753577768802643 1.2999999523162842 0.0 Pedestrian 
37.86696242566909 24.51231099110123 -6.1769187450408936 0.3753577768802643 0.3753577768802643 1.2999999523162842 0.0 Pedestrian 
10.636222257507956 -1.02592134174256 -6.3285000920295715 0.3753577768802643 0.3753577768802643 1.2999999523162842 0.0 Pedestrian 
9.962401990378236 3.465904339987361 -6.048500061035156 0.3753577768802643 0.3753577768802643 1.8600000143051147 0.0 Pedestrian 
9.28333389725183 12.316259437463714 -6.178305923938751 0.3753577768802643 0.3753577768802643 1.2999999523162842 0.0 Pedestrian 
5.784068068714731 -12.3162503161235 -5.896416187286377 0.3753577768802643 0.3753577768802643 1.8600000143051147 0.0 Pedestrian 
10.343784464136775 10.948916028887652 -6.328499913215637 0.3753577768802643 0.3753577768802643 1.2999999523162842 0.0 Pedestrian 
8.08120334624163 12.768273447636489 -6.278580129146576 0.5 0.5 1.100000023841858 0.0 Pedestrian 
9.600133606505509 -12.285784702960427 -5.8964842557907104 0.3753577768802643 0.3753577768802643 1.8600000143051147 0.0 Pedestrian 
22.070053376790995 21.51278370382738 -6.961410887539387 3.987684965133667 1.8508483171463013 1.6171096563339233 0.0 Vehicle 
29.334490598627287 6.843088441261074 -7.005180454347283 4.1928300857543945 1.8161858320236206 1.4738311767578125 0.0 Vehicle 
32.81440406190993 6.677085311453624 -6.998416957911104 4.791779518127441 2.163450002670288 1.488319993019104 0.0 Vehicle 
