7.626522909659542 -12.490947598113848 -6.277721166610718 0.5 0.5 1.100000023841858 0.0 Pedestrian 
10.284552504480175 -10.093887988076403 -6.048500239849091 0.3753577768802643 0.3753577768802643 1.8600000143051147 0.0 Pedestrian 
10.957187205254002 3.66941826156949 -6.048500061035156 0.3753577768802643 0.3753577768802643 1.8600000143051147 0.0 Pedestrian 
28.49551138326232 16.096364944802417 -6.3285000920295715 0.3753577768802643 0.3753577768802643 1.2999999523162842 0.0 Pedestrian 
11.09753329040884 -2.495448232961735 -6.0484729409217834 0.3753577768802643 0.3753577768802643 1.8600000143051147 0.0 Pedestrian 
10.849035816522939 -1.5542823205523746 -6.048500061035156 0.3753577768802643 0.3753577768802643 1.8600000143051147 0.0 Pedestrian 
10.386189744940005 -9.41568859128688 -6.048500061035156 0.3753577768802643 0.3753577768802643 1.8600000143051147 0.0 Pedestrian 
10.211160960594576 -11.15683405363552 -6.328499972820282 0.3753577768802643 0.3753577768802643 1.2999999523162842 0.0 Pedestrian 
37.93595100279721 26.160860718479512 -6.1769187450408936 0.3753577768802643 0.3753577768802643 1.2999999523162842 0.0 Pedestrian 
10.728866080980625 0.699436811449857 -6.3285000920295715 0.3753577768802643 0.3753577768802643 1.2999999523162842 0.0 Pedestrian 
10.008126790357561 0.8212446421183586 -6.048500061035156 0.3753577768802643 0.3753577768802643 1.8600000143051147 0.0 Pedestrian 
10.42276250154347 11.75963222986502 -6.3285000920295715 0.3753577768802643 0.3753577768802643 1.2999999523162842 0.0 Pedestrian 
3.599823175562605 -12.8682547041916 -5.896416187286377 0.3753577768802643 0.3753577768802643 1.8600000143051147 0.0 Pedestrian 
9.91812148283547 9.918497872632429 -6.328499913215637 0.3753577768802643 0.3753577768802643 1.2999999523162842 0.0 Pedestrian 
7.022778387705202 12.787372091208454 -6.278580129146576 0.5 0.5 1.100000023841858 0.0 Pedestrian 
10.919964369757473 -10.068522200822486 -6.048500061035156 0.3753577768802643 0.3753577768802643 1.8600000143051147 0.0 Pedestrian 
22.064850908844818 23.975098776934715 -6.96141092479229 3.987684965133667 1.8508483171463013 1.6171096563339233 0.0 Vehicle 
29.34573375552969 5.71576560676894 -7.005165881942958 4.1928300857543945 1.8161858320236206 1.4738311767578125 0.0 Vehicle 
32.8327205799238 4.844403851612547 -6.998235950479284 4.791779518127441 2.163450002670288 1.488319993019104 0.0 Vehicle 
