10.05754993549224 -4.801426018647248 -6.428500056266785 0.5 0.5 1.100000023841858 0.0 Pedestrian 
-0.20325156471847805 12.269969034450469 -5.896243572235107 0.3753577768802643 0.3753577768802643 1.8600000143051147 0.0 Pedestrian 
0.5780035320604924 -12.261247734182916 -5.896057844161987 0.3753577768802643 0.3753577768802643 1.8600000143051147 0.0 Pedestrian 
7.275504719319471 -12.552458373246282 -5.896100163459778 0.3753577768802643 0.3753577768802643 1.8600000143051147 0.0 Pedestrian 
20.11188453048446 16.01314629850515 -6.3285000920295715 0.3753577768802643 0.3753577768802643 1.2999999523162842 0.0 Pedestrian 
1.8440586018309517 -12.994746828242342 -5.896100163459778 0.3753577768802643 0.3753577768802643 1.8600000143051147 0.0 Pedestrian 
3.2589009215024873 -12.266170901294913 -5.896100044250488 0.3753577768802643 0.3753577768802643 1.8600000143051147 0.0 Pedestrian 
10.728567738172117 -2.698845159796633 -6.328499972820282 0.3753577768802643 0.3753577768802643 1.2999999523162842 0.0 Pedestrian 
36.63160475532932 16.41632636866484 -6.328499913215637 0.3753577768802643 0.3753577768802643 1.2999999523162842 0.0 Pedestrian 
10.635509821501927 -7.872074357682777 -6.3285000920295715 0.3753577768802643 0.3753577768802643 1.2999999523162842 0.0 Pedestrian 
2.6859464431570714 12.747355974496145 -5.897550463676453 0.3753577768802643 0.3753577768802643 1.8600000143051147 0.0 Pedestrian 
0.14346886623008714 12.545056271817884 -6.178305923938751 0.3753577768802643 0.3753577768802643 1.2999999523162842 0.0 Pedestrian 
11.430775030418072 -2.4674776589255316 -6.048500239849091 0.3753577768802643 0.3753577768802643 1.8600000143051147 0.0 Pedestrian 
0.8138646753615859 13.339357652458716 -6.176099956035614 0.3753577768802643 0.3753577768802643 1.2999999523162842 0.0 Pedestrian 
11.152215709983299 4.580323518018986 -6.428500056266785 0.5 0.5 1.100000023841858 0.0 Pedestrian 
33.131955738594726 -23.671900279021884 -6.998150234227069 4.791779518127441 2.163450002670288 1.488319993019104 0.0 Vehicle 
22.274227886877274 6.698152199631522 -6.9615660309791565 3.987684965133667 1.8508483171463013 1.6171096563339233 0.0 Vehicle 
29.65405871952639 -26.28359188910258 -7.05485475435853 2.2094459533691406 0.8670341968536377 1.2511454820632935 0.0 Vehicle 
29.191826074990274 21.16511941528063 -7.005209484137595 4.1928300857543945 1.8161858320236206 1.4738311767578125 0.0 Vehicle 
32.64765932832724 23.814014190496778 -6.998325328808278 4.791779518127441 2.163450002670288 1.488319993019104 0.0 Vehicle 
