8.933233588568498 -12.024180343561397 -6.277721166610718 0.5 0.5 1.100000023841858 0.0 Pedestrian 
10.723059233792483 -6.528556996572092 -6.048500239849091 0.3753577768802643 0.3753577768802643 1.8600000143051147 0.0 Pedestrian 
10.93190684707714 8.268879251073145 -6.048500061035156 0.3753577768802643 0.3753577768802643 1.8600000143051147 0.0 Pedestrian 
31.426375725660208 16.576820551523838 -6.3285000920295715 0.3753577768802643 0.3753577768802643 1.2999999523162842 0.0 Pedestrian 
11.228033264166026 1.88059264192691 -6.0484729409217834 0.3753577768802643 0.3753577768802643 1.8600000143051147 0.0 Pedestrian 
10.90173006793041 2.862843999532913 -6.048500061035156 0.3753577768802643 0.3753577768802643 1.8600000143051147 0.0 Pedestrian 
10.891627740820972 -5.641250288853257 -6.048500061035156 0.3753577768802643 0.3753577768802643 1.8600000143051147 0.0 Pedestrian 
9.276929247090663 -12.713991260242892 -6.176051557064056 0.3753577768802643 0.3753577768802643 1.2999999523162842 0.0 Pedestrian 
38.060157411445445 29.128264910848316 -6.1769187450408936 0.3753577768802643 0.3753577768802643 1.2999999523162842 0.0 Pedestrian 
10.572422136778798 2.163455540404243 -6.3285000920295715 0.3753577768802643 0.3753577768802643 1.2999999523162842 0.0 Pedestrian 
9.947633203982456 -1.7491366679779503 -6.048500061035156 0.3753577768802643 0.3753577768802643 1.8600000143051147 0.0 Pedestrian 
9.976807177592356 9.621763579880849 -6.3285000920295715 0.3753577768802643 0.3753577768802643 1.2999999523162842 0.0 Pedestrian 
-0.9111641239593524 -13.00468134386881 -5.896416187286377 0.3753577768802643 0.3753577768802643 1.8600000143051147 0.0 Pedestrian 
9.926751239160124 7.227309042418426 -6.328499913215637 0.3753577768802643 0.3753577768802643 1.2999999523162842 0.0 Pedestrian 
4.670147165392798 12.891043373702473 -6.278580129146576 0.5 0.5 1.100000023841858 0.0 Pedestrian 
11.307522266379642 -7.136746776519658 -6.048500061035156 0.3753577768802643 0.3753577768802643 1.8600000143051147 0.0 Pedestrian 
22.077704191723655 28.405965689989785 -6.961410887539387 3.987684965133667 1.8508483171463013 1.6171096563339233 0.0 Vehicle 
29.37477822852221 2.7971852418949084 -7.005174999125302 4.1928300857543945 1.8161858320236206 1.4738311767578125 0.0 Vehicle 
32.86904344367042 1.270557857822837 -6.9983249474316835 4.791779518127441 2.163450002670288 1.488319993019104 0.0 Vehicle 
