10.025324659965307 -12.372942815346619 -6.276100039482117 0.5 0.5 1.100000023841858 0.0 Pedestrian 
8.498274224081058 -12.168842863241025 -5.896100163459778 0.3753577768802643 0.3753577768802643 1.8600000143051147 0.0 Pedestrian 
10.887003256629967 -1.6346078290073365 -6.048500061035156 0.3753577768802643 0.3753577768802643 1.8600000143051147 0.0 Pedestrian 
25.384918550086304 15.537870194587299 -6.3285000920295715 0.3753577768802643 0.3753577768802643 1.2999999523162842 0.0 Pedestrian 
11.0784706743813 -7.751487886480618 -6.0484729409217834 0.3753577768802643 0.3753577768802643 1.8600000143051147 0.0 Pedestrian 
10.334661792859535 -6.86892978661831 -6.048500061035156 0.3753577768802643 0.3753577768802643 1.8600000143051147 0.0 Pedestrian 
9.072236088156188 -11.905307989136759 -5.89673912525177 0.3753577768802643 0.3753577768802643 1.8600000143051147 0.0 Pedestrian 
10.381084652874385 -8.753577191964496 -6.328499972820282 0.3753577768802643 0.3753577768802643 1.2999999523162842 0.0 Pedestrian 
37.78415815323693 22.534041529522028 -6.1769187450408936 0.3753577768802643 0.3753577768802643 1.2999999523162842 0.0 Pedestrian 
10.515214147979254 -2.9612550831857334 -6.3285000920295715 0.3753577768802643 0.3753577768802643 1.2999999523162842 0.0 Pedestrian 
9.929401972017622 6.60531305498273 -6.048500061035156 0.3753577768802643 0.3753577768802643 1.8600000143051147 0.0 Pedestrian 
7.5808472001432285 12.186054487732804 -6.178305923938751 0.3753577768802643 0.3753577768802643 1.2999999523162842 0.0 Pedestrian 
7.616649109408655 -12.164914069173165 -5.896416187286377 0.3753577768802643 0.3753577768802643 1.8600000143051147 0.0 Pedestrian 
9.891584166528041 12.24236644254745 -6.176099956035614 0.3753577768802643 0.3753577768802643 1.2999999523162842 0.0 Pedestrian 
9.406960705777614 13.356814226681422 -6.278580129146576 0.5 0.5 1.100000023841858 0.0 Pedestrian 
7.954464245455952 -11.96710043709163 -5.896100163459778 0.3753577768802643 0.3753577768802643 1.8600000143051147 0.0 Pedestrian 
22.08699321888563 18.557391886500454 -6.961410962045193 3.987684965133667 1.8508483171463013 1.6171096563339233 0.0 Vehicle 
29.32082058271588 8.215233016324646 -7.005238628480583 4.1928300857543945 1.8161858320236206 1.4738311767578125 0.0 Vehicle 
32.789049498132556 9.232040154979018 -6.998372058849782 4.791779518127441 2.163450002670288 1.488319993019104 0.0 Vehicle 
