10.053970356158409 -3.869949413162317 -6.428500056266785 0.5 0.5 1.100000023841858 0.0 Pedestrian 
-0.17891395385371567 12.184703076899837 -5.896243572235107 0.3753577768802643 0.3753577768802643 1.8600000143051147 0.0 Pedestrian 
1.9908263483778796 -11.90987560823487 -5.896057844161987 0.3753577768802643 0.3753577768802643 1.8600000143051147 0.0 Pedestrian 
8.275106409356837 -12.297553603345136 -5.896100163459778 0.3753577768802643 0.3753577768802643 1.8600000143051147 0.0 Pedestrian 
19.130688288954694 15.788635088960405 -6.3285000920295715 0.3753577768802643 0.3753577768802643 1.2999999523162842 0.0 Pedestrian 
0.3472243090599818 -13.039442549864702 -5.896100163459778 0.3753577768802643 0.3753577768802643 1.8600000143051147 0.0 Pedestrian 
1.7476250902956707 -12.66594942470897 -5.896100044250488 0.3753577768802643 0.3753577768802643 1.8600000143051147 0.0 Pedestrian 
10.599088057782474 -1.7944925889952401 -6.328499972820282 0.3753577768802643 0.3753577768802643 1.2999999523162842 0.0 Pedestrian 
35.89796436970638 15.930821710182158 -6.328499913215637 0.3753577768802643 0.3753577768802643 1.2999999523162842 0.0 Pedestrian 
10.554936486509625 -8.756468521373108 -6.3285000920295715 0.3753577768802643 0.3753577768802643 1.2999999523162842 0.0 Pedestrian 
1.6522516060872903 12.867135260929672 -5.897550463676453 0.3753577768802643 0.3753577768802643 1.8600000143051147 0.0 Pedestrian 
-0.07045607333528636 12.830668290642052 -6.178305923938751 0.3753577768802643 0.3753577768802643 1.2999999523162842 0.0 Pedestrian 
11.475293141804496 -0.9865061866898941 -6.048500239849091 0.3753577768802643 0.3753577768802643 1.8600000143051147 0.0 Pedestrian 
-0.12297010386381402 13.569336833862963 -6.176099956035614 0.3753577768802643 0.3753577768802643 1.2999999523162842 0.0 Pedestrian 
11.079978708342422 3.8100452705650127 -6.428500056266785 0.5 0.5 1.100000023841858 0.0 Pedestrian 
33.12368655762316 -22.824304284968207 -6.9978154564742 4.791779518127441 2.163450002670288 1.488319993019104 0.0 Vehicle 
22.299659339821428 5.282142133933107 -6.9614718072116375 3.987684965133667 1.8508483171463013 1.6171096563339233 0.0 Vehicle 
29.64000214396863 -24.890758833386712 -7.054857060313225 2.2094459533691406 0.8670341968536377 1.2511454820632935 0.0 Vehicle 
29.177516998737715 22.607593574216367 -7.005208492279053 4.1928300857543945 1.8161858320236206 1.4738311767578125 0.0 Vehicle 
32.633957975879085 25.24739261326863 -6.998325252556242 4.791779518127441 2.163450002670288 1.488319993019104 0.0 Vehicle 
