10.112693800971975 -9.590178549306302 -6.430398225784302 0.5 0.5 1.100000023841858 0.0 Pedestrian 
10.768444403194259 -1.8133700967935056 -6.048500061035156 0.3753577768802643 0.3753577768802643 1.8600000143051147 0.0 Pedestrian 
8.807221331685838 12.851638616043033 -5.894415020942688 0.3753577768802643 0.3753577768802643 1.8600000143051147 0.0 Pedestrian 
35.008543314426966 17.164042376461794 -6.3285000920295715 0.3753577768802643 0.3753577768802643 1.2999999523162842 0.0 Pedestrian 
10.600275159786044 6.5801459478306015 -6.048472821712494 0.3753577768802643 0.3753577768802643 1.8600000143051147 0.0 Pedestrian 
10.478316557886872 7.4160292283419835 -6.048500061035156 0.3753577768802643 0.3753577768802643 1.8600000143051147 0.0 Pedestrian 
10.858076571302956 -0.6991367777322921 -6.048500061035156 0.3753577768802643 0.3753577768802643 1.8600000143051147 0.0 Pedestrian 
6.639531264287072 -12.305093654502798 -6.176051557064056 0.3753577768802643 0.3753577768802643 1.2999999523162842 0.0 Pedestrian 
10.680327979346862 5.562669220103828 -6.3285000920295715 0.3753577768802643 0.3753577768802643 1.2999999523162842 0.0 Pedestrian 
10.699485723173382 -4.785369241839135 -6.048500061035156 0.3753577768802643 0.3753577768802643 1.8600000143051147 0.0 Pedestrian 
9.912839918245774 6.852670587497471 -6.3285000920295715 0.3753577768802643 0.3753577768802643 1.2999999523162842 0.0 Pedestrian 
10.115690904896807 3.922003385579522 -6.328499913215637 0.3753577768802643 0.3753577768802643 1.2999999523162842 0.0 Pedestrian 
1.432995060360149 13.05227359991352 -6.278580129146576 0.5 0.5 1.100000023841858 0.0 Pedestrian 
11.938133068859667 -1.732492169377565 -6.048500061035156 0.3753577768802643 0.3753577768802643 1.8600000143051147 0.0 Pedestrian 
22.122764209151157 33.819086670106 -6.9614107720553875 3.987684965133667 1.8508483171463013 1.6171096563339233 0.0 Vehicle 
-3.3526543895957257 6.901126977139199 -7.007527751848102 5.357479572296143 2.033203125 1.4106584787368774 0.0 Vehicle 
29.426576129595137 -2.4929951738348564 -7.00520700449124 4.1928300857543945 1.8161858320236206 1.4738311767578125 0.0 Vehicle 
32.923195606215394 -3.9724879083915994 -6.9983257103012875 4.791779518127441 2.163450002670288 1.488319993019104 0.0 Vehicle 
