10.127546337893065 -1.6042435607953394 -6.428500056266785 0.5 0.5 1.100000023841858 0.0 Pedestrian 
3.263622738062118 12.152503482878728 -5.896243572235107 0.3753577768802643 0.3753577768802643 1.8600000143051147 0.0 Pedestrian 
5.758541847833854 -12.028179745215311 -5.896057844161987 0.3753577768802643 0.3753577768802643 1.8600000143051147 0.0 Pedestrian 
10.108870724191362 -10.217854416668843 -6.048500180244446 0.3753577768802643 0.3753577768802643 1.8600000143051147 0.0 Pedestrian 
16.602660259805916 15.027397112203289 -6.3285000920295715 0.3753577768802643 0.3753577768802643 1.2999999523162842 0.0 Pedestrian 
-2.168682757749295 -12.446990120011833 -5.896100044250488 0.3753577768802643 0.3753577768802643 1.8600000143051147 0.0 Pedestrian 
10.286120046084172 0.7112977887493344 -6.328499972820282 0.3753577768802643 0.3753577768802643 1.2999999523162842 0.0 Pedestrian 
33.349237880182194 15.566872364745564 -6.328499913215637 0.3753577768802643 0.3753577768802643 1.2999999523162842 0.0 Pedestrian 
10.824187179670588 -10.903163748326847 -6.3285000920295715 0.3753577768802643 0.3753577768802643 1.2999999523162842 0.0 Pedestrian 
-1.766963805097717 13.313622493500816 -5.897550463676453 0.3753577768802643 0.3753577768802643 1.8600000143051147 0.0 Pedestrian 
-2.233225880802408 12.728768036742395 -6.178305923938751 0.3753577768802643 0.3753577768802643 1.2999999523162842 0.0 Pedestrian 
11.56569999773099 3.0852035299057547 -6.048500239849091 0.3753577768802643 0.3753577768802643 1.8600000143051147 0.0 Pedestrian 
-2.12675099853778 14.04493984113742 -6.176099956035614 0.3753577768802643 0.3753577768802643 1.2999999523162842 0.0 Pedestrian 
10.922850192283763 2.121192593610033 -6.428500056266785 0.5 0.5 1.100000023841858 0.0 Pedestrian 
33.12204060765782 -22.66436744586042 -6.99830038077198 4.791779518127441 2.163450002670288 1.488319993019104 0.0 Vehicle 
22.367848854577968 1.459018740240822 -6.96142229065299 3.987684965133667 1.8508483171463013 1.6171096563339233 0.0 Vehicle 
29.616713457081914 -22.57859575201678 -7.054978866130114 2.2094459533691406 0.8670341968536377 1.2511454820632935 0.0 Vehicle 
29.13966762919098 26.467373365268713 -7.0052071190439165 4.1928300857543945 1.8161858320236206 1.4738311767578125 0.0 Vehicle 
32.597318494959836 29.07208850460188 -6.998325099935755 4.791779518127441 2.163450002670288 1.488319993019104 0.0 Vehicle 
