8.070473772015944 -12.276289433376746 -6.277721166610718 0.5 0.5 1.100000023841858 0.0 Pedestrian 
10.386587411974517 -8.1180368577036 -6.048500239849091 0.3753577768802643 0.3753577768802643 1.8600000143051147 0.0 Pedestrian 
10.917493263812096 6.728564451440718 -6.048500061035156 0.3753577768802643 0.3753577768802643 1.8600000143051147 0.0 Pedestrian 
30.44943620544919 16.416668897442946 -6.3285000920295715 0.3753577768802643 0.3753577768802643 1.2999999523162842 0.0 Pedestrian 
11.19303600174916 0.3783817421418689 -6.0484729409217834 0.3753577768802643 0.3753577768802643 1.8600000143051147 0.0 Pedestrian 
10.926516970013152 1.4674775610081383 -6.048500061035156 0.3753577768802643 0.3753577768802643 1.8600000143051147 0.0 Pedestrian 
10.729539223202096 -7.085320182508667 -6.048500061035156 0.3753577768802643 0.3753577768802643 1.8600000143051147 0.0 Pedestrian 
10.095842561033479 -12.406016755975998 -6.176051557064056 0.3753577768802643 0.3753577768802643 1.2999999523162842 0.0 Pedestrian 
38.01875527522937 28.139130180058714 -6.1769187450408936 0.3753577768802643 0.3753577768802643 1.2999999523162842 0.0 Pedestrian 
10.145337028556776 1.5576417386268417 -6.3285000920295715 0.3753577768802643 0.3753577768802643 1.2999999523162842 0.0 Pedestrian 
10.146377257697573 -0.42171460060103527 -6.048500061035156 0.3753577768802643 0.3753577768802643 1.8600000143051147 0.0 Pedestrian 
9.94830262948745 10.44283650740158 -6.3285000920295715 0.3753577768802643 0.3753577768802643 1.2999999523162842 0.0 Pedestrian 
0.6916249306786568 -12.960257212560577 -5.896416187286377 0.3753577768802643 0.3753577768802643 1.8600000143051147 0.0 Pedestrian 
9.907441489347642 8.121737491580404 -6.328499913215637 0.3753577768802643 0.3753577768802643 1.2999999523162842 0.0 Pedestrian 
5.483190881498665 12.887469829278643 -6.278580129146576 0.5 0.5 1.100000023841858 0.0 Pedestrian 
11.100214407105987 -8.61374401620401 -6.048500061035156 0.3753577768802643 0.3753577768802643 1.8600000143051147 0.0 Pedestrian 
22.07027801730743 26.929201884875397 -6.961410962045193 3.987684965133667 1.8508483171463013 1.6171096563339233 0.0 Vehicle 
29.363375024295173 3.949203394547908 -7.005123309791088 4.1928300857543945 1.8161858320236206 1.4738311767578125 0.0 Vehicle 
32.85438214220638 2.6938246261028667 -6.998286609654315 4.791779518127441 2.163450002670288 1.488319993019104 0.0 Vehicle 
