8.328746907500786 -12.322143853257558 -6.277721166610718 0.5 0.5 1.100000023841858 0.0 Pedestrian 
11.122277133304415 -11.21303199160161 -6.048500239849091 0.3753577768802643 0.3753577768802643 1.8600000143051147 0.0 Pedestrian 
10.933539243302873 1.7237190351261802 -6.048500061035156 0.3753577768802643 0.3753577768802643 1.8600000143051147 0.0 Pedestrian 
27.399989245976414 15.801853616342441 -6.3285000920295715 0.3753577768802643 0.3753577768802643 1.2999999523162842 0.0 Pedestrian 
10.886351137260597 -4.408900795918271 -6.0484729409217834 0.3753577768802643 0.3753577768802643 1.8600000143051147 0.0 Pedestrian 
10.695813349747876 -3.575786182873003 -6.048500061035156 0.3753577768802643 0.3753577768802643 1.8600000143051147 0.0 Pedestrian 
10.511269268910844 -9.981110575509433 -6.048500061035156 0.3753577768802643 0.3753577768802643 1.8600000143051147 0.0 Pedestrian 
10.273174211279859 -10.677475795950386 -6.328499972820282 0.3753577768802643 0.3753577768802643 1.2999999523162842 0.0 Pedestrian 
37.88076313774111 24.842022568031098 -6.1769187450408936 0.3753577768802643 0.3753577768802643 1.2999999523162842 0.0 Pedestrian 
10.65490501963286 -0.697414362247514 -6.3285000920295715 0.3753577768802643 0.3753577768802643 1.2999999523162842 0.0 Pedestrian 
9.958751711755387 2.9688186651139006 -6.048500061035156 0.3753577768802643 0.3753577768802643 1.8600000143051147 0.0 Pedestrian 
9.580734499452916 12.429249323597446 -6.178305923938751 0.3753577768802643 0.3753577768802643 1.2999999523162842 0.0 Pedestrian 
5.379679302223053 -12.443535149717718 -5.896416187286377 0.3753577768802643 0.3753577768802643 1.8600000143051147 0.0 Pedestrian 
10.131950488058404 10.557294748890058 -6.328499913215637 0.3753577768802643 0.3753577768802643 1.2999999523162842 0.0 Pedestrian 
7.883195250689688 12.71220132806775 -6.278580129146576 0.5 0.5 1.100000023841858 0.0 Pedestrian 
9.982674830059906 -11.761971827896218 -5.8964842557907104 0.3753577768802643 0.3753577768802643 1.8600000143051147 0.0 Pedestrian 
22.068351855145735 22.005288142522545 -6.961410962045193 3.987684965133667 1.8508483171463013 1.6171096563339233 0.0 Vehicle 
29.336666790191458 6.624682597850693 -7.005192623008043 4.1928300857543945 1.8161858320236206 1.4738311767578125 0.0 Vehicle 
32.81835227576719 6.281578541203913 -6.998420238494873 4.791779518127441 2.163450002670288 1.488319993019104 0.0 Vehicle 
