10.220890176079912 -8.847094511885189 -6.428500056266785 0.5 0.5 1.100000023841858 0.0 Pedestrian 
2.3661186167021953 -12.895446349847816 -5.896100163459778 0.3753577768802643 0.3753577768802643 1.8600000143051147 0.0 Pedestrian 
11.022042371684577 -8.225508629871456 -6.048500061035156 0.3753577768802643 0.3753577768802643 1.8600000143051147 0.0 Pedestrian 
23.996859819976862 15.231553473789745 -6.3285000920295715 0.3753577768802643 0.3753577768802643 1.2999999523162842 0.0 Pedestrian 
9.08638833864704 -12.177660278644794 -5.896100163459778 0.3753577768802643 0.3753577768802643 1.8600000143051147 0.0 Pedestrian 
10.364102044880546 -11.51231255757466 -5.896100044250488 0.3753577768802643 0.3753577768802643 1.8600000143051147 0.0 Pedestrian 
4.261554937248292 -12.970491817760603 -5.89673912525177 0.3753577768802643 0.3753577768802643 1.8600000143051147 0.0 Pedestrian 
10.414794480311777 -6.776840837531267 -6.328499972820282 0.3753577768802643 0.3753577768802643 1.2999999523162842 0.0 Pedestrian 
38.3309597179727 19.381522607121838 -6.1769187450408936 0.3753577768802643 0.3753577768802643 1.2999999523162842 0.0 Pedestrian 
10.129068137195404 -6.136332135733937 -6.3285000920295715 0.3753577768802643 0.3753577768802643 1.2999999523162842 0.0 Pedestrian 
9.674528326116075 12.445807914497209 -5.897550463676453 0.3753577768802643 0.3753577768802643 1.8600000143051147 0.0 Pedestrian 
4.160492060996589 12.421647209171738 -6.178305923938751 0.3753577768802643 0.3753577768802643 1.2999999523162842 0.0 Pedestrian 
10.412833558452 -9.782545467553518 -6.048500239849091 0.3753577768802643 0.3753577768802643 1.8600000143051147 0.0 Pedestrian 
5.785713219649537 12.546863296316701 -6.176099956035614 0.3753577768802643 0.3753577768802643 1.2999999523162842 0.0 Pedestrian 
11.01395484617213 9.322659482275299 -6.428500056266785 0.5 0.5 1.100000023841858 0.0 Pedestrian 
1.395735349748847 -12.003823239482813 -5.896100163459778 0.3753577768802643 0.3753577768802643 1.8600000143051147 0.0 Pedestrian 
33.20741894520384 -31.34274188481936 -6.99832632066682 4.791779518127441 2.163450002670288 1.488319993019104 0.0 Vehicle 
22.15771222076733 13.274531483095075 -6.961665250360966 3.987684965133667 1.8508483171463013 1.6171096563339233 0.0 Vehicle 
29.727868315636016 -33.7072703241339 -7.053043976426125 2.2094459533691406 0.8670341968536377 1.2511454820632935 0.0 Vehicle 
29.266384058156937 13.67322733971821 -7.005240840837359 4.1928300857543945 1.8161858320236206 1.4738311767578125 0.0 Vehicle 
32.72086298608388 16.192137647927552 -6.998330745729618 4.791779518127441 2.163450002670288 1.488319993019104 0.0 Vehicle 
