10.191357136187229 -0.33777061370028605 -6.428500056266785 0.5 0.5 1.100000023841858 0.0 Pedestrian 
5.517005923852199 12.16791236863628 -5.896243572235107 0.3753577768802643 0.3753577768802643 1.8600000143051147 0.0 Pedestrian 
7.911678305642226 -11.8414819787223 -5.896057844161987 0.3753577768802643 0.3753577768802643 1.8600000143051147 0.0 Pedestrian 
10.068979559348918 -7.884968303760729 -6.048500180244446 0.3753577768802643 0.3753577768802643 1.8600000143051147 0.0 Pedestrian 
15.02216392877095 14.553584470306305 -6.3285000920295715 0.3753577768802643 0.3753577768802643 1.2999999523162842 0.0 Pedestrian 
10.010693432915092 2.1949468503951834 -6.328499972820282 0.3753577768802643 0.3753577768802643 1.2999999523162842 0.0 Pedestrian 
31.708544464393377 15.391538577191227 -6.328499913215637 0.3753577768802643 0.3753577768802643 1.2999999523162842 0.0 Pedestrian 
9.815066766621769 -12.108394849615593 -6.177496254444122 0.3753577768802643 0.3753577768802643 1.2999999523162842 0.0 Pedestrian 
11.33396093058142 5.287047913905184 -6.048500239849091 0.3753577768802643 0.3753577768802643 1.8600000143051147 0.0 Pedestrian 
10.981652660244926 0.5798441678757627 -6.428500056266785 0.5 0.5 1.100000023841858 0.0 Pedestrian 
33.12203974230626 -22.664342665432628 -6.998319988255389 4.791779518127441 2.163450002670288 1.488319993019104 0.0 Vehicle 
22.41026395632666 -0.9566367745934485 -6.961416456848383 3.987684965133667 1.8508483171463013 1.6171096563339233 0.0 Vehicle 
29.616723085106727 -22.58062034625823 -7.054863948374987 2.2094459533691406 0.8670341968536377 1.2511454820632935 0.0 Vehicle 
29.11584345327475 28.884501134994252 -7.005206928122789 4.1928300857543945 1.8161858320236206 1.4738311767578125 0.0 Vehicle 
32.57435313520379 31.463748554254835 -6.998325099935755 4.791779518127441 2.163450002670288 1.488319993019104 0.0 Vehicle 
