8.337610688469283 -12.18859160877355 -6.277721166610718 0.5 0.5 1.100000023841858 0.0 Pedestrian 
10.554164414279782 -7.594087110663622 -6.048500239849091 0.3753577768802643 0.3753577768802643 1.8600000143051147 0.0 Pedestrian 
10.922561061867375 7.246268607413924 -6.048500061035156 0.3753577768802643 0.3753577768802643 1.8600000143051147 0.0 Pedestrian 
30.775072545856844 16.47005242712055 -6.3285000920295715 0.3753577768802643 0.3753577768802643 1.2999999523162842 0.0 Pedestrian 
11.202523901070055 0.8801276450324167 -6.0484729409217834 0.3753577768802643 0.3753577768802643 1.8600000143051147 0.0 Pedestrian 
10.99210887074911 2.0153100635169494 -6.048500061035156 0.3753577768802643 0.3753577768802643 1.8600000143051147 0.0 Pedestrian 
10.804058278341287 -6.628295660514141 -6.048500061035156 0.3753577768802643 0.3753577768802643 1.8600000143051147 0.0 Pedestrian 
9.821437065757507 -12.59818266293405 -6.176051557064056 0.3753577768802643 0.3753577768802643 1.2999999523162842 0.0 Pedestrian 
38.032571170229915 28.468844195699376 -6.1769187450408936 0.3753577768802643 0.3753577768802643 1.2999999523162842 0.0 Pedestrian 
10.254832792615096 1.6138058592885614 -6.3285000920295715 0.3753577768802643 0.3753577768802643 1.2999999523162842 0.0 Pedestrian 
10.046168658933382 -0.8728085221097217 -6.048500061035156 0.3753577768802643 0.3753577768802643 1.8600000143051147 0.0 Pedestrian 
9.958453543582479 10.164831753345311 -6.3285000920295715 0.3753577768802643 0.3753577768802643 1.2999999523162842 0.0 Pedestrian 
0.1647212172870951 -12.9737560378735 -5.896416187286377 0.3753577768802643 0.3753577768802643 1.8600000143051147 0.0 Pedestrian 
9.906921722576175 7.839311441055315 -6.328499913215637 0.3753577768802643 0.3753577768802643 1.2999999523162842 0.0 Pedestrian 
5.213707013253405 12.89233872701027 -6.278580129146576 0.5 0.5 1.100000023841858 0.0 Pedestrian 
11.158456375343214 -8.10509011929662 -6.048500061035156 0.3753577768802643 0.3753577768802643 1.8600000143051147 0.0 Pedestrian 
22.072416832674335 27.42147590543493 -6.9614108093082905 3.987684965133667 1.8508483171463013 1.6171096563339233 0.0 Vehicle 
29.36698453352249 3.5865685649689283 -7.005088596139103 4.1928300857543945 1.8161858320236206 1.4738311767578125 0.0 Vehicle 
32.8591679904716 2.224487959031933 -6.998325061867945 4.791779518127441 2.163450002670288 1.488319993019104 0.0 Vehicle 
