10.11091961189706 -7.416227642136619 -6.428500056266785 0.5 0.5 1.100000023841858 0.0 Pedestrian 
-2.5843620951222164 12.78693779049297 -5.896243572235107 0.3753577768802643 0.3753577768802643 1.8600000143051147 0.0 Pedestrian 
-0.7486919191280776 -13.171390153330663 -5.896100163459778 0.3753577768802643 0.3753577768802643 1.8600000143051147 0.0 Pedestrian 
10.792347498463307 -10.270778696688922 -6.048500061035156 0.3753577768802643 0.3753577768802643 1.8600000143051147 0.0 Pedestrian 
22.881509492296324 16.117393760074833 -6.3285000920295715 0.3753577768802643 0.3753577768802643 1.2999999523162842 0.0 Pedestrian 
7.102769634136749 -12.651064662810882 -5.896100163459778 0.3753577768802643 0.3753577768802643 1.8600000143051147 0.0 Pedestrian 
7.440265637026201 -12.353170301450405 -5.896100044250488 0.3753577768802643 0.3753577768802643 1.8600000143051147 0.0 Pedestrian 
1.2675926678907103 -13.075520406963847 -5.89673912525177 0.3753577768802643 0.3753577768802643 1.8600000143051147 0.0 Pedestrian 
10.792250194884069 -5.323460926669327 -6.328499972820282 0.3753577768802643 0.3753577768802643 1.2999999523162842 0.0 Pedestrian 
38.556977768248665 17.738754428748393 -6.1769187450408936 0.3753577768802643 0.3753577768802643 1.2999999523162842 0.0 Pedestrian 
9.999870145582818 -5.913803510881166 -6.3285000920295715 0.3753577768802643 0.3753577768802643 1.2999999523162842 0.0 Pedestrian 
6.605892333259362 12.346828668659782 -5.897550463676453 0.3753577768802643 0.3753577768802643 1.8600000143051147 0.0 Pedestrian 
2.5104672509286488 12.48860801185765 -6.178305923938751 0.3753577768802643 0.3753577768802643 1.2999999523162842 0.0 Pedestrian 
10.78727039702089 -7.511682880142416 -6.048500239849091 0.3753577768802643 0.3753577768802643 1.8600000143051147 0.0 Pedestrian 
3.760515499117645 12.753889390758786 -6.176099956035614 0.3753577768802643 0.3753577768802643 1.2999999523162842 0.0 Pedestrian 
11.178876152476976 7.627685818395719 -6.428500056266785 0.5 0.5 1.100000023841858 0.0 Pedestrian 
-1.4428456769064368 -11.919911940776615 -5.896100163459778 0.3753577768802643 0.3753577768802643 1.8600000143051147 0.0 Pedestrian 
33.17893228762236 -28.444944694184414 -6.998326282482594 4.791779518127441 2.163450002670288 1.488319993019104 0.0 Vehicle 
22.19752231110951 10.995121887608207 -6.961556110531092 3.987684965133667 1.8508483171463013 1.6171096563339233 0.0 Vehicle 
29.700402058170113 -30.924826091841396 -7.054063778370619 2.2094459533691406 0.8670341968536377 1.2511454820632935 0.0 Vehicle 
29.239142200794774 16.413393478239186 -7.005219821818173 4.1928300857543945 1.8161858320236206 1.4738311767578125 0.0 Vehicle 
32.693139526507395 19.043158113846857 -6.998327388777398 4.791779518127441 2.163450002670288 1.488319993019104 0.0 Vehicle 
