9.611929192780337 -12.557108535432235 -6.276100039482117 0.5 0.5 1.100000023841858 0.0 Pedestrian 
8.588916405832897 -11.688209081421292 -5.896100163459778 0.3753577768802643 0.3753577768802643 1.8600000143051147 0.0 Pedestrian 
10.891788606229834 -1.173961323906724 -6.048500061035156 0.3753577768802643 0.3753577768802643 1.8600000143051147 0.0 Pedestrian 
25.688858480797407 15.555851818115684 -6.3285000920295715 0.3753577768802643 0.3753577768802643 1.2999999523162842 0.0 Pedestrian 
10.86294125069022 -7.273460444216084 -6.0484729409217834 0.3753577768802643 0.3753577768802643 1.8600000143051147 0.0 Pedestrian 
10.452087792652463 -6.41069701488334 -6.048500061035156 0.3753577768802643 0.3753577768802643 1.8600000143051147 0.0 Pedestrian 
9.596951212285376 -11.827824501689406 -5.89673912525177 0.3753577768802643 0.3753577768802643 1.8600000143051147 0.0 Pedestrian 
10.49582399076079 -9.088478112308962 -6.328499972820282 0.3753577768802643 0.3753577768802643 1.2999999523162842 0.0 Pedestrian 
37.79794361581493 22.863752573927854 -6.1769187450408936 0.3753577768802643 0.3753577768802643 1.2999999523162842 0.0 Pedestrian 
10.53618382425731 -2.6431469240307024 -6.3285000920295715 0.3753577768802643 0.3753577768802643 1.2999999523162842 0.0 Pedestrian 
9.930186623053752 6.079165090761023 -6.048500061035156 0.3753577768802643 0.3753577768802643 1.8600000143051147 0.0 Pedestrian 
7.84137729433445 12.194930534236846 -6.178305923938751 0.3753577768802643 0.3753577768802643 1.2999999523162842 0.0 Pedestrian 
7.731922845879623 -12.504624861426578 -5.896416187286377 0.3753577768802643 0.3753577768802643 1.8600000143051147 0.0 Pedestrian 
10.247736113053634 12.175666167850181 -6.176099956035614 0.3753577768802643 0.3753577768802643 1.2999999523162842 0.0 Pedestrian 
9.08684352752853 13.226705654849297 -6.278580129146576 0.5 0.5 1.100000023841858 0.0 Pedestrian 
8.171046600052094 -12.048115040115135 -5.896100163459778 0.3753577768802643 0.3753577768802643 1.8600000143051147 0.0 Pedestrian 
22.083409985296882 19.05000333463977 -6.96141092479229 3.987684965133667 1.8508483171463013 1.6171096563339233 0.0 Vehicle 
29.323238584702416 7.973725454128669 -7.00520204519853 4.1928300857543945 1.8161858320236206 1.4738311767578125 0.0 Vehicle 
32.793422974843914 8.789814996847952 -6.998378810938448 4.791779518127441 2.163450002670288 1.488319993019104 0.0 Vehicle 
