10.054926682507464 -5.841219218750325 -6.428500056266785 0.5 0.5 1.100000023841858 0.0 Pedestrian 
-0.4791892768009518 12.23492029582269 -5.896243572235107 0.3753577768802643 0.3753577768802643 1.8600000143051147 0.0 Pedestrian 
-0.7246310133446627 -12.349806106620008 -5.896057844161987 0.3753577768802643 0.3753577768802643 1.8600000143051147 0.0 Pedestrian 
7.848827521432312 -12.476991431295005 -5.896100163459778 0.3753577768802643 0.3753577768802643 1.8600000143051147 0.0 Pedestrian 
20.947569164163546 16.125483837972297 -6.3285000920295715 0.3753577768802643 0.3753577768802643 1.2999999523162842 0.0 Pedestrian 
3.242207946973906 -12.852342346334922 -5.896100163459778 0.3753577768802643 0.3753577768802643 1.8600000143051147 0.0 Pedestrian 
4.701327352372232 -12.519440589083501 -5.896100044250488 0.3753577768802643 0.3753577768802643 1.8600000143051147 0.0 Pedestrian 
-2.050871072325151 -13.223146068356641 -5.89673912525177 0.3753577768802643 0.3753577768802643 1.8600000143051147 0.0 Pedestrian 
10.814813673607304 -3.526841180532074 -6.328499972820282 0.3753577768802643 0.3753577768802643 1.2999999523162842 0.0 Pedestrian 
37.21285603944647 16.94200648292008 -6.328499913215637 0.3753577768802643 0.3753577768802643 1.2999999523162842 0.0 Pedestrian 
10.691933947697393 -6.957215329747214 -6.3285000920295715 0.3753577768802643 0.3753577768802643 1.2999999523162842 0.0 Pedestrian 
3.9147071934939603 12.601320718984653 -5.897550463676453 0.3753577768802643 0.3753577768802643 1.8600000143051147 0.0 Pedestrian 
0.7492398999525847 12.544345402075578 -6.178305923938751 0.3753577768802643 0.3753577768802643 1.2999999523162842 0.0 Pedestrian 
11.373996468728528 -3.9882312550540746 -6.048500239849091 0.3753577768802643 0.3753577768802643 1.8600000143051147 0.0 Pedestrian 
1.6730745676915362 13.016742516290606 -6.176099956035614 0.3753577768802643 0.3753577768802643 1.2999999523162842 0.0 Pedestrian 
11.228554860094391 5.491966380747925 -6.428500056266785 0.5 0.5 1.100000023841858 0.0 Pedestrian 
33.145652341164734 -25.06316947496032 -6.998326282482594 4.791779518127441 2.163450002670288 1.488319993019104 0.0 Vehicle 
22.25068270277391 8.008554522212876 -6.961406767368317 3.987684965133667 1.8508483171463013 1.6171096563339233 0.0 Vehicle 
29.667999562282773 -27.676171337275036 -7.054871041327715 2.2094459533691406 0.8670341968536377 1.2511454820632935 0.0 Vehicle 
29.206261579155914 19.727769252791518 -7.005211086012423 4.1928300857543945 1.8161858320236206 1.4738311767578125 0.0 Vehicle 
32.66136575174049 22.38136499611278 -6.998325862921774 4.791779518127441 2.163450002670288 1.488319993019104 0.0 Vehicle 
