10.251704056950302 -10.622293764636197 -6.42849999666214 0.5 0.5 1.100000023841858 0.0 Pedestrian 
6.739057791387495 -12.820838145826087 -5.896100163459778 0.3753577768802643 0.3753577768802643 1.8600000143051147 0.0 Pedestrian 
10.800460956783255 -4.606319235983051 -6.048500061035156 0.3753577768802643 0.3753577768802643 1.8600000143051147 0.0 Pedestrian 
24.428982913322514 14.95375767870189 -6.3285000920295715 0.3753577768802643 0.3753577768802643 1.2999999523162842 0.0 Pedestrian 
10.793244440031657 -10.058178343594022 -6.0484729409217834 0.3753577768802643 0.3753577768802643 1.8600000143051147 0.0 Pedestrian 
10.777107034609664 -9.462273892125609 -6.048500061035156 0.3753577768802643 0.3753577768802643 1.8600000143051147 0.0 Pedestrian 
7.6617289267877595 -12.538541712319784 -5.89673912525177 0.3753577768802643 0.3753577768802643 1.8600000143051147 0.0 Pedestrian 
10.162772045984802 -7.643202566806735 -6.328499972820282 0.3753577768802643 0.3753577768802643 1.2999999523162842 0.0 Pedestrian 
37.6875532020155 20.226059537919582 -6.1769187450408936 0.3753577768802643 0.3753577768802643 1.2999999523162842 0.0 Pedestrian 
10.302005135734298 -4.942148396387893 -6.3285000920295715 0.3753577768802643 0.3753577768802643 1.2999999523162842 0.0 Pedestrian 
10.042046060209167 9.77571307104381 -6.048500061035156 0.3753577768802643 0.3753577768802643 1.8600000143051147 0.0 Pedestrian 
6.331736443178578 12.241080280196911 -6.178305923938751 0.3753577768802643 0.3753577768802643 1.2999999523162842 0.0 Pedestrian 
8.975301500819654 -12.147600460372814 -5.896416187286377 0.3753577768802643 0.3753577768802643 1.8600000143051147 0.0 Pedestrian 
7.74301975398258 12.31518070339996 -6.176099956035614 0.3753577768802643 0.3753577768802643 1.2999999523162842 0.0 Pedestrian 
10.476866388265464 11.627769769305246 -6.428500056266785 0.5 0.5 1.100000023841858 0.0 Pedestrian 
4.997386890123778 -11.984604894954714 -5.896100163459778 0.3753577768802643 0.3753577768802643 1.8600000143051147 0.0 Pedestrian 
33.24536297089884 -35.205232273434945 -6.998326091794297 4.791779518127441 2.163450002670288 1.488319993019104 0.0 Vehicle 
22.117802393486954 15.584342088763833 -6.960750292986631 3.987684965133667 1.8508483171463013 1.6171096563339233 0.0 Vehicle 
29.765298945663403 -37.41733439456755 -7.054857559502125 2.2094459533691406 0.8670341968536377 1.2511454820632935 0.0 Vehicle 
29.298079809003926 10.4859098823581 -7.00521959271282 4.1928300857543945 1.8161858320236206 1.4738311767578125 0.0 Vehicle 
32.757565524863026 12.429033048750284 -6.998342876438983 4.791779518127441 2.163450002670288 1.488319993019104 0.0 Vehicle 
