10.182666135251914 -8.407895301898066 -6.428500056266785 0.5 0.5 1.100000023841858 0.0 Pedestrian 
1.3395346631734952 -12.95087677542574 -5.896100163459778 0.3753577768802643 0.3753577768802643 1.8600000143051147 0.0 Pedestrian 
11.193760144247676 -9.160654368390624 -6.048500061035156 0.3753577768802643 0.3753577768802643 1.8600000143051147 0.0 Pedestrian 
24.072597877570388 15.832493686516841 -6.3285000920295715 0.3753577768802643 0.3753577768802643 1.2999999523162842 0.0 Pedestrian 
8.120262231421421 -12.449843725443657 -5.896100163459778 0.3753577768802643 0.3753577768802643 1.8600000143051147 0.0 Pedestrian 
9.229379799563034 -12.030482817277175 -5.896100044250488 0.3753577768802643 0.3753577768802643 1.8600000143051147 0.0 Pedestrian 
3.2933292757853536 -13.003728539426334 -5.89673912525177 0.3753577768802643 0.3753577768802643 1.8600000143051147 0.0 Pedestrian 
10.71700594810519 -6.4221083667603125 -6.328499972820282 0.3753577768802643 0.3753577768802643 1.2999999523162842 0.0 Pedestrian 
38.79170440354608 18.751937991404475 -6.1769187450408936 0.3753577768802643 0.3753577768802643 1.2999999523162842 0.0 Pedestrian 
10.083390796298929 -6.146088017750344 -6.3285000920295715 0.3753577768802643 0.3753577768802643 1.2999999523162842 0.0 Pedestrian 
8.537055672217647 12.398148997625299 -5.897550463676453 0.3753577768802643 0.3753577768802643 1.8600000143051147 0.0 Pedestrian 
3.636718299708562 12.45755453034235 -6.178305923938751 0.3753577768802643 0.3753577768802643 1.2999999523162842 0.0 Pedestrian 
10.5131699040138 -9.050478918348972 -6.048500239849091 0.3753577768802643 0.3753577768802643 1.8600000143051147 0.0 Pedestrian 
5.065852763073572 12.638257960427609 -6.176099956035614 0.3753577768802643 0.3753577768802643 1.2999999523162842 0.0 Pedestrian 
11.082475061969287 8.777092909765202 -6.428500056266785 0.5 0.5 1.100000023841858 0.0 Pedestrian 
0.44816764001956244 -11.996404879758757 -5.896100163459778 0.3753577768802643 0.3753577768802643 1.8600000143051147 0.0 Pedestrian 
33.19792137152524 -30.376897350039712 -6.998326282482594 4.791779518127441 2.163450002670288 1.488319993019104 0.0 Vehicle 
22.16987261357701 12.568656667490359 -6.961685582995415 3.987684965133667 1.8508483171463013 1.6171096563339233 0.0 Vehicle 
29.719538301555588 -32.77966975339052 -7.053402632474899 2.2094459533691406 0.8670341968536377 1.2511454820632935 0.0 Vehicle 
29.25747124816904 14.57029714333305 -7.005230350419879 4.1928300857543945 1.8161858320236206 1.4738311767578125 0.0 Vehicle 
32.71156678364471 17.140847920757096 -6.9983291435055435 4.791779518127441 2.163450002670288 1.488319993019104 0.0 Vehicle 
