10.459667947559979 -10.288615006036707 -6.430398225784302 0.5 0.5 1.100000023841858 0.0 Pedestrian 
10.896862925729536 -2.544363840946403 -6.048500061035156 0.3753577768802643 0.3753577768802643 1.8600000143051147 0.0 Pedestrian 
10.226643962592547 12.633634572423375 -5.897810339927673 0.3753577768802643 0.3753577768802643 1.8600000143051147 0.0 Pedestrian 
34.3572401346236 17.057274252058505 -6.3285000920295715 0.3753577768802643 0.3753577768802643 1.2999999523162842 0.0 Pedestrian 
10.759817016300097 5.760634092337824 -6.0484729409217834 0.3753577768802643 0.3753577768802643 1.8600000143051147 0.0 Pedestrian 
10.594671032630487 6.6378802442982305 -6.048500061035156 0.3753577768802643 0.3753577768802643 1.8600000143051147 0.0 Pedestrian 
10.966884913660483 -1.6393888872937623 -6.048500061035156 0.3753577768802643 0.3753577768802643 1.8600000143051147 0.0 Pedestrian 
7.144566566278996 -12.280535263578486 -6.176051557064056 0.3753577768802643 0.3753577768802643 1.2999999523162842 0.0 Pedestrian 
10.687754813967722 4.918455446947036 -6.328500151634216 0.3753577768802643 0.3753577768802643 1.2999999523162842 0.0 Pedestrian 
10.513562631363733 -4.298640479697042 -6.048500061035156 0.3753577768802643 0.3753577768802643 1.8600000143051147 0.0 Pedestrian 
9.920649085914048 7.0116135768783465 -6.3285000920295715 0.3753577768802643 0.3753577768802643 1.2999999523162842 0.0 Pedestrian 
10.076676244352825 4.529000327788641 -6.328499913215637 0.3753577768802643 0.3753577768802643 1.2999999523162842 0.0 Pedestrian 
2.042191559422342 13.033918881388104 -6.278580129146576 0.5 0.5 1.100000023841858 0.0 Pedestrian 
11.85304609284914 -2.700121925670942 -6.048500061035156 0.3753577768802643 0.3753577768802643 1.8600000143051147 0.0 Pedestrian 
22.113383534842058 32.835076118513825 -6.961410887539387 3.987684965133667 1.8508483171463013 1.6171096563339233 0.0 Vehicle 
29.41715672046091 -1.5293889788503066 -7.005206928122789 4.1928300857543945 1.8161858320236206 1.4738311767578125 0.0 Vehicle 
32.91337901123713 -3.0198060652552385 -6.998325595865026 4.791779518127441 2.163450002670288 1.488319993019104 0.0 Vehicle 
