9.233812189035419 -12.599877419656082 -6.276100039482117 0.5 0.5 1.100000023841858 0.0 Pedestrian 
9.101424988862746 -11.687903590816404 -5.896100163459778 0.3753577768802643 0.3753577768802643 1.8600000143051147 0.0 Pedestrian 
10.876951763724747 -0.7180470389735092 -6.048500061035156 0.3753577768802643 0.3753577768802643 1.8600000143051147 0.0 Pedestrian 
25.9969285868397 15.588038627333617 -6.3285000920295715 0.3753577768802643 0.3753577768802643 1.2999999523162842 0.0 Pedestrian 
10.826476467804056 -6.848350456416142 -6.0484729409217834 0.3753577768802643 0.3753577768802643 1.8600000143051147 0.0 Pedestrian 
10.339547214994269 -5.9468203693517125 -6.048500061035156 0.3753577768802643 0.3753577768802643 1.8600000143051147 0.0 Pedestrian 
10.014389359676777 -11.643562458121664 -5.89673912525177 0.3753577768802643 0.3753577768802643 1.8600000143051147 0.0 Pedestrian 
10.251043898137318 -9.316210906630431 -6.328499972820282 0.3753577768802643 0.3753577768802643 1.2999999523162842 0.0 Pedestrian 
37.81175957738098 23.193464683381762 -6.1769187450408936 0.3753577768802643 0.3753577768802643 1.2999999523162842 0.0 Pedestrian 
10.556147118475184 -2.3237646697774608 -6.3285000920295715 0.3753577768802643 0.3753577768802643 1.2999999523162842 0.0 Pedestrian 
9.94006996625326 5.537308375014447 -6.048500061035156 0.3753577768802643 0.3753577768802643 1.8600000143051147 0.0 Pedestrian 
8.089812282590259 12.214816670000687 -6.178305923938751 0.3753577768802643 0.3753577768802643 1.2999999523162842 0.0 Pedestrian 
7.389663160338046 -12.339938388706173 -5.896416187286377 0.3753577768802643 0.3753577768802643 1.8600000143051147 0.0 Pedestrian 
10.442906279873345 11.908139367267154 -6.328499913215637 0.3753577768802643 0.3753577768802643 1.2999999523162842 0.0 Pedestrian 
8.700685927295915 13.05610540724399 -6.278580129146576 0.5 0.5 1.100000023841858 0.0 Pedestrian 
8.214697742290312 -11.850044583886756 -5.896100163459778 0.3753577768802643 0.3753577768802643 1.8600000143051147 0.0 Pedestrian 
22.080086925023657 19.54259714907323 -6.96141092479229 3.987684965133667 1.8508483171463013 1.6171096563339233 0.0 Vehicle 
29.325413271210675 7.753613826211335 -7.005183849018067 4.1928300857543945 1.8161858320236206 1.4738311767578125 0.0 Vehicle 
32.79773158981396 8.352945003399157 -6.9983864785172045 4.791779518127441 2.163450002670288 1.488319993019104 0.0 Vehicle 
