10.232130760837391 1.780777907494837 -6.428500056266785 0.5 0.5 1.100000023841858 0.0 Pedestrian 
7.989777643948532 12.201208750993715 -5.896243572235107 0.3753577768802643 0.3753577768802643 1.8600000143051147 0.0 Pedestrian 
10.437875019213806 -11.858084505797137 -5.896057844161987 0.3753577768802643 0.3753577768802643 1.8600000143051147 0.0 Pedestrian 
10.02799068971914 -4.5159143678465625 -6.048500180244446 0.3753577768802643 0.3753577768802643 1.8600000143051147 0.0 Pedestrian 
13.196073665522093 14.039739416931866 -6.176895380020142 0.3753577768802643 0.3753577768802643 1.2999999523162842 0.0 Pedestrian 
14.002535679112356 -46.24038843134986 -6.176112174987793 0.3753577768802643 0.3753577768802643 1.2999999523162842 0.0 Pedestrian 
9.957635358680967 4.250801440130255 -6.328499972820282 0.3753577768802643 0.3753577768802643 1.2999999523162842 0.0 Pedestrian 
29.411575006942584 15.146033341498764 -6.328499913215637 0.3753577768802643 0.3753577768802643 1.2999999523162842 0.0 Pedestrian 
7.9144276778344675 -12.778478362607302 -6.177496254444122 0.3753577768802643 0.3753577768802643 1.2999999523162842 0.0 Pedestrian 
10.695608675261678 8.809110774873488 -6.048500239849091 0.3753577768802643 0.3753577768802643 1.8600000143051147 0.0 Pedestrian 
11.056825608108717 -1.5006860564122917 -6.428500056266785 0.5 0.5 1.100000023841858 0.0 Pedestrian 
33.12203974230626 -22.664342665432628 -6.998319988255389 4.791779518127441 2.163450002670288 1.488319993019104 0.0 Vehicle 
22.467713559939554 -4.3515363648297125 -6.9614128693938255 3.987684965133667 1.8508483171463013 1.6171096563339233 0.0 Vehicle 
29.616726413381983 -22.580715655595895 -7.054859675467014 2.2094459533691406 0.8670341968536377 1.2511454820632935 0.0 Vehicle 
29.082390236807328 32.27123815833727 -7.005206699483097 4.1928300857543945 1.8161858320236206 1.4738311767578125 0.0 Vehicle 
32.54258031505023 34.81329584383411 -6.998324909247458 4.791779518127441 2.163450002670288 1.488319993019104 0.0 Vehicle 
