10.356651345912766 -11.065039253770578 -6.42849999666214 0.5 0.5 1.100000023841858 0.0 Pedestrian 
7.111960020787862 -13.111866769896665 -5.896100163459778 0.3753577768802643 0.3753577768802643 1.8600000143051147 0.0 Pedestrian 
10.925598351934923 -3.9089555396571996 -6.048500061035156 0.3753577768802643 0.3753577768802643 1.8600000143051147 0.0 Pedestrian 
24.503580746252325 15.085420041535599 -6.3285000920295715 0.3753577768802643 0.3753577768802643 1.2999999523162842 0.0 Pedestrian 
10.836922939830963 -10.013918626697773 -6.0484729409217834 0.3753577768802643 0.3753577768802643 1.8600000143051147 0.0 Pedestrian 
10.956066280884535 -8.690635137354661 -6.048500061035156 0.3753577768802643 0.3753577768802643 1.8600000143051147 0.0 Pedestrian 
8.067214744728233 -12.560284750248229 -5.89673912525177 0.3753577768802643 0.3753577768802643 1.8600000143051147 0.0 Pedestrian 
10.14769974871038 -8.350548915309446 -6.328499972820282 0.3753577768802643 0.3753577768802643 1.2999999523162842 0.0 Pedestrian 
37.71513934338277 20.885483112348652 -6.1769187450408936 0.3753577768802643 0.3753577768802643 1.2999999523162842 0.0 Pedestrian 
10.37642897604266 -4.3993253038627245 -6.3285000920295715 0.3753577768802643 0.3753577768802643 1.2999999523162842 0.0 Pedestrian 
9.994474626617105 8.897223552158152 -6.048500061035156 0.3753577768802643 0.3753577768802643 1.8600000143051147 0.0 Pedestrian 
6.350878767111524 12.240316407137698 -6.178305923938751 0.3753577768802643 0.3753577768802643 1.2999999523162842 0.0 Pedestrian 
8.482231803380728 -11.97659000011447 -5.896416187286377 0.3753577768802643 0.3753577768802643 1.8600000143051147 0.0 Pedestrian 
8.301115820432042 12.20320729602156 -6.176099956035614 0.3753577768802643 0.3753577768802643 1.2999999523162842 0.0 Pedestrian 
10.242655404182582 12.172066307756836 -6.278580129146576 0.5 0.5 1.100000023841858 0.0 Pedestrian 
5.985768226300422 -11.957540687763867 -5.896100163459778 0.3753577768802643 0.3753577768802643 1.8600000143051147 0.0 Pedestrian 
33.254845101380255 -36.17063457288782 -6.998326091794297 4.791779518127441 2.163450002670288 1.488319993019104 0.0 Vehicle 
22.10794480417509 16.189295563632186 -6.960822392255068 3.987684965133667 1.8508483171463013 1.6171096563339233 0.0 Vehicle 
29.77460579870646 -38.34448861490955 -7.054857559502125 2.2094459533691406 0.8670341968536377 1.2511454820632935 0.0 Vehicle 
29.30501640248023 9.794523850944302 -7.0052535817958415 4.1928300857543945 1.8161858320236206 1.4738311767578125 0.0 Vehicle 
32.76663792750362 11.502034296061765 -6.998348560417071 4.791779518127441 2.163450002670288 1.488319993019104 0.0 Vehicle 
