10.060853698807364 -4.161502284165294 -6.428500056266785 0.5 0.5 1.100000023841858 0.0 Pedestrian 
-0.1865752059301613 12.207780449972233 -5.896243572235107 0.3753577768802643 0.3753577768802643 1.8600000143051147 0.0 Pedestrian 
1.5390979819833461 -11.973956638455434 -5.896057844161987 0.3753577768802643 0.3753577768802643 1.8600000143051147 0.0 Pedestrian 
8.19110514596187 -12.479545428003235 -5.896100163459778 0.3753577768802643 0.3753577768802643 1.8600000143051147 0.0 Pedestrian 
19.452045822813723 15.874042882449203 -6.3285000920295715 0.3753577768802643 0.3753577768802643 1.2999999523162842 0.0 Pedestrian 
0.8354697888290303 -13.044323345832936 -5.896100163459778 0.3753577768802643 0.3753577768802643 1.8600000143051147 0.0 Pedestrian 
2.2329941680855967 -12.469973972470143 -5.896100044250488 0.3753577768802643 0.3753577768802643 1.8600000143051147 0.0 Pedestrian 
10.646494325639438 -2.1070725523801457 -6.328499972820282 0.3753577768802643 0.3753577768802643 1.2999999523162842 0.0 Pedestrian 
36.159334498283336 16.094902894442725 -6.328499913215637 0.3753577768802643 0.3753577768802643 1.2999999523162842 0.0 Pedestrian 
10.581153343893305 -8.458328142888945 -6.3285000920295715 0.3753577768802643 0.3753577768802643 1.2999999523162842 0.0 Pedestrian 
1.9311704606786009 12.882835602204295 -5.897550463676453 0.3753577768802643 0.3753577768802643 1.8600000143051147 0.0 Pedestrian 
0.21611896634512817 12.701451722304228 -6.178305923938751 0.3753577768802643 0.3753577768802643 1.2999999523162842 0.0 Pedestrian 
11.433786440519437 -1.4960757650846972 -6.048500239849091 0.3753577768802643 0.3753577768802643 1.8600000143051147 0.0 Pedestrian 
0.17304126685969834 13.473767624979814 -6.176099956035614 0.3753577768802643 0.3753577768802643 1.2999999523162842 0.0 Pedestrian 
11.109400727275776 4.050942279317269 -6.428500056266785 0.5 0.5 1.100000023841858 0.0 Pedestrian 
33.12565701889595 -23.027199923178387 -6.997882976662368 4.791779518127441 2.163450002670288 1.488319993019104 0.0 Vehicle 
22.291182958338922 5.754414934211951 -6.961552485823631 3.987684965133667 1.8508483171463013 1.6171096563339233 0.0 Vehicle 
29.644688490129113 -25.35506002826196 -7.054856356233358 2.2094459533691406 0.8670341968536377 1.2511454820632935 0.0 Vehicle 
29.182200315406064 22.126327516853166 -7.00520875910297 4.1928300857543945 1.8161858320236206 1.4738311767578125 0.0 Vehicle 
32.63852240655531 24.76953100544688 -6.998325405176729 4.791779518127441 2.163450002670288 1.488319993019104 0.0 Vehicle 
