7.986725578292251 -12.417871145533127 -6.277721166610718 0.5 0.5 1.100000023841858 0.0 Pedestrian 
10.200929312081115 -10.127995156859583 -6.048500239849091 0.3753577768802643 0.3753577768802643 1.8600000143051147 0.0 Pedestrian 
10.948323422893377 3.1703493696294345 -6.048500061035156 0.3753577768802643 0.3753577768802643 1.8600000143051147 0.0 Pedestrian 
28.169875076137416 16.042980462031437 -6.3285000920295715 0.3753577768802643 0.3753577768802643 1.2999999523162842 0.0 Pedestrian 
11.063632940268878 -2.973182075402292 -6.0484729409217834 0.3753577768802643 0.3753577768802643 1.8600000143051147 0.0 Pedestrian 
10.827444879261968 -2.055284293306272 -6.048500061035156 0.3753577768802643 0.3753577768802643 1.8600000143051147 0.0 Pedestrian 
10.243723255680507 -9.553414903279872 -6.048500061035156 0.3753577768802643 0.3753577768802643 1.8600000143051147 0.0 Pedestrian 
10.169730262090035 -11.145226628340538 -6.328499972820282 0.3753577768802643 0.3753577768802643 1.2999999523162842 0.0 Pedestrian 
37.922165473653706 25.83115158026044 -6.1769187450408936 0.3753577768802643 0.3753577768802643 1.2999999523162842 0.0 Pedestrian 
10.767370141980955 0.3811990432737957 -6.3285000920295715 0.3753577768802643 0.3753577768802643 1.2999999523162842 0.0 Pedestrian 
10.029429416640097 1.3068928318973008 -6.048500061035156 0.3753577768802643 0.3753577768802643 1.8600000143051147 0.0 Pedestrian 
10.418343649758093 11.901911547771647 -6.3285000920295715 0.3753577768802643 0.3753577768802643 1.2999999523162842 0.0 Pedestrian 
4.056214272549923 -12.698536972397847 -5.896416187286377 0.3753577768802643 0.3753577768802643 1.8600000143051147 0.0 Pedestrian 
9.916022660610885 10.238746726382374 -6.328499913215637 0.3753577768802643 0.3753577768802643 1.2999999523162842 0.0 Pedestrian 
7.276439687380552 12.77564589024621 -6.278580129146576 0.5 0.5 1.100000023841858 0.0 Pedestrian 
10.929810121511416 -10.71117491222094 -6.048500061035156 0.3753577768802643 0.3753577768802643 1.8600000143051147 0.0 Pedestrian 
22.06519083219837 23.482672751925634 -6.96141092479229 3.987684965133667 1.8508483171463013 1.6171096563339233 0.0 Vehicle 
29.343440716006306 5.945824735530451 -7.0051177786663175 4.1928300857543945 1.8161858320236206 1.4738311767578125 0.0 Vehicle 
32.82938853075782 5.177669439253144 -6.998317546909675 4.791779518127441 2.163450002670288 1.488319993019104 0.0 Vehicle 
