9.302338543922588 -12.598219203564554 -6.276100039482117 0.5 0.5 1.100000023841858 0.0 Pedestrian 
9.390850809242039 -11.701131986251994 -5.896100163459778 0.3753577768802643 0.3753577768802643 1.8600000143051147 0.0 Pedestrian 
10.875309390762482 -0.24385079190335546 -6.048500061035156 0.3753577768802643 0.3753577768802643 1.8600000143051147 0.0 Pedestrian 
26.34537889948517 15.573991468981149 -6.3285000920295715 0.3753577768802643 0.3753577768802643 1.2999999523162842 0.0 Pedestrian 
10.841777220100319 -6.346481721709665 -6.0484729409217834 0.3753577768802643 0.3753577768802643 1.8600000143051147 0.0 Pedestrian 
10.501373895368914 -5.529717129330493 -6.048500061035156 0.3753577768802643 0.3753577768802643 1.8600000143051147 0.0 Pedestrian 
10.56186781664345 -11.577406921211605 -5.89673912525177 0.3753577768802643 0.3753577768802643 1.8600000143051147 0.0 Pedestrian 
10.246648225843138 -9.638486756373027 -6.328499972820282 0.3753577768802643 0.3753577768802643 1.2999999523162842 0.0 Pedestrian 
37.82556028945301 23.52317626031163 -6.1769187450408936 0.3753577768802643 0.3753577768802643 1.2999999523162842 0.0 Pedestrian 
10.576901579804481 -2.002554106976163 -6.3285000920295715 0.3753577768802643 0.3753577768802643 1.2999999523162842 0.0 Pedestrian 
9.949708829182057 4.976219403479149 -6.048500061035156 0.3753577768802643 0.3753577768802643 1.8600000143051147 0.0 Pedestrian 
8.413216211660238 12.214078451346495 -6.178305923938751 0.3753577768802643 0.3753577768802643 1.2999999523162842 0.0 Pedestrian 
6.890473922745912 -12.147151760614292 -5.896416187286377 0.3753577768802643 0.3753577768802643 1.8600000143051147 0.0 Pedestrian 
10.5402457780149 11.93071955269545 -6.328499913215637 0.3753577768802643 0.3753577768802643 1.2999999523162842 0.0 Pedestrian 
8.373291141781223 12.910980361089969 -6.278580129146576 0.5 0.5 1.100000023841858 0.0 Pedestrian 
8.827968434478535 -11.961896225503438 -5.896100163459778 0.3753577768802643 0.3753577768802643 1.8600000143051147 0.0 Pedestrian 
22.077130917655154 20.03517324509562 -6.96141092479229 3.987684965133667 1.8508483171463013 1.6171096563339233 0.0 Vehicle 
29.327626383006812 7.535462388391238 -7.005205478519201 4.1928300857543945 1.8161858320236206 1.4738311767578125 0.0 Vehicle 
32.80200861648592 7.922226231511559 -6.998394413036294 4.791779518127441 2.163450002670288 1.488319993019104 0.0 Vehicle 
