8.908920723069144 -12.358480639894196 -6.277721166610718 0.5 0.5 1.100000023841858 0.0 Pedestrian 
10.241648947036666 -11.45057808016179 -5.904184937477112 0.3753577768802643 0.3753577768802643 1.8600000143051147 0.0 Pedestrian 
10.92802139472563 0.7204707941455126 -6.048500061035156 0.3753577768802643 0.3753577768802643 1.8600000143051147 0.0 Pedestrian 
26.873909260322463 15.690438757761626 -6.3285000920295715 0.3753577768802643 0.3753577768802643 1.2999999523162842 0.0 Pedestrian 
10.79258175105629 -5.442697904018587 -6.0484729409217834 0.3753577768802643 0.3753577768802643 1.8600000143051147 0.0 Pedestrian 
10.615143225156856 -4.5802677328850905 -6.048500061035156 0.3753577768802643 0.3753577768802643 1.8600000143051147 0.0 Pedestrian 
11.058448056460755 -10.881813496598511 -6.048500061035156 0.3753577768802643 0.3753577768802643 1.8600000143051147 0.0 Pedestrian 
10.162017186812704 -10.28557327980161 -6.328499972820282 0.3753577768802643 0.3753577768802643 1.2999999523162842 0.0 Pedestrian 
37.85316171359706 24.182599414171364 -6.1769187450408936 0.3753577768802643 0.3753577768802643 1.2999999523162842 0.0 Pedestrian 
10.616790295845327 -1.3539606565691429 -6.3285000920295715 0.3753577768802643 0.3753577768802643 1.2999999523162842 0.0 Pedestrian 
9.951809486927512 3.949806204960886 -6.048500061035156 0.3753577768802643 0.3753577768802643 1.8600000143051147 0.0 Pedestrian 
8.995615615209566 12.280590330302857 -6.178305923938751 0.3753577768802643 0.3753577768802643 1.2999999523162842 0.0 Pedestrian 
6.240950709265334 -12.29483537274541 -5.896416187286377 0.3753577768802643 0.3753577768802643 1.8600000143051147 0.0 Pedestrian 
10.492272796122087 11.321689214723847 -6.328499913215637 0.3753577768802643 0.3753577768802643 1.2999999523162842 0.0 Pedestrian 
8.301187503001913 12.823319941797195 -6.278580129146576 0.5 0.5 1.100000023841858 0.0 Pedestrian 
9.265224962068245 -11.971334478734661 -5.8964842557907104 0.3753577768802643 0.3753577768802643 1.8600000143051147 0.0 Pedestrian 
22.07212175164446 21.020267265281404 -6.9614108093082905 3.987684965133667 1.8508483171463013 1.6171096563339233 0.0 Vehicle 
29.332303413951127 7.064432411732469 -7.0052015874534845 4.1928300857543945 1.8161858320236206 1.4738311767578125 0.0 Vehicle 
32.81034679083205 7.083147827644865 -6.9984103966271505 4.791779518127441 2.163450002670288 1.488319993019104 0.0 Vehicle 
