10.636331346742196 -11.25301919180049 -6.430398225784302 0.5 0.5 1.100000023841858 0.0 Pedestrian 
10.710313437015518 -3.256046011010767 -6.048500061035156 0.3753577768802643 0.3753577768802643 1.8600000143051147 0.0 Pedestrian 
10.442568343630995 11.00489931908146 -6.048500061035156 0.3753577768802643 0.3753577768802643 1.8600000143051147 0.0 Pedestrian 
33.3802852650703 16.897124924733703 -6.3285000920295715 0.3753577768802643 0.3753577768802643 1.2999999523162842 0.0 Pedestrian 
11.00368843878551 4.590359266667811 -6.0484729409217834 0.3753577768802643 0.3753577768802643 1.8600000143051147 0.0 Pedestrian 
10.688863281366286 5.36896776466817 -6.048500061035156 0.3753577768802643 0.3753577768802643 1.8600000143051147 0.0 Pedestrian 
10.99631753242534 -3.0055822911086807 -6.048500061035156 0.3753577768802643 0.3753577768802643 1.8600000143051147 0.0 Pedestrian 
7.9456171542030205 -12.146164367058532 -6.176051557064056 0.3753577768802643 0.3753577768802643 1.2999999523162842 0.0 Pedestrian 
38.14297686680612 31.106536811138312 -6.1769187450408936 0.3753577768802643 0.3753577768802643 1.2999999523162842 0.0 Pedestrian 
10.697361859047149 3.967402118891215 -6.328499972820282 0.3753577768802643 0.3753577768802643 1.2999999523162842 0.0 Pedestrian 
10.165785863742766 -3.600829892265324 -6.048500061035156 0.3753577768802643 0.3753577768802643 1.8600000143051147 0.0 Pedestrian 
9.904124799006125 8.072432177813255 -6.3285000920295715 0.3753577768802643 0.3753577768802643 1.2999999523162842 0.0 Pedestrian 
9.989722100162016 5.425371095739138 -6.328499913215637 0.3753577768802643 0.3753577768802643 1.2999999523162842 0.0 Pedestrian 
2.9677438157052904 13.010290914679786 -6.278580129146576 0.5 0.5 1.100000023841858 0.0 Pedestrian 
11.678639389114757 -4.221670488401287 -6.048500061035156 0.3753577768802643 0.3753577768802643 1.8600000143051147 0.0 Pedestrian 
22.099905919338667 31.358900658652942 -6.961410962045193 3.987684965133667 1.8508483171463013 1.6171096563339233 0.0 Vehicle 
29.403016784540977 -0.08345116810744457 -7.0052068517543375 4.1928300857543945 1.8161858320236206 1.4738311767578125 0.0 Vehicle 
32.898603100964735 -1.5901967835320647 -6.998325405176729 4.791779518127441 2.163450002670288 1.488319993019104 0.0 Vehicle 
