7.296969177435855 -12.525279753794166 -6.277721166610718 0.5 0.5 1.100000023841858 0.0 Pedestrian 
10.429186881675683 -9.567904321627566 -6.048500239849091 0.3753577768802643 0.3753577768802643 1.8600000143051147 0.0 Pedestrian 
10.954018556189146 5.184185032431898 -6.048500061035156 0.3753577768802643 0.3753577768802643 1.8600000143051147 0.0 Pedestrian 
29.47246621953287 16.256515225220596 -6.3285000920295715 0.3753577768802643 0.3753577768802643 1.2999999523162842 0.0 Pedestrian 
11.143649321101801 -1.1113900322421841 -6.0484729409217834 0.3753577768802643 0.3753577768802643 1.8600000143051147 0.0 Pedestrian 
10.92987447581686 -0.05269735951515031 -6.048500061035156 0.3753577768802643 0.3753577768802643 1.8600000143051147 0.0 Pedestrian 
10.680157089397184 -8.500894605396525 -6.048500061035156 0.3753577768802643 0.3753577768802643 1.8600000143051147 0.0 Pedestrian 
10.0280427616172 -11.783142724784739 -6.176051557064056 0.3753577768802643 0.3753577768802643 1.2999999523162842 0.0 Pedestrian 
37.97735313901329 27.149995449269113 -6.1769187450408936 0.3753577768802643 0.3753577768802643 1.2999999523162842 0.0 Pedestrian 
10.245682841378075 1.1627188756821738 -6.3285000920295715 0.3753577768802643 0.3753577768802643 1.2999999523162842 0.0 Pedestrian 
10.075686771819308 0.5458331939400409 -6.048500061035156 0.3753577768802643 0.3753577768802643 1.8600000143051147 0.0 Pedestrian 
10.253783253281334 10.86353822955789 -6.3285000920295715 0.3753577768802643 0.3753577768802643 1.2999999523162842 0.0 Pedestrian 
2.153126406058547 -12.917240023178465 -5.896416187286377 0.3753577768802643 0.3753577768802643 1.8600000143051147 0.0 Pedestrian 
9.929107734163779 8.916581499393033 -6.328499913215637 0.3753577768802643 0.3753577768802643 1.2999999523162842 0.0 Pedestrian 
6.256795338039147 12.84809521781608 -6.278580129146576 0.5 0.5 1.100000023841858 0.0 Pedestrian 
10.916423782177155 -10.023097310844719 -6.048500061035156 0.3753577768802643 0.3753577768802643 1.8600000143051147 0.0 Pedestrian 
22.065958074093928 25.452243098447525 -6.961410962045193 3.987684965133667 1.8508483171463013 1.6171096563339233 0.0 Vehicle 
29.354056772898005 4.874935137389173 -7.00513807265088 4.1928300857543945 1.8161858320236206 1.4738311767578125 0.0 Vehicle 
32.842653230285464 3.852546501703216 -6.998137798393145 4.791779518127441 2.163450002670288 1.488319993019104 0.0 Vehicle 
