10.054160743260404 -5.452894458289279 -6.428500056266785 0.5 0.5 1.100000023841858 0.0 Pedestrian 
-0.5392728250993102 12.234586550851304 -5.896243572235107 0.3753577768802643 0.3753577768802643 1.8600000143051147 0.0 Pedestrian 
-0.2583886080230968 -12.28643013967303 -5.896057844161987 0.3753577768802643 0.3753577768802643 1.8600000143051147 0.0 Pedestrian 
7.310860177137528 -12.521697155623997 -5.896100163459778 0.3753577768802643 0.3753577768802643 1.8600000143051147 0.0 Pedestrian 
20.670127691166492 16.09371007626123 -6.3285000920295715 0.3753577768802643 0.3753577768802643 1.2999999523162842 0.0 Pedestrian 
2.7253714006856455 -12.83364419935981 -5.896100163459778 0.3753577768802643 0.3753577768802643 1.8600000143051147 0.0 Pedestrian 
4.2841477325614505 -12.272573313674684 -5.896100044250488 0.3753577768802643 0.3753577768802643 1.8600000143051147 0.0 Pedestrian 
-2.5962317536403106 -13.214408283523198 -5.89673912525177 0.3753577768802643 0.3753577768802643 1.8600000143051147 0.0 Pedestrian 
10.800077411172893 -3.264435452294606 -6.328499972820282 0.3753577768802643 0.3753577768802643 1.2999999523162842 0.0 Pedestrian 
37.028042070500526 16.76387823128516 -6.328499913215637 0.3753577768802643 0.3753577768802643 1.2999999523162842 0.0 Pedestrian 
10.677394988090505 -7.2902706336940355 -6.3285000920295715 0.3753577768802643 0.3753577768802643 1.2999999523162842 0.0 Pedestrian 
3.4683510676705893 12.665406331888562 -5.897550463676453 0.3753577768802643 0.3753577768802643 1.8600000143051147 0.0 Pedestrian 
0.4880463988193853 12.58857007727238 -6.178305923938751 0.3753577768802643 0.3753577768802643 1.2999999523162842 0.0 Pedestrian 
11.411387219681608 -3.5020186314052353 -6.048500239849091 0.3753577768802643 0.3753577768802643 1.8600000143051147 0.0 Pedestrian 
1.3827600932259259 13.067223601194996 -6.176099956035614 0.3753577768802643 0.3753577768802643 1.2999999523162842 0.0 Pedestrian 
11.18833850811582 5.144381548681963 -6.428500056266785 0.5 0.5 1.100000023841858 0.0 Pedestrian 
33.140886211014674 -24.579969170566528 -6.998326244414784 4.791779518127441 2.163450002670288 1.488319993019104 0.0 Vehicle 
22.258407553586302 7.579663791452219 -6.961401350796223 3.987684965133667 1.8508483171463013 1.6171096563339233 0.0 Vehicle 
29.66337840772522 -27.211988102069085 -7.054859295487404 2.2094459533691406 0.8670341968536377 1.2511454820632935 0.0 Vehicle 
29.201479900605634 20.206168154118814 -7.005210475996137 4.1928300857543945 1.8161858320236206 1.4738311767578125 0.0 Vehicle 
32.65680031658833 22.858818147445277 -6.998325748485513 4.791779518127441 2.163450002670288 1.488319993019104 0.0 Vehicle 
