10.316061031385935 -10.876375655831453 -6.42849999666214 0.5 0.5 1.100000023841858 0.0 Pedestrian 
7.328721688121021 -12.859170006781824 -5.896100163459778 0.3753577768802643 0.3753577768802643 1.8600000143051147 0.0 Pedestrian 
10.932669683379537 -4.355858480500842 -6.048500061035156 0.3753577768802643 0.3753577768802643 1.8600000143051147 0.0 Pedestrian 
24.468794291526017 15.006884800412081 -6.3285000920295715 0.3753577768802643 0.3753577768802643 1.2999999523162842 0.0 Pedestrian 
10.811110735330132 -10.469241313812404 -6.0484729409217834 0.3753577768802643 0.3753577768802643 1.8600000143051147 0.0 Pedestrian 
11.035048102524783 -9.183382858759273 -6.048500061035156 0.3753577768802643 0.3753577768802643 1.8600000143051147 0.0 Pedestrian 
7.910141849878997 -12.64175723263611 -5.89673912525177 0.3753577768802643 0.3753577768802643 1.8600000143051147 0.0 Pedestrian 
10.222726696514876 -8.051476998053658 -6.328499972820282 0.3753577768802643 0.3753577768802643 1.2999999523162842 0.0 Pedestrian 
37.701353880804774 20.555772067942826 -6.1769187450408936 0.3753577768802643 0.3753577768802643 1.2999999523162842 0.0 Pedestrian 
10.354231018400249 -4.685757852463098 -6.3285000920295715 0.3753577768802643 0.3753577768802643 1.2999999523162842 0.0 Pedestrian 
10.015020319180405 9.335903804551094 -6.048500061035156 0.3753577768802643 0.3753577768802643 1.8600000143051147 0.0 Pedestrian 
6.106016949342845 12.24927432685024 -6.178305923938751 0.3753577768802643 0.3753577768802643 1.2999999523162842 0.0 Pedestrian 
8.354027540042992 -11.935108131494758 -5.896416187286377 0.3753577768802643 0.3753577768802643 1.8600000143051147 0.0 Pedestrian 
7.984744246756382 12.239976153401585 -6.176099956035614 0.3753577768802643 0.3753577768802643 1.2999999523162842 0.0 Pedestrian 
10.358248501720354 11.895788883040836 -6.367835640907288 0.5 0.5 1.100000023841858 0.0 Pedestrian 
5.429759743437671 -11.99716424826795 -5.896100163459778 0.3753577768802643 0.3753577768802643 1.8600000143051147 0.0 Pedestrian 
33.250111993714086 -35.68794268783313 -6.998326091794297 4.791779518127441 2.163450002670288 1.488319993019104 0.0 Vehicle 
22.11258220757076 15.878111564725486 -6.960463963449001 3.987684965133667 1.8508483171463013 1.6171096563339233 0.0 Vehicle 
29.769945479658475 -37.880932739054856 -7.054857559502125 2.2094459533691406 0.8670341968536377 1.2511454820632935 0.0 Vehicle 
29.301530546093428 10.140501098762115 -7.005231952760369 4.1928300857543945 1.8161858320236206 1.4738311767578125 0.0 Vehicle 
32.76206055041369 11.96452668764016 -6.998345394153148 4.791779518127441 2.163450002670288 1.488319993019104 0.0 Vehicle 
