10.133028559741788 -7.198513195915211 -6.428500056266785 0.5 0.5 1.100000023841858 0.0 Pedestrian 
-2.206448590650872 12.740219971639362 -5.896243572235107 0.3753577768802643 0.3753577768802643 1.8600000143051147 0.0 Pedestrian 
-1.2628966934843646 -13.196138970504308 -5.896100163459778 0.3753577768802643 0.3753577768802643 1.8600000143051147 0.0 Pedestrian 
10.830234013443018 -10.841534787007959 -6.048500061035156 0.3753577768802643 0.3753577768802643 1.8600000143051147 0.0 Pedestrian 
22.590717407284956 16.113345358993456 -6.3285000920295715 0.3753577768802643 0.3753577768802643 1.2999999523162842 0.0 Pedestrian 
6.540896341244505 -12.691946525206617 -5.896100163459778 0.3753577768802643 0.3753577768802643 1.8600000143051147 0.0 Pedestrian 
7.17668826817372 -12.220568421037456 -5.896100044250488 0.3753577768802643 0.3753577768802643 1.8600000143051147 0.0 Pedestrian 
0.7772292489799213 -13.099182833699388 -5.89673912525177 0.3753577768802643 0.3753577768802643 1.8600000143051147 0.0 Pedestrian 
10.80928636336963 -5.068911866702706 -6.328499972820282 0.3753577768802643 0.3753577768802643 1.2999999523162842 0.0 Pedestrian 
38.34342229842715 17.642148437740957 -6.1769187450408936 0.3753577768802643 0.3753577768802643 1.2999999523162842 0.0 Pedestrian 
10.073407060069748 -5.8851127973274515 -6.3285000920295715 0.3753577768802643 0.3753577768802643 1.2999999523162842 0.0 Pedestrian 
6.127503932735266 12.30685059192956 -5.897550463676453 0.3753577768802643 0.3753577768802643 1.8600000143051147 0.0 Pedestrian 
2.2529003686979934 12.496749147009837 -6.178305923938751 0.3753577768802643 0.3753577768802643 1.2999999523162842 0.0 Pedestrian 
10.89942620519318 -6.941444220939275 -6.048500239849091 0.3753577768802643 0.3753577768802643 1.8600000143051147 0.0 Pedestrian 
3.4407527385369576 12.782836119539184 -6.176099956035614 0.3753577768802643 0.3753577768802643 1.2999999523162842 0.0 Pedestrian 
11.189074762960672 7.326016951598717 -6.428500056266785 0.5 0.5 1.100000023841858 0.0 Pedestrian 
-1.9206080663616518 -11.900428527412487 -5.896100163459778 0.3753577768802643 0.3753577768802643 1.8600000143051147 0.0 Pedestrian 
33.17417154927821 -27.961898790917644 -6.998326282482594 4.791779518127441 2.163450002670288 1.488319993019104 0.0 Vehicle 
22.20485927308698 10.579524944878699 -6.961533222347498 3.987684965133667 1.8508483171463013 1.6171096563339233 0.0 Vehicle 
29.69561595492948 -30.460728774243535 -7.054816339164972 2.2094459533691406 0.8670341968536377 1.2511454820632935 0.0 Vehicle 
29.234516074481796 16.881654074159997 -7.00521791446954 4.1928300857543945 1.8161858320236206 1.4738311767578125 0.0 Vehicle 
32.688613431568754 19.519484708808136 -6.998327007284388 4.791779518127441 2.163450002670288 1.488319993019104 0.0 Vehicle 
