10.181862585542298 -9.606479892280618 -6.42849999666214 0.5 0.5 1.100000023841858 0.0 Pedestrian 
3.375108933966132 -12.897591734978278 -5.896100163459778 0.3753577768802643 0.3753577768802643 1.8600000143051147 0.0 Pedestrian 
10.857934902181846 -7.272631392821154 -6.048500061035156 0.3753577768802643 0.3753577768802643 1.8600000143051147 0.0 Pedestrian 
24.09653207513216 14.863351535274887 -6.3285000920295715 0.3753577768802643 0.3753577768802643 1.2999999523162842 0.0 Pedestrian 
10.38126726864747 -11.602491473427335 -5.896100163459778 0.3753577768802643 0.3753577768802643 1.8600000143051147 0.0 Pedestrian 
11.199758277592508 -11.067311044134385 -6.048500061035156 0.3753577768802643 0.3753577768802643 1.8600000143051147 0.0 Pedestrian 
5.251097640761543 -12.923343869353289 -5.89673912525177 0.3753577768802643 0.3753577768802643 1.8600000143051147 0.0 Pedestrian 
10.132475679235228 -6.958386438097364 -6.328499972820282 0.3753577768802643 0.3753577768802643 1.2999999523162842 0.0 Pedestrian 
38.33864551498661 19.400152788001947 -6.1769187450408936 0.3753577768802643 0.3753577768802643 1.2999999523162842 0.0 Pedestrian 
10.281727095066188 -5.863752334302944 -6.3285000920295715 0.3753577768802643 0.3753577768802643 1.2999999523162842 0.0 Pedestrian 
10.480399467137936 11.916159460915651 -6.048500061035156 0.3753577768802643 0.3753577768802643 1.8600000143051147 0.0 Pedestrian 
4.657044252017371 12.392694343553217 -6.178305923938751 0.3753577768802643 0.3753577768802643 1.2999999523162842 0.0 Pedestrian 
10.425363197081346 -10.562828354474277 -6.048500239849091 0.3753577768802643 0.3753577768802643 1.8600000143051147 0.0 Pedestrian 
6.518657645445003 12.431881155198766 -6.176099956035614 0.3753577768802643 0.3753577768802643 1.2999999523162842 0.0 Pedestrian 
10.963052165964239 9.862157666181815 -6.428500056266785 0.5 0.5 1.100000023841858 0.0 Pedestrian 
2.3284563820125186 -12.011504316073683 -5.896100163459778 0.3753577768802643 0.3753577768802643 1.8600000143051147 0.0 Pedestrian 
33.21691359000022 -32.30850254738186 -6.99832632066682 4.791779518127441 2.163450002670288 1.488319993019104 0.0 Vehicle 
22.1469140015733 13.897239435499614 -6.961462002247572 3.987684965133667 1.8508483171463013 1.6171096563339233 0.0 Vehicle 
29.737325654667472 -34.635236132214004 -7.054857559502125 2.2094459533691406 0.8670341968536377 1.2511454820632935 0.0 Vehicle 
29.275021946738455 12.805454080472146 -7.005242862738669 4.1928300857543945 1.8161858320236206 1.4738311767578125 0.0 Vehicle 
32.73007854441361 15.245736720349669 -6.998332653078251 4.791779518127441 2.163450002670288 1.488319993019104 0.0 Vehicle 
