10.06007728252682 -5.124764578693316 -6.428500056266785 0.5 0.5 1.100000023841858 0.0 Pedestrian 
-0.35334973600647146 12.565898203803044 -5.896243572235107 0.3753577768802643 0.3753577768802643 1.8600000143051147 0.0 Pedestrian 
0.10326684312647672 -12.547019510278801 -5.896057844161987 0.3753577768802643 0.3753577768802643 1.8600000143051147 0.0 Pedestrian 
6.804649791383611 -12.67306562558781 -5.896100163459778 0.3753577768802643 0.3753577768802643 1.8600000143051147 0.0 Pedestrian 
20.391667752431268 16.056123685324565 -6.3285000920295715 0.3753577768802643 0.3753577768802643 1.2999999523162842 0.0 Pedestrian 
2.222381797559507 -12.838521199590332 -5.896100163459778 0.3753577768802643 0.3753577768802643 1.8600000143051147 0.0 Pedestrian 
3.7485503226456274 -12.496636416369029 -5.896100044250488 0.3753577768802643 0.3753577768802643 1.8600000143051147 0.0 Pedestrian 
10.764436251275274 -2.980086148090777 -6.328499972820282 0.3753577768802643 0.3753577768802643 1.2999999523162842 0.0 Pedestrian 
36.83474170858545 16.593980856654184 -6.328499913215637 0.3753577768802643 0.3753577768802643 1.2999999523162842 0.0 Pedestrian 
10.661814775654229 -7.579080066203346 -6.3285000920295715 0.3753577768802643 0.3753577768802643 1.2999999523162842 0.0 Pedestrian 
3.0922237240685533 12.664035739717292 -5.897550463676453 0.3753577768802643 0.3753577768802643 1.8600000143051147 0.0 Pedestrian 
0.22794227698333458 12.635702241128001 -6.178305923938751 0.3753577768802643 0.3753577768802643 1.2999999523162842 0.0 Pedestrian 
11.434341368809207 -2.9963318489833455 -6.048500239849091 0.3753577768802643 0.3753577768802643 1.8600000143051147 0.0 Pedestrian 
1.092317016881836 13.124010687743521 -6.176099956035614 0.3753577768802643 0.3753577768802643 1.2999999523162842 0.0 Pedestrian 
11.17529152000613 4.859980940882529 -6.428500056266785 0.5 0.5 1.100000023841858 0.0 Pedestrian 
33.13620348208774 -24.10440381584806 -6.998287983005866 4.791779518127441 2.163450002670288 1.488319993019104 0.0 Vehicle 
22.26613360723245 7.149864174202207 -6.961419925093651 3.987684965133667 1.8508483171463013 1.6171096563339233 0.0 Vehicle 
29.658742070239143 -26.74780730557393 -7.054855268448591 2.2094459533691406 0.8670341968536377 1.2511454820632935 0.0 Vehicle 
29.196671928680836 20.685319999213675 -7.00520994188264 4.1928300857543945 1.8161858320236206 1.4738311767578125 0.0 Vehicle 
32.65224660295843 23.33637285919974 -6.998325634049252 4.791779518127441 2.163450002670288 1.488319993019104 0.0 Vehicle 
