8.301124871638152 -12.33826201545844 -6.277721166610718 0.5 0.5 1.100000023841858 0.0 Pedestrian 
10.400450417783446 -10.437481797657824 -6.048500239849091 0.3753577768802643 0.3753577768802643 1.8600000143051147 0.0 Pedestrian 
10.950934259922587 2.674978252713487 -6.048500061035156 0.3753577768802643 0.3753577768802643 1.8600000143051147 0.0 Pedestrian 
28.015925668798126 15.818722044021797 -6.3285000920295715 0.3753577768802643 0.3753577768802643 1.2999999523162842 0.0 Pedestrian 
10.991142594942957 -3.446328040050844 -6.0484729409217834 0.3753577768802643 0.3753577768802643 1.8600000143051147 0.0 Pedestrian 
10.775962147266878 -2.558999103592214 -6.048500061035156 0.3753577768802643 0.3753577768802643 1.8600000143051147 0.0 Pedestrian 
10.403407874327605 -9.858033702078728 -6.048500061035156 0.3753577768802643 0.3753577768802643 1.8600000143051147 0.0 Pedestrian 
10.271667994243025 -10.884870967294432 -6.328499972820282 0.3753577768802643 0.3753577768802643 1.2999999523162842 0.0 Pedestrian 
37.908364561885165 25.501445721890832 -6.1769187450408936 0.3753577768802643 0.3753577768802643 1.2999999523162842 0.0 Pedestrian 
10.701989575248454 -0.023592940582034316 -6.3285000920295715 0.3753577768802643 0.3753577768802643 1.2999999523162842 0.0 Pedestrian 
9.968088968017886 1.9682151380757773 -6.048500061035156 0.3753577768802643 0.3753577768802643 1.8600000143051147 0.0 Pedestrian 
10.271038035240505 12.123993443249674 -6.178305923938751 0.3753577768802643 0.3753577768802643 1.2999999523162842 0.0 Pedestrian 
4.484185102733761 -12.64668701992241 -5.896416187286377 0.3753577768802643 0.3753577768802643 1.8600000143051147 0.0 Pedestrian 
9.914592972246673 10.556885708326377 -6.328499913215637 0.3753577768802643 0.3753577768802643 1.2999999523162842 0.0 Pedestrian 
7.511777236480761 12.747363780091973 -6.278580129146576 0.5 0.5 1.100000023841858 0.0 Pedestrian 
10.836497143023472 -11.40345566352346 -6.048500061035156 0.3753577768802643 0.3753577768802643 1.8600000143051147 0.0 Pedestrian 
22.065882492397108 22.990230382168193 -6.961410887539387 3.987684965133667 1.8508483171463013 1.6171096563339233 0.0 Vehicle 
29.34123876482745 6.162782133236561 -7.005144214723259 4.1928300857543945 1.8161858320236206 1.4738311767578125 0.0 Vehicle 
32.82586632836874 5.529059709625194 -6.99837980279699 4.791779518127441 2.163450002670288 1.488319993019104 0.0 Vehicle 
