8.618454245980047 -12.119139541828304 -6.277721166610718 0.5 0.5 1.100000023841858 0.0 Pedestrian 
10.501660060654075 -7.0432634514528445 -6.048500239849091 0.3753577768802643 0.3753577768802643 1.8600000143051147 0.0 Pedestrian 
10.8624807910848 7.747770620356164 -6.048500061035156 0.3753577768802643 0.3753577768802643 1.8600000143051147 0.0 Pedestrian 
31.100724135758526 16.523436489322194 -6.3285000920295715 0.3753577768802643 0.3753577768802643 1.2999999523162842 0.0 Pedestrian 
11.229036221615429 1.3801103266719679 -6.0484729409217834 0.3753577768802643 0.3753577768802643 1.8600000143051147 0.0 Pedestrian 
10.93527462245957 2.4361003355387822 -6.048500061035156 0.3753577768802643 0.3753577768802643 1.8600000143051147 0.0 Pedestrian 
10.831355037177232 -6.134599179538441 -6.048500061035156 0.3753577768802643 0.3753577768802643 1.8600000143051147 0.0 Pedestrian 
9.482153232383268 -12.875048498642286 -6.176051557064056 0.3753577768802643 0.3753577768802643 1.2999999523162842 0.0 Pedestrian 
38.04637188230194 28.798555772629243 -6.1769187450408936 0.3753577768802643 0.3753577768802643 1.2999999523162842 0.0 Pedestrian 
10.415838165157037 1.8773538078016827 -6.3285000920295715 0.3753577768802643 0.3753577768802643 1.2999999523162842 0.0 Pedestrian 
10.119316778376927 -1.0529062963755678 -6.048500061035156 0.3753577768802643 0.3753577768802643 1.8600000143051147 0.0 Pedestrian 
9.96287414662859 9.890461568700175 -6.3285000920295715 0.3753577768802643 0.3753577768802643 1.2999999523162842 0.0 Pedestrian 
-0.37136278804079836 -12.989758782925037 -5.896416187286377 0.3753577768802643 0.3753577768802643 1.8600000143051147 0.0 Pedestrian 
9.918617367192411 7.533685785349235 -6.328499913215637 0.3753577768802643 0.3753577768802643 1.2999999523162842 0.0 Pedestrian 
4.942769871990379 12.891604061786666 -6.278580129146576 0.5 0.5 1.100000023841858 0.0 Pedestrian 
11.226762746568902 -7.620124373689464 -6.048500061035156 0.3753577768802643 0.3753577768802643 1.8600000143051147 0.0 Pedestrian 
22.074922634380457 27.913734113770147 -6.961410999298096 3.987684965133667 1.8508483171463013 1.6171096563339233 0.0 Vehicle 
29.37065967246602 3.2141843696043964 -7.005103473551571 4.1928300857543945 1.8161858320236206 1.4738311767578125 0.0 Vehicle 
32.86411399499204 1.7475044702318883 -6.998325061867945 4.791779518127441 2.163450002670288 1.488319993019104 0.0 Vehicle 
