9.782295941948092 -11.783819338738226 -6.277721166610718 0.5 0.5 1.100000023841858 0.0 Pedestrian 
10.717402527964289 -4.7982586958301 -6.048500239849091 0.3753577768802643 0.3753577768802643 1.8600000143051147 0.0 Pedestrian 
10.645079597651502 9.640467254815462 -6.048500061035156 0.3753577768802643 0.3753577768802643 1.8600000143051147 0.0 Pedestrian 
32.40333049536525 16.73697273812877 -6.3285000920295715 0.3753577768802643 0.3753577768802643 1.2999999523162842 0.0 Pedestrian 
11.225695906589433 3.3851081865194317 -6.0484729409217834 0.3753577768802643 0.3753577768802643 1.8600000143051147 0.0 Pedestrian 
10.760956386113179 4.112038295893434 -6.048500061035156 0.3753577768802643 0.3753577768802643 1.8600000143051147 0.0 Pedestrian 
10.96928518929478 -4.060372329546112 -6.048500061035156 0.3753577768802643 0.3753577768802643 1.8600000143051147 0.0 Pedestrian 
8.259112649564045 -12.072590974764807 -6.176051557064056 0.3753577768802643 0.3753577768802643 1.2999999523162842 0.0 Pedestrian 
38.10157479715555 30.117400174161958 -6.1769187450408936 0.3753577768802643 0.3753577768802643 1.2999999523162842 0.0 Pedestrian 
10.658046117068807 3.064989878946676 -6.328499972820282 0.3753577768802643 0.3753577768802643 1.2999999523162842 0.0 Pedestrian 
10.210369836535527 -3.3931828731348332 -6.048500061035156 0.3753577768802643 0.3753577768802643 1.8600000143051147 0.0 Pedestrian 
10.197102395597685 8.717384169622619 -6.3285000920295715 0.3753577768802643 0.3753577768802643 1.2999999523162842 0.0 Pedestrian 
-2.530406177841087 -13.054086779070985 -5.896416187286377 0.3753577768802643 0.3753577768802643 1.8600000143051147 0.0 Pedestrian 
9.939755191677186 6.383163176685571 -6.328499913215637 0.3753577768802643 0.3753577768802643 1.2999999523162842 0.0 Pedestrian 
3.828875336662172 12.925148325902114 -6.278580129146576 0.5 0.5 1.100000023841858 0.0 Pedestrian 
11.480258795582962 -5.699411387844407 -6.048500061035156 0.3753577768802643 0.3753577768802643 1.8600000143051147 0.0 Pedestrian 
22.08776339706924 29.882531348852694 -6.961410999298096 3.987684965133667 1.8508483171463013 1.6171096563339233 0.0 Vehicle 
29.388859533269027 1.3629824894646276 -7.005206737201661 4.1928300857543945 1.8161858320236206 1.4738311767578125 0.0 Vehicle 
32.883823202755394 -0.1600360813131374 -6.998325099935755 4.791779518127441 2.163450002670288 1.488319993019104 0.0 Vehicle 
