10.087457376916504 -7.790189542719872 -6.428500056266785 0.5 0.5 1.100000023841858 0.0 Pedestrian 
0.3081978048502805 -13.093184477215345 -5.896100163459778 0.3753577768802643 0.3753577768802643 1.8600000143051147 0.0 Pedestrian 
10.74221832086576 -10.204205496784994 -6.048500061035156 0.3753577768802643 0.3753577768802643 1.8600000143051147 0.0 Pedestrian 
23.514063494011026 16.09299455971052 -6.3285000920295715 0.3753577768802643 0.3753577768802643 1.2999999523162842 0.0 Pedestrian 
7.149040728629231 -12.668804961980982 -5.896100163459778 0.3753577768802643 0.3753577768802643 1.8600000143051147 0.0 Pedestrian 
8.25234461391176 -12.334363978931606 -5.896100044250488 0.3753577768802643 0.3753577768802643 1.8600000143051147 0.0 Pedestrian 
2.250301626611602 -12.992702458591566 -5.89673912525177 0.3753577768802643 0.3753577768802643 1.8600000143051147 0.0 Pedestrian 
10.784195907021854 -5.837840732659856 -6.328499972820282 0.3753577768802643 0.3753577768802643 1.2999999523162842 0.0 Pedestrian 
38.87625830132053 18.1319812269669 -6.1769187450408936 0.3753577768802643 0.3753577768802643 1.2999999523162842 0.0 Pedestrian 
10.05960232420049 -6.080919546913606 -6.3285000920295715 0.3753577768802643 0.3753577768802643 1.2999999523162842 0.0 Pedestrian 
7.56891346004776 12.38263476297675 -5.897550463676453 0.3753577768802643 0.3753577768802643 1.8600000143051147 0.0 Pedestrian 
3.073166659492088 12.472167004871267 -6.178305923938751 0.3753577768802643 0.3753577768802643 1.2999999523162842 0.0 Pedestrian 
10.623174056561787 -8.340362356534001 -6.048500239849091 0.3753577768802643 0.3753577768802643 1.8600000143051147 0.0 Pedestrian 
4.416501130683656 12.695089728145376 -6.176099956035614 0.3753577768802643 0.3753577768802643 1.2999999523162842 0.0 Pedestrian 
11.137432603109392 8.220290623179721 -6.428500056266785 0.5 0.5 1.100000023841858 0.0 Pedestrian 
-0.49531981978451967 -11.963732797514467 -5.896100163459778 0.3753577768802643 0.3753577768802643 1.8600000143051147 0.0 Pedestrian 
33.188420735833404 -29.41096513066941 -6.998326282482594 4.791779518127441 2.163450002670288 1.488319993019104 0.0 Vehicle 
22.18329161350879 11.802692907386131 -6.961615964770317 3.987684965133667 1.8508483171463013 1.6171096563339233 0.0 Vehicle 
29.709410904717316 -31.85262816156387 -7.053833730518818 2.2094459533691406 0.8670341968536377 1.2511454820632935 0.0 Vehicle 
29.248396558266307 15.484681988024931 -7.005224666558206 4.1928300857543945 1.8161858320236206 1.4738311767578125 0.0 Vehicle 
32.702224224324596 18.09132290195089 -6.998328075394966 4.791779518127441 2.163450002670288 1.488319993019104 0.0 Vehicle 
