10.250070411272276 -11.706602785511791 -6.276100039482117 0.5 0.5 1.100000023841858 0.0 Pedestrian 
8.178234349579583 -12.438015272159532 -5.891346454620361 0.3753577768802643 0.3753577768802643 1.8600000143051147 0.0 Pedestrian 
10.902140179017714 -2.5857421594328116 -6.048500061035156 0.3753577768802643 0.3753577768802643 1.8600000143051147 0.0 Pedestrian 
24.824644366193553 15.429772014738774 -6.3285000920295715 0.3753577768802643 0.3753577768802643 1.2999999523162842 0.0 Pedestrian 
10.883258189289357 -8.65056632065216 -6.0484729409217834 0.3753577768802643 0.3753577768802643 1.8600000143051147 0.0 Pedestrian 
10.348806382416797 -7.597958554833099 -6.048500061035156 0.3753577768802643 0.3753577768802643 1.8600000143051147 0.0 Pedestrian 
8.402855592733204 -12.129691494203598 -5.89673912525177 0.3753577768802643 0.3753577768802643 1.8600000143051147 0.0 Pedestrian 
10.21915174653946 -8.350909843798604 -6.328499972820282 0.3753577768802643 0.3753577768802643 1.2999999523162842 0.0 Pedestrian 
37.75654147959885 21.874617843138253 -6.1769187450408936 0.3753577768802643 0.3753577768802643 1.2999999523162842 0.0 Pedestrian 
10.45110075073022 -3.5374353186348344 -6.3285000920295715 0.3753577768802643 0.3753577768802643 1.2999999523162842 0.0 Pedestrian 
9.911268380489988 7.595040906789052 -6.048500061035156 0.3753577768802643 0.3753577768802643 1.8600000143051147 0.0 Pedestrian 
7.084666838102159 12.214852866040701 -6.178305923938751 0.3753577768802643 0.3753577768802643 1.2999999523162842 0.0 Pedestrian 
7.578641998823002 -12.455964768798253 -5.896416187286377 0.3753577768802643 0.3753577768802643 1.8600000143051147 0.0 Pedestrian 
9.284308654665406 12.190408550375537 -6.176099956035614 0.3753577768802643 0.3753577768802643 1.2999999523162842 0.0 Pedestrian 
9.895513634735337 12.946132644056433 -6.278580129146576 0.5 0.5 1.100000023841858 0.0 Pedestrian 
6.891293874429522 -11.971696588183022 -5.896100163459778 0.3753577768802643 0.3753577768802643 1.8600000143051147 0.0 Pedestrian 
22.094879208033596 17.572113959008107 -6.9614108465611935 3.987684965133667 1.8508483171463013 1.6171096563339233 0.0 Vehicle 
29.31516716599589 8.781992266931638 -7.005286464467645 4.1928300857543945 1.8161858320236206 1.4738311767578125 0.0 Vehicle 
32.780171259615244 10.129868844831094 -6.998360881814733 4.791779518127441 2.163450002670288 1.488319993019104 0.0 Vehicle 
