10.479755718744483 4.062868598878538 -6.428500056266785 0.5 0.5 1.100000023841858 0.0 Pedestrian 
9.950209123224472 11.173053214850597 -6.048500061035156 0.3753577768802643 0.3753577768802643 1.8600000143051147 0.0 Pedestrian 
10.469028022413575 -8.138383596207518 -6.048500180244446 0.3753577768802643 0.3753577768802643 1.8600000143051147 0.0 Pedestrian 
9.993102263189904 -1.0631567114196514 -6.048500180244446 0.3753577768802643 0.3753577768802643 1.8600000143051147 0.0 Pedestrian 
11.79686084591932 13.811925317210239 -6.176895380020142 0.3753577768802643 0.3753577768802643 1.2999999523162842 0.0 Pedestrian 
13.920499194145549 -43.93183230488546 -6.176112174987793 0.3753577768802643 0.3753577768802643 1.2999999523162842 0.0 Pedestrian 
9.991709359641012 6.416481967381003 -6.328499972820282 0.3753577768802643 0.3753577768802643 1.2999999523162842 0.0 Pedestrian 
27.114605482926287 14.900530011993055 -6.328499913215637 0.3753577768802643 0.3753577768802643 1.2999999523162842 0.0 Pedestrian 
6.408270104575124 -12.914274181967812 -6.177496254444122 0.3753577768802643 0.3753577768802643 1.2999999523162842 0.0 Pedestrian 
10.69718054490244 11.446448646608246 -6.048500239849091 0.3753577768802643 0.3753577768802643 1.8600000143051147 0.0 Pedestrian 
11.078349770323314 -3.6923644131284163 -6.428500056266785 0.5 0.5 1.100000023841858 0.0 Pedestrian 
33.12203974230626 -22.664342665432628 -6.998319988255389 4.791779518127441 2.163450002670288 1.488319993019104 0.0 Vehicle 
22.520899638895877 -7.75332474817742 -6.961411535739899 3.987684965133667 1.8508483171463013 1.6171096563339233 0.0 Vehicle 
29.616726413381983 -22.580715655595895 -7.054859675467014 2.2094459533691406 0.8670341968536377 1.2511454820632935 0.0 Vehicle 
29.048870122007273 35.65989089936738 -7.005206699483097 4.1928300857543945 1.8161858320236206 1.4738311767578125 0.0 Vehicle 
