10.206431596939328 1.451198331661999 -6.428500056266785 0.5 0.5 1.100000023841858 0.0 Pedestrian 
8.419483857507995 12.207298811518172 -5.896243572235107 0.3753577768802643 0.3753577768802643 1.8600000143051147 0.0 Pedestrian 
9.970998448302836 -12.024410539697328 -5.896057844161987 0.3753577768802643 0.3753577768802643 1.8600000143051147 0.0 Pedestrian 
10.041102684386303 -5.006381887135262 -6.048500180244446 0.3753577768802643 0.3753577768802643 1.8600000143051147 0.0 Pedestrian 
13.457376233966052 14.062784030226794 -6.3285000920295715 0.3753577768802643 0.3753577768802643 1.2999999523162842 0.0 Pedestrian 
14.01426606946049 -46.5701817833276 -6.176112174987793 0.3753577768802643 0.3753577768802643 1.2999999523162842 0.0 Pedestrian 
9.959286785003608 3.950797084948796 -6.328499972820282 0.3753577768802643 0.3753577768802643 1.2999999523162842 0.0 Pedestrian 
29.739713510373484 15.181105245713866 -6.328499913215637 0.3753577768802643 0.3753577768802643 1.2999999523162842 0.0 Pedestrian 
8.199974918164827 -12.758901296483714 -6.177496254444122 0.3753577768802643 0.3753577768802643 1.2999999523162842 0.0 Pedestrian 
10.830887460225927 8.266856437653587 -6.048500239849091 0.3753577768802643 0.3753577768802643 1.8600000143051147 0.0 Pedestrian 
11.06294716167574 -1.2020369480935642 -6.428500056266785 0.5 0.5 1.100000023841858 0.0 Pedestrian 
33.12203974230626 -22.664342665432628 -6.998319988255389 4.791779518127441 2.163450002670288 1.488319993019104 0.0 Vehicle 
22.459659399521577 -3.8659955812263433 -6.961413137614727 3.987684965133667 1.8508483171463013 1.6171096563339233 0.0 Vehicle 
29.616726280250973 -22.58071184322239 -7.05485974997282 2.2094459533691406 0.8670341968536377 1.2511454820632935 0.0 Vehicle 
29.087167477403383 31.78728247146512 -7.005206775385886 4.1928300857543945 1.8161858320236206 1.4738311767578125 0.0 Vehicle 
32.547002163053094 34.33470783965515 -6.998324985499494 4.791779518127441 2.163450002670288 1.488319993019104 0.0 Vehicle 
