7.559754216149884 -12.445875609189102 -6.277721166610718 0.5 0.5 1.100000023841858 0.0 Pedestrian 
10.268001812139829 -9.191024427634261 -6.048500239849091 0.3753577768802643 0.3753577768802643 1.8600000143051147 0.0 Pedestrian 
10.964361753089495 5.688108892048149 -6.048500061035156 0.3753577768802643 0.3753577768802643 1.8600000143051147 0.0 Pedestrian 
29.798133025645825 16.309900773039658 -6.3285000920295715 0.3753577768802643 0.3753577768802643 1.2999999523162842 0.0 Pedestrian 
11.155715835967367 -0.6227123130807968 -6.0484729409217834 0.3753577768802643 0.3753577768802643 1.8600000143051147 0.0 Pedestrian 
10.906304969165868 0.45828719007039354 -6.048500061035156 0.3753577768802643 0.3753577768802643 1.8600000143051147 0.0 Pedestrian 
10.618443540011185 -8.025637503778285 -6.048500061035156 0.3753577768802643 0.3753577768802643 1.8600000143051147 0.0 Pedestrian 
10.19533621922956 -11.89029030161646 -6.176051557064056 0.3753577768802643 0.3753577768802643 1.2999999523162842 0.0 Pedestrian 
37.991169034013836 27.479709464909774 -6.1769187450408936 0.3753577768802643 0.3753577768802643 1.2999999523162842 0.0 Pedestrian 
10.121580590473144 1.4500650545445524 -6.3285000920295715 0.3753577768802643 0.3753577768802643 1.2999999523162842 0.0 Pedestrian 
10.027899693779391 0.3529602307076516 -6.048500061035156 0.3753577768802643 0.3753577768802643 1.8600000143051147 0.0 Pedestrian 
10.112927434477289 10.485562260765278 -6.3285000920295715 0.3753577768802643 0.3753577768802643 1.2999999523162842 0.0 Pedestrian 
1.6810932991413523 -12.914478354060975 -5.896416187286377 0.3753577768802643 0.3753577768802643 1.8600000143051147 0.0 Pedestrian 
9.968365151833847 8.55928158108702 -6.328499913215637 0.3753577768802643 0.3753577768802643 1.2999999523162842 0.0 Pedestrian 
5.995782170006727 12.856113143254902 -6.278580129146576 0.5 0.5 1.100000023841858 0.0 Pedestrian 
10.987291392673292 -9.553325483060803 -6.048500061035156 0.3753577768802643 0.3753577768802643 1.8600000143051147 0.0 Pedestrian 
22.06702583034169 25.94458277640888 -6.9614108465611935 3.987684965133667 1.8508483171463013 1.6171096563339233 0.0 Vehicle 
29.357031825997808 4.582935265166093 -7.005097904242575 4.1928300857543945 1.8161858320236206 1.4738311767578125 0.0 Vehicle 
32.84625667541988 3.4944575342110795 -6.998074016650207 4.791779518127441 2.163450002670288 1.488319993019104 0.0 Vehicle 
