10.196090437801605 0.16852566346813092 -6.428500056266785 0.5 0.5 1.100000023841858 0.0 Pedestrian 
6.556509988092916 12.16990715863949 -5.896243572235107 0.3753577768802643 0.3753577768802643 1.8600000143051147 0.0 Pedestrian 
8.714221590727746 -11.810630045773792 -5.896057844161987 0.3753577768802643 0.3753577768802643 1.8600000143051147 0.0 Pedestrian 
10.056266413870446 -6.933286519201033 -6.048500180244446 0.3753577768802643 0.3753577768802643 1.8600000143051147 0.0 Pedestrian 
14.393290096923067 14.365478264438366 -6.3285000920295715 0.3753577768802643 0.3753577768802643 1.2999999523162842 0.0 Pedestrian 
9.98298193155883 2.7506522798884703 -6.328499972820282 0.3753577768802643 0.3753577768802643 1.2999999523162842 0.0 Pedestrian 
31.05225220803755 15.321394236236983 -6.328499913215637 0.3753577768802643 0.3753577768802643 1.2999999523162842 0.0 Pedestrian 
9.294473277712811 -12.364680240270445 -6.177496254444122 0.3753577768802643 0.3753577768802643 1.2999999523162842 0.0 Pedestrian 
11.174948546533162 6.260602156259239 -6.048500239849091 0.3753577768802643 0.3753577768802643 1.8600000143051147 0.0 Pedestrian 
11.020544454053177 -0.03500207506840525 -6.428500056266785 0.5 0.5 1.100000023841858 0.0 Pedestrian 
33.12203974230626 -22.664342665432628 -6.998319988255389 4.791779518127441 2.163450002670288 1.488319993019104 0.0 Vehicle 
22.426982270249088 -1.9255113178390957 -6.961415119469166 3.987684965133667 1.8508483171463013 1.6171096563339233 0.0 Vehicle 
29.61672548146491 -22.58068896898135 -7.054860837757587 2.2094459533691406 0.8670341968536377 1.2511454820632935 0.0 Vehicle 
29.10629222779903 29.851882056297086 -7.0052068517543375 4.1928300857543945 1.8161858320236206 1.4738311767578125 0.0 Vehicle 
32.56518406828626 32.42062310669735 -6.998324909247458 4.791779518127441 2.163450002670288 1.488319993019104 0.0 Vehicle 
