10.418712329789209 -10.516218107209966 -6.42849999666214 0.5 0.5 1.100000023841858 0.0 Pedestrian 
6.080960683573522 -13.018558877187388 -5.896100163459778 0.3753577768802643 0.3753577768802643 1.8600000143051147 0.0 Pedestrian 
10.820160855022024 -5.036660937119336 -6.048500061035156 0.3753577768802643 0.3753577768802643 1.8600000143051147 0.0 Pedestrian 
24.385594610558925 14.911243886710736 -6.3285000920295715 0.3753577768802643 0.3753577768802643 1.2999999523162842 0.0 Pedestrian 
10.959574099619886 -10.62304157361416 -6.0484729409217834 0.3753577768802643 0.3753577768802643 1.8600000143051147 0.0 Pedestrian 
10.439829938992482 -9.656694487493496 -6.048500061035156 0.3753577768802643 0.3753577768802643 1.8600000143051147 0.0 Pedestrian 
7.177050984734919 -12.740754855051023 -5.89673912525177 0.3753577768802643 0.3753577768802643 1.8600000143051147 0.0 Pedestrian 
10.258712816200358 -7.393874720420968 -6.328499972820282 0.3753577768802643 0.3753577768802643 1.2999999523162842 0.0 Pedestrian 
37.813457494290105 20.1800476585139 -6.1769187450408936 0.3753577768802643 0.3753577768802643 1.2999999523162842 0.0 Pedestrian 
10.183183013663864 -5.006689732560972 -6.3285000920295715 0.3753577768802643 0.3753577768802643 1.2999999523162842 0.0 Pedestrian 
10.055460939210072 10.217034273145146 -6.048500061035156 0.3753577768802643 0.3753577768802643 1.8600000143051147 0.0 Pedestrian 
6.063465411430897 12.27286623258533 -6.178305923938751 0.3753577768802643 0.3753577768802643 1.2999999523162842 0.0 Pedestrian 
9.73765906474327 -12.252283924363383 -5.896416187286377 0.3753577768802643 0.3753577768802643 1.8600000143051147 0.0 Pedestrian 
7.502367266332051 12.409530226366655 -6.176099956035614 0.3753577768802643 0.3753577768802643 1.2999999523162842 0.0 Pedestrian 
10.578643195109954 11.324346535257632 -6.428500056266785 0.5 0.5 1.100000023841858 0.0 Pedestrian 
4.566977632749257 -12.015158947401119 -5.896100163459778 0.3753577768802643 0.3753577768802643 1.8600000143051147 0.0 Pedestrian 
33.24062839879156 -34.72249845227168 -6.9983262062305585 4.791779518127441 2.163450002670288 1.488319993019104 0.0 Vehicle 
22.122472272301444 15.291028614962329 -6.9610723704099655 3.987684965133667 1.8508483171463013 1.6171096563339233 0.0 Vehicle 
29.760636496519254 -36.953717520736745 -7.054857559502125 2.2094459533691406 0.8670341968536377 1.2511454820632935 0.0 Vehicle 
29.294634341237348 10.830730551363331 -7.00521253561601 4.1928300857543945 1.8161858320236206 1.4738311767578125 0.0 Vehicle 
32.75300955859244 12.895284523833084 -6.998340320657007 4.791779518127441 2.163450002670288 1.488319993019104 0.0 Vehicle 
