10.15588808734367 -7.634513989942889 -6.428500056266785 0.5 0.5 1.100000023841858 0.0 Pedestrian 
-0.19967451970778427 -13.167667442921129 -5.896100163459778 0.3753577768802643 0.3753577768802643 1.8600000143051147 0.0 Pedestrian 
10.655009922979872 -10.732015140319618 -6.048500061035156 0.3753577768802643 0.3753577768802643 1.8600000143051147 0.0 Pedestrian 
23.173859662306377 16.11223933675649 -6.3285000920295715 0.3753577768802643 0.3753577768802643 1.2999999523162842 0.0 Pedestrian 
6.653588050949921 -12.735609515293163 -5.896100163459778 0.3753577768802643 0.3753577768802643 1.8600000143051147 0.0 Pedestrian 
7.760159747559086 -12.462392061530068 -5.896100044250488 0.3753577768802643 0.3753577768802643 1.8600000143051147 0.0 Pedestrian 
1.774364217701887 -13.0215446645484 -5.89673912525177 0.3753577768802643 0.3753577768802643 1.8600000143051147 0.0 Pedestrian 
10.778976999629634 -5.579522763182013 -6.328499972820282 0.3753577768802643 0.3753577768802643 1.2999999523162842 0.0 Pedestrian 
38.788983916684415 17.895938665347103 -6.1769187450408936 0.3753577768802643 0.3753577768802643 1.2999999523162842 0.0 Pedestrian 
10.014474844196705 -6.011981667204623 -6.3285000920295715 0.3753577768802643 0.3753577768802643 1.2999999523162842 0.0 Pedestrian 
7.086995483695169 12.355849113892305 -5.897550463676453 0.3753577768802643 0.3753577768802643 1.8600000143051147 0.0 Pedestrian 
2.7929024906688866 12.481000355116862 -6.178305923938751 0.3753577768802643 0.3753577768802643 1.2999999523162842 0.0 Pedestrian 
10.693297118765706 -7.932778649584634 -6.048500239849091 0.3753577768802643 0.3753577768802643 1.8600000143051147 0.0 Pedestrian 
4.085188363795645 12.725120806373184 -6.176099956035614 0.3753577768802643 0.3753577768802643 1.2999999523162842 0.0 Pedestrian 
11.157811148593863 7.937096176417128 -6.428500056266785 0.5 0.5 1.100000023841858 0.0 Pedestrian 
-0.9687852913958679 -11.94968459071697 -5.896100163459778 0.3753577768802643 0.3753577768802643 1.8600000143051147 0.0 Pedestrian 
33.18367684455541 -28.92796444336068 -6.998326282482594 4.791779518127441 2.163450002670288 1.488319993019104 0.0 Vehicle 
22.190337559130096 11.403299559652282 -6.961583234369755 3.987684965133667 1.8508483171463013 1.6171096563339233 0.0 Vehicle 
29.70527106543139 -31.389111365494387 -7.054035622626543 2.2094459533691406 0.8670341968536377 1.2511454820632935 0.0 Vehicle 
29.243742590230703 15.94761877375413 -7.005222225096077 4.1928300857543945 1.8161858320236206 1.4738311767578125 0.0 Vehicle 
32.697641219195056 18.56709308704012 -6.998327655834146 4.791779518127441 2.163450002670288 1.488319993019104 0.0 Vehicle 
