10.058953505819595 -4.479600095943056 -6.428500056266785 0.5 0.5 1.100000023841858 0.0 Pedestrian 
-0.15882941663829087 12.250085799876842 -5.896243572235107 0.3753577768802643 0.3753577768802643 1.8600000143051147 0.0 Pedestrian 
1.0880726942563541 -12.207700762323384 -5.896057844161987 0.3753577768802643 0.3753577768802643 1.8600000143051147 0.0 Pedestrian 
7.6749687136985045 -12.361097393019122 -5.896100163459778 0.3753577768802643 0.3753577768802643 1.8600000143051147 0.0 Pedestrian 
19.7707176704899 16.089699621283103 -6.3285000920295715 0.3753577768802643 0.3753577768802643 1.2999999523162842 0.0 Pedestrian 
1.32155776542659 -12.986109668880545 -5.896100163459778 0.3753577768802643 0.3753577768802643 1.8600000143051147 0.0 Pedestrian 
2.768565693398898 -12.589262494053969 -5.896100044250488 0.3753577768802643 0.3753577768802643 1.8600000143051147 0.0 Pedestrian 
10.687172748244702 -2.4202438717672976 -6.328499972820282 0.3753577768802643 0.3753577768802643 1.2999999523162842 0.0 Pedestrian 
36.395181664688984 16.250525550073235 -6.328499913215637 0.3753577768802643 0.3753577768802643 1.2999999523162842 0.0 Pedestrian 
10.605378025154927 -8.166536334809166 -6.3285000920295715 0.3753577768802643 0.3753577768802643 1.2999999523162842 0.0 Pedestrian 
2.3003909927908595 12.73177745162809 -5.897550463676453 0.3753577768802643 0.3753577768802643 1.8600000143051147 0.0 Pedestrian 
0.30888171249153373 12.60325369452778 -6.178305923938751 0.3753577768802643 0.3753577768802643 1.2999999523162842 0.0 Pedestrian 
11.450090233730286 -1.9808813964109504 -6.048500239849091 0.3753577768802643 0.3753577768802643 1.8600000143051147 0.0 Pedestrian 
0.5120959230555115 13.379000142784093 -6.176099956035614 0.3753577768802643 0.3753577768802643 1.2999999523162842 0.0 Pedestrian 
11.12644407692402 4.328021185408945 -6.428500056266785 0.5 0.5 1.100000023841858 0.0 Pedestrian 
33.128414425233075 -23.310343881780568 -6.997994632693008 4.791779518127441 2.163450002670288 1.488319993019104 0.0 Vehicle 
22.282637760852328 6.228221146188162 -6.961619701236486 3.987684965133667 1.8508483171463013 1.6171096563339233 0.0 Vehicle 
29.64938928699756 -25.819337816372126 -7.0548554584383965 2.2094459533691406 0.8670341968536377 1.2511454820632935 0.0 Vehicle 
29.186975867252485 21.64548073587048 -7.005209064576775 4.1928300857543945 1.8161858320236206 1.4738311767578125 0.0 Vehicle 
32.643099756932884 24.291736646685536 -6.998325405176729 4.791779518127441 2.163450002670288 1.488319993019104 0.0 Vehicle 
