7.822381059263634 -12.364564660601445 -6.277721166610718 0.5 0.5 1.100000023841858 0.0 Pedestrian 
10.397501112102645 -8.667100869999672 -6.048500239849091 0.3753577768802643 0.3753577768802643 1.8600000143051147 0.0 Pedestrian 
10.952761001508911 6.212250951054784 -6.048500061035156 0.3753577768802643 0.3753577768802643 1.8600000143051147 0.0 Pedestrian 
30.12376936605348 16.36328430271726 -6.3285000920295715 0.3753577768802643 0.3753577768802643 1.2999999523162842 0.0 Pedestrian 
11.167694731370982 -0.12321830325799965 -6.0484729409217834 0.3753577768802643 0.3753577768802643 1.8600000143051147 0.0 Pedestrian 
10.952924673662933 0.9858345717128145 -6.048500061035156 0.3753577768802643 0.3753577768802643 1.8600000143051147 0.0 Pedestrian 
10.686738615635392 -7.558274352082776 -6.048500061035156 0.3753577768802643 0.3753577768802643 1.8600000143051147 0.0 Pedestrian 
10.351934423175578 -12.204026007845528 -6.176051557064056 0.3753577768802643 0.3753577768802643 1.2999999523162842 0.0 Pedestrian 
38.00496974608586 27.80942104183964 -6.1769187450408936 0.3753577768802643 0.3753577768802643 1.2999999523162842 0.0 Pedestrian 
10.222932412188662 1.5741716748169665 -6.3285000920295715 0.3753577768802643 0.3753577768802643 1.2999999523162842 0.0 Pedestrian 
10.169326303300647 -0.02474968089563845 -6.048500061035156 0.3753577768802643 0.3753577768802643 1.8600000143051147 0.0 Pedestrian 
9.959328980769168 10.189605695796217 -6.3285000920295715 0.3753577768802643 0.3753577768802643 1.2999999523162842 0.0 Pedestrian 
1.2097869563246633 -12.946956777064884 -5.896416187286377 0.3753577768802643 0.3753577768802643 1.8600000143051147 0.0 Pedestrian 
9.904097840464797 8.337285603847477 -6.328499913215637 0.3753577768802643 0.3753577768802643 1.2999999523162842 0.0 Pedestrian 
5.7515719661682425 12.883137837646245 -6.278580129146576 0.5 0.5 1.100000023841858 0.0 Pedestrian 
11.018458381541826 -9.099190885135727 -6.048500061035156 0.3753577768802643 0.3753577768802643 1.8600000143051147 0.0 Pedestrian 
22.068445456565655 26.436902297248366 -6.9614108465611935 3.987684965133667 1.8508483171463013 1.6171096563339233 0.0 Vehicle 
29.360010868270358 4.28819783246945 -7.005108127370477 4.1928300857543945 1.8161858320236206 1.4738311767578125 0.0 Vehicle 
32.85005110891363 3.120843294320707 -6.998153552995063 4.791779518127441 2.163450002670288 1.488319993019104 0.0 Vehicle 
