10.060436890690653 -6.434920198400732 -6.428500056266785 0.5 0.5 1.100000023841858 0.0 Pedestrian 
-0.8970676268097577 12.487805517723245 -5.896243572235107 0.3753577768802643 0.3753577768802643 1.8600000143051147 0.0 Pedestrian 
-1.6594200512887056 -12.48796170327671 -5.896057844161987 0.3753577768802643 0.3753577768802643 1.8600000143051147 0.0 Pedestrian 
8.881850387813628 -12.205452992905862 -5.896100163459778 0.3753577768802643 0.3753577768802643 1.8600000143051147 0.0 Pedestrian 
21.50121093409639 16.16904693854906 -6.3285000920295715 0.3753577768802643 0.3753577768802643 1.2999999523162842 0.0 Pedestrian 
4.239294713476355 -12.798245438469849 -5.896100163459778 0.3753577768802643 0.3753577768802643 1.8600000143051147 0.0 Pedestrian 
5.886991310141781 -12.501224705209438 -5.896100044250488 0.3753577768802643 0.3753577768802643 1.8600000143051147 0.0 Pedestrian 
-1.1043405374648785 -13.158453195412562 -5.89673912525177 0.3753577768802643 0.3753577768802643 1.8600000143051147 0.0 Pedestrian 
10.829489334066025 -4.03716463925457 -6.328499972820282 0.3753577768802643 0.3753577768802643 1.2999999523162842 0.0 Pedestrian 
37.569152967857505 17.264653296099368 -6.1769187450408936 0.3753577768802643 0.3753577768802643 1.2999999523162842 0.0 Pedestrian 
10.70933467305774 -6.316546440782645 -6.3285000920295715 0.3753577768802643 0.3753577768802643 1.2999999523162842 0.0 Pedestrian 
5.005765701883192 12.478876397429758 -5.897550463676453 0.3753577768802643 0.3753577768802643 1.8600000143051147 0.0 Pedestrian 
1.2709058676144025 12.408774539943693 -6.178305923938751 0.3753577768802643 0.3753577768802643 1.2999999523162842 0.0 Pedestrian 
11.263985292558381 -4.987149713334361 -6.048500239849091 0.3753577768802643 0.3753577768802643 1.8600000143051147 0.0 Pedestrian 
2.253080916066537 12.920492667002236 -6.176099956035614 0.3753577768802643 0.3753577768802643 1.2999999523162842 0.0 Pedestrian 
11.216872014481073 6.114210686387736 -6.428500056266785 0.5 0.5 1.100000023841858 0.0 Pedestrian 
33.15516695561264 -26.02950199354882 -6.998326282482594 4.791779518127441 2.163450002670288 1.488319993019104 0.0 Vehicle 
22.235201367231518 8.868553523407058 -6.961444530636072 3.987684965133667 1.8508483171463013 1.6171096563339233 0.0 Vehicle 
29.677192794640547 -28.604444095921394 -7.054940834641457 2.2094459533691406 0.8670341968536377 1.2511454820632935 0.0 Vehicle 
29.215728349708563 18.77373732711601 -7.005212802905589 4.1928300857543945 1.8161858320236206 1.4738311767578125 0.0 Vehicle 
32.67046965702188 21.42679364979233 -6.998326091794297 4.791779518127441 2.163450002670288 1.488319993019104 0.0 Vehicle 
