10.061904955657113 -3.279563508356091 -6.428500056266785 0.5 0.5 1.100000023841858 0.0 Pedestrian 
0.44274255347959723 12.184238715523406 -5.896243572235107 0.3753577768802643 0.3753577768802643 1.8600000143051147 0.0 Pedestrian 
2.7354547235640325 -12.152636804955705 -5.896057844161987 0.3753577768802643 0.3753577768802643 1.8600000143051147 0.0 Pedestrian 
9.443530882583786 -12.476472500753403 -5.896100163459778 0.3753577768802643 0.3753577768802643 1.8600000143051147 0.0 Pedestrian 
18.499199211792607 15.596282727679068 -6.3285000920295715 0.3753577768802643 0.3753577768802643 1.2999999523162842 0.0 Pedestrian 
-0.6615647920301484 -13.048743114253512 -5.896100163459778 0.3753577768802643 0.3753577768802643 1.8600000143051147 0.0 Pedestrian 
0.8319366519225184 -12.644962871790085 -5.896100044250488 0.3753577768802643 0.3753577768802643 1.8600000143051147 0.0 Pedestrian 
10.525713799984079 -1.139218235286421 -6.328499972820282 0.3753577768802643 0.3753577768802643 1.2999999523162842 0.0 Pedestrian 
35.406450433805816 15.680396555711013 -6.328499913215637 0.3753577768802643 0.3753577768802643 1.2999999523162842 0.0 Pedestrian 
10.490012053438441 -9.376318528942193 -6.3285000920295715 0.3753577768802643 0.3753577768802643 1.2999999523162842 0.0 Pedestrian 
0.868088803982701 12.961831525771345 -5.897550463676453 0.3753577768802643 0.3753577768802643 1.8600000143051147 0.0 Pedestrian 
-0.7317074739702534 12.872367024642244 -6.178305923938751 0.3753577768802643 0.3753577768802643 1.2999999523162842 0.0 Pedestrian 
11.52120729036902 0.0010899176426164559 -6.048500239849091 0.3753577768802643 0.3753577768802643 1.8600000143051147 0.0 Pedestrian 
-0.6319254454049386 13.72524015678323 -6.176099956035614 0.3753577768802643 0.3753577768802643 1.2999999523162842 0.0 Pedestrian 
11.024605020757747 3.336866985464326 -6.428500056266785 0.5 0.5 1.100000023841858 0.0 Pedestrian 
33.122032674376 -22.665014708217882 -6.997724285116419 4.791779518127441 2.163450002670288 1.488319993019104 0.0 Vehicle 
22.316643486290474 4.334948943691479 -6.961433660238981 3.987684965133667 1.8508483171463013 1.6171096563339233 0.0 Vehicle 
29.630611606098938 -23.96208263487688 -7.054857615381479 2.2094459533691406 0.8670341968536377 1.2511454820632935 0.0 Vehicle 
29.168099170534234 23.571154497265525 -7.005207996349782 4.1928300857543945 1.8161858320236206 1.4738311767578125 0.0 Vehicle 
32.62480794070265 26.203284947009138 -6.9983252143720165 4.791779518127441 2.163450002670288 1.488319993019104 0.0 Vehicle 
