10.064119759801805 -8.655221355641402 -6.430398225784302 0.5 0.5 1.100000023841858 0.0 Pedestrian 
11.016223669786184 0.49840500339308846 -6.048500061035156 0.3753577768802643 0.3753577768802643 1.8600000143051147 0.0 Pedestrian 
7.212140404157736 12.594352570676051 -5.894415020942688 0.3753577768802643 0.3753577768802643 1.8600000143051147 0.0 Pedestrian 
36.636936200884975 17.430159145048265 -6.3285000920295715 0.3753577768802643 0.3753577768802643 1.2999999523162842 0.0 Pedestrian 
10.358449589721783 8.508563897190015 -6.048500061035156 0.3753577768802643 0.3753577768802643 1.8600000143051147 0.0 Pedestrian 
10.228004398799776 9.467672770343256 -6.048500061035156 0.3753577768802643 0.3753577768802643 1.8600000143051147 0.0 Pedestrian 
10.930949122304478 1.8070720388134873 -6.048500061035156 0.3753577768802643 0.3753577768802643 1.8600000143051147 0.0 Pedestrian 
5.297710086610266 -12.338749907888428 -6.176051557064056 0.3753577768802643 0.3753577768802643 1.2999999523162842 0.0 Pedestrian 
10.609535945427854 7.177588603104709 -6.3285000920295715 0.3753577768802643 0.3753577768802643 1.2999999523162842 0.0 Pedestrian 
10.699881898581637 -7.134097248523176 -6.048500061035156 0.3753577768802643 0.3753577768802643 1.8600000143051147 0.0 Pedestrian 
9.929802137383234 6.861433019405354 -6.3285000920295715 0.3753577768802643 0.3753577768802643 1.2999999523162842 0.0 Pedestrian 
10.29140208158884 2.2927465725475145 -6.328499913215637 0.3753577768802643 0.3753577768802643 1.2999999523162842 0.0 Pedestrian 
-0.1825223138051868 12.935557170572565 -6.278580129146576 0.5 0.5 1.100000023841858 0.0 Pedestrian 
12.069000024449888 0.6607361598838679 -6.048500061035156 0.3753577768802643 0.3753577768802643 1.8600000143051147 0.0 Pedestrian 
22.14567097063808 36.278759076183746 -6.961410887539387 3.987684965133667 1.8508483171463013 1.6171096563339233 0.0 Vehicle 
-1.0378028497238105 6.873716189507377 -7.007539234124124 5.357479572296143 2.033203125 1.4106584787368774 0.0 Vehicle 
29.450053149760855 -4.900181703095086 -7.005207462236285 4.1928300857543945 1.8161858320236206 1.4738311767578125 0.0 Vehicle 
32.947683048464256 -6.352207643298243 -6.9983265495393425 4.791779518127441 2.163450002670288 1.488319993019104 0.0 Vehicle 
