9.214886303095483 -11.969155084605063 -6.277721166610718 0.5 0.5 1.100000023841858 0.0 Pedestrian 
10.604402147119593 -5.969975090380444 -6.048500239849091 0.3753577768802643 0.3753577768802643 1.8600000143051147 0.0 Pedestrian 
10.86693512460658 8.72638411361072 -6.048500061035156 0.3753577768802643 0.3753577768802643 1.8600000143051147 0.0 Pedestrian 
31.752027282279137 16.63020556681886 -6.3285000920295715 0.3753577768802643 0.3753577768802643 1.2999999523162842 0.0 Pedestrian 
11.269712184355598 2.4084032245672518 -6.0484729409217834 0.3753577768802643 0.3753577768802643 1.8600000143051147 0.0 Pedestrian 
10.832594463576864 3.317164986891072 -6.048500061035156 0.3753577768802643 0.3753577768802643 1.8600000143051147 0.0 Pedestrian 
10.906096125274118 -5.1422161326406695 -6.048500061035156 0.3753577768802643 0.3753577768802643 1.8600000143051147 0.0 Pedestrian 
8.946297178249807 -12.49227512129346 -6.176051557064056 0.3753577768802643 0.3753577768802643 1.2999999523162842 0.0 Pedestrian 
38.0739733730115 29.457977020302224 -6.1769187450408936 0.3753577768802643 0.3753577768802643 1.2999999523162842 0.0 Pedestrian 
10.516285577614655 2.49168793662119 -6.3285000920295715 0.3753577768802643 0.3753577768802643 1.2999999523162842 0.0 Pedestrian 
10.181115110113414 -2.2642479471196566 -6.048500061035156 0.3753577768802643 0.3753577768802643 1.8600000143051147 0.0 Pedestrian 
10.006538648407588 9.350994990224535 -6.3285000920295715 0.3753577768802643 0.3753577768802643 1.2999999523162842 0.0 Pedestrian 
-1.4508716630878524 -13.021852672657474 -5.896416187286377 0.3753577768802643 0.3753577768802643 1.8600000143051147 0.0 Pedestrian 
9.934636911921123 6.91579760946837 -6.328499913215637 0.3753577768802643 0.3753577768802643 1.2999999523162842 0.0 Pedestrian 
4.407520573730679 12.898481070805133 -6.278580129146576 0.5 0.5 1.100000023841858 0.0 Pedestrian 
11.37165162680936 -6.660272815128792 -6.048500061035156 0.3753577768802643 0.3753577768802643 1.8600000143051147 0.0 Pedestrian 
22.080791870560972 28.898175511515433 -6.9614108093082905 3.987684965133667 1.8508483171463013 1.6171096563339233 0.0 Vehicle 
29.37940865529226 2.3274898342368147 -7.005206661298871 4.1928300857543945 1.8161858320236206 1.4738311767578125 0.0 Vehicle 
32.87397151111456 0.7936507987889172 -6.998325138119981 4.791779518127441 2.163450002670288 1.488319993019104 0.0 Vehicle 
