10.087710959692096 -6.9426843092556965 -6.428500056266785 0.5 0.5 1.100000023841858 0.0 Pedestrian 
-1.794149748139418 12.616505482850357 -5.896243572235107 0.3753577768802643 0.3753577768802643 1.8600000143051147 0.0 Pedestrian 
-1.7862458030560902 -13.218737501299415 -5.896100163459778 0.3753577768802643 0.3753577768802643 1.8600000143051147 0.0 Pedestrian 
10.59490010974347 -11.355948226525243 -6.048500061035156 0.3753577768802643 0.3753577768802643 1.8600000143051147 0.0 Pedestrian 
22.33103844276907 16.16797755087748 -6.3285000920295715 0.3753577768802643 0.3753577768802643 1.2999999523162842 0.0 Pedestrian 
5.849587839137442 -12.759280976032528 -5.896100163459778 0.3753577768802643 0.3753577768802643 1.8600000143051147 0.0 Pedestrian 
6.687354940968646 -12.658046002930973 -5.896100044250488 0.3753577768802643 0.3753577768802643 1.8600000143051147 0.0 Pedestrian 
0.2909797585778051 -13.140091953601882 -5.89673912525177 0.3753577768802643 0.3753577768802643 1.8600000143051147 0.0 Pedestrian 
10.821542529399032 -4.813457144757422 -6.328499972820282 0.3753577768802643 0.3753577768802643 1.2999999523162842 0.0 Pedestrian 
38.13074500167151 17.576796357619287 -6.1769187450408936 0.3753577768802643 0.3753577768802643 1.2999999523162842 0.0 Pedestrian 
10.168352682662302 -5.839889178518092 -6.3285000920295715 0.3753577768802643 0.3753577768802643 1.2999999523162842 0.0 Pedestrian 
5.639269935269702 12.267680485946698 -5.897550463676453 0.3753577768802643 0.3753577768802643 1.8600000143051147 0.0 Pedestrian 
1.9445009108313087 12.411908370160972 -6.178305923938751 0.3753577768802643 0.3753577768802643 1.2999999523162842 0.0 Pedestrian 
11.011842582388837 -6.434631560120579 -6.048500239849091 0.3753577768802643 0.3753577768802643 1.8600000143051147 0.0 Pedestrian 
3.12382868634851 12.812253183638745 -6.176099956035614 0.3753577768802643 0.3753577768802643 1.2999999523162842 0.0 Pedestrian 
11.190998772243667 7.020830166865949 -6.428500056266785 0.5 0.5 1.100000023841858 0.0 Pedestrian 
-2.3937068355066558 -11.822116528859738 -5.896100163459778 0.3753577768802643 0.3753577768802643 1.8600000143051147 0.0 Pedestrian 
33.16942539477304 -27.4788332932593 -6.998326282482594 4.791779518127441 2.163450002670288 1.488319993019104 0.0 Vehicle 
22.212321824853827 10.157708255455645 -6.961513806134462 3.987684965133667 1.8508483171463013 1.6171096563339233 0.0 Vehicle 
29.690954377130254 -29.996699631549973 -7.0550513081252575 2.2094459533691406 0.8670341968536377 1.2511454820632935 0.0 Vehicle 
29.229812998444913 17.352118221967658 -7.005216388497502 4.1928300857543945 1.8161858320236206 1.4738311767578125 0.0 Vehicle 
32.684094831242795 19.99603390705022 -6.998326816596091 4.791779518127441 2.163450002670288 1.488319993019104 0.0 Vehicle 
