10.17562816342855 0.785094026814761 -6.428500056266785 0.5 0.5 1.100000023841858 0.0 Pedestrian 
7.481580885419611 12.191106194734402 -5.896243572235107 0.3753577768802643 0.3753577768802643 1.8600000143051147 0.0 Pedestrian 
8.687165745625805 -11.863511173901543 -5.896057844161987 0.3753577768802643 0.3753577768802643 1.8600000143051147 0.0 Pedestrian 
10.035880071000257 -5.982232442960935 -6.048500180244446 0.3753577768802643 0.3753577768802643 1.8600000143051147 0.0 Pedestrian 
13.840226925216463 14.22358596609331 -6.3285000920295715 0.3753577768802643 0.3753577768802643 1.2999999523162842 0.0 Pedestrian 
14.037711600662732 -47.22976901980712 -6.176112174987793 0.3753577768802643 0.3753577768802643 1.2999999523162842 0.0 Pedestrian 
9.963032899267676 3.350337207705749 -6.328499972820282 0.3753577768802643 0.3753577768802643 1.2999999523162842 0.0 Pedestrian 
30.395990517235283 15.251249054144068 -6.328499913215637 0.3753577768802643 0.3753577768802643 1.2999999523162842 0.0 Pedestrian 
8.743445107106112 -12.609006660971659 -6.177496254444122 0.3753577768802643 0.3753577768802643 1.2999999523162842 0.0 Pedestrian 
11.016805071103116 7.260866178484946 -6.048500239849091 0.3753577768802643 0.3753577768802643 1.8600000143051147 0.0 Pedestrian 
11.06556603807141 -0.6185770571042895 -6.428500056266785 0.5 0.5 1.100000023841858 0.0 Pedestrian 
33.12203974230626 -22.664342665432628 -6.998319988255389 4.791779518127441 2.163450002670288 1.488319993019104 0.0 Vehicle 
22.443460191459028 -2.895371890681872 -6.961413938552141 3.987684965133667 1.8508483171463013 1.6171096563339233 0.0 Vehicle 
29.616726147119962 -22.580708030848882 -7.05485999956727 2.2094459533691406 0.8670341968536377 1.2511454820632935 0.0 Vehicle 
29.0967330144627 30.81949172001032 -7.005206775385886 4.1928300857543945 1.8161858320236206 1.4738311767578125 0.0 Vehicle 
32.55599582450989 33.37760959163427 -6.998324909247458 4.791779518127441 2.163450002670288 1.488319993019104 0.0 Vehicle 
