10.090470579173065 -9.264215563018297 -6.430398225784302 0.5 0.5 1.100000023841858 0.0 Pedestrian 
10.817278692267326 -0.49578489131170045 -6.048500061035156 0.3753577768802643 0.3753577768802643 1.8600000143051147 0.0 Pedestrian 
8.210759616860628 12.563904413590421 -5.894415020942688 0.3753577768802643 0.3753577768802643 1.8600000143051147 0.0 Pedestrian 
35.98554679477907 17.324111335328325 -6.3285000920295715 0.3753577768802643 0.3753577768802643 1.2999999523162842 0.0 Pedestrian 
10.477476629188361 7.706786400304679 -6.048500061035156 0.3753577768802643 0.3753577768802643 1.8600000143051147 0.0 Pedestrian 
10.31112798033909 8.664817795867066 -6.048500061035156 0.3753577768802643 0.3753577768802643 1.8600000143051147 0.0 Pedestrian 
10.897628135182892 0.8090689120984962 -6.048500061035156 0.3753577768802643 0.3753577768802643 1.8600000143051147 0.0 Pedestrian 
5.835631040495201 -12.336000606837956 -6.176051557064056 0.3753577768802643 0.3753577768802643 1.2999999523162842 0.0 Pedestrian 
10.645015240721424 6.5559677371592215 -6.3285000920295715 0.3753577768802643 0.3753577768802643 1.2999999523162842 0.0 Pedestrian 
10.626495409940617 -6.140938100711651 -6.048500061035156 0.3753577768802643 0.3753577768802643 1.8600000143051147 0.0 Pedestrian 
9.921619321220257 6.830365129441418 -6.3285000920295715 0.3753577768802643 0.3753577768802643 1.2999999523162842 0.0 Pedestrian 
10.186511082467987 2.950304485779867 -6.328499913215637 0.3753577768802643 0.3753577768802643 1.2999999523162842 0.0 Pedestrian 
0.43749887161669676 13.012964989008424 -6.278580129146576 0.5 0.5 1.100000023841858 0.0 Pedestrian 
12.024365762526774 -0.294430199179601 -6.048500061035156 0.3753577768802643 0.3753577768802643 1.8600000143051147 0.0 Pedestrian 
22.136680259754172 35.29494917651846 -6.9614108093082905 3.987684965133667 1.8508483171463013 1.6171096563339233 0.0 Vehicle 
-1.963180368939998 6.884033143640863 -7.007533626165241 5.357479572296143 2.033203125 1.4106584787368774 0.0 Vehicle 
29.44067256495748 -3.9376872915344165 -7.005207233130932 4.1928300857543945 1.8161858320236206 1.4738311767578125 0.0 Vehicle 
32.93789307369468 -5.400725324153768 -6.9983262062305585 4.791779518127441 2.163450002670288 1.488319993019104 0.0 Vehicle 
