10.233535569763234 -11.82335509301572 -6.277721166610718 0.5 0.5 1.100000023841858 0.0 Pedestrian 
10.937644731020761 -4.196642778197315 -6.048500239849091 0.3753577768802643 0.3753577768802643 1.8600000143051147 0.0 Pedestrian 
10.54761802165823 10.0865859784235 -6.048500061035156 0.3753577768802643 0.3753577768802643 1.8600000143051147 0.0 Pedestrian 
32.72898205198418 16.79035775342379 -6.3285000920295715 0.3753577768802643 0.3753577768802643 1.2999999523162842 0.0 Pedestrian 
11.156035881578834 3.786240154157767 -6.0484729409217834 0.3753577768802643 0.3753577768802643 1.8600000143051147 0.0 Pedestrian 
10.750042497115128 4.507643174551845 -6.048500061035156 0.3753577768802643 0.3753577768802643 1.8600000143051147 0.0 Pedestrian 
11.047009050909768 -3.5329125012857503 -6.048500061035156 0.3753577768802643 0.3753577768802643 1.8600000143051147 0.0 Pedestrian 
8.5238167373535 -12.016661302031139 -6.176051557064056 0.3753577768802643 0.3753577768802643 1.2999999523162842 0.0 Pedestrian 
38.115375509227576 30.447111751091825 -6.1769187450408936 0.3753577768802643 0.3753577768802643 1.2999999523162842 0.0 Pedestrian 
10.696875606944248 3.3473562270401658 -6.328499972820282 0.3753577768802643 0.3753577768802643 1.2999999523162842 0.0 Pedestrian 
10.050244885957476 -3.8651383737594642 -6.048500061035156 0.3753577768802643 0.3753577768802643 1.8600000143051147 0.0 Pedestrian 
9.90091509387544 8.6347958188029 -6.3285000920295715 0.3753577768802643 0.3753577768802643 1.2999999523162842 0.0 Pedestrian 
9.954732826586127 6.077556108627249 -6.328499913215637 0.3753577768802643 0.3753577768802643 1.2999999523162842 0.0 Pedestrian 
3.528292398328425 12.946573498423845 -6.278580129146576 0.5 0.5 1.100000023841858 0.0 Pedestrian 
11.54402411793599 -5.209452192972321 -6.048500061035156 0.3753577768802643 0.3753577768802643 1.8600000143051147 0.0 Pedestrian 
22.091601429692602 30.37467767327894 -6.96141092479229 3.987684965133667 1.8508483171463013 1.6171096563339233 0.0 Vehicle 
29.393575175810795 0.8807907401593411 -7.005206775385886 4.1928300857543945 1.8161858320236206 1.4738311767578125 0.0 Vehicle 
32.88876184346684 -0.6368086982035948 -6.9983252143720165 4.791779518127441 2.163450002670288 1.488319993019104 0.0 Vehicle 
