10.470447476896602 -11.548255849148859 -6.277721166610718 0.5 0.5 1.100000023841858 0.0 Pedestrian 
10.722096895827875 -3.626271706730904 -6.048500061035156 0.3753577768802643 0.3753577768802643 1.8600000143051147 0.0 Pedestrian 
10.571769670135662 10.53874314416828 -6.048500061035156 0.3753577768802643 0.3753577768802643 1.8600000143051147 0.0 Pedestrian 
33.05463367516862 16.84374086253206 -6.3285000920295715 0.3753577768802643 0.3753577768802643 1.2999999523162842 0.0 Pedestrian 
11.080819244018828 4.1851581749120506 -6.0484729409217834 0.3753577768802643 0.3753577768802643 1.8600000143051147 0.0 Pedestrian 
10.63207232917933 4.928504653064238 -6.048500061035156 0.3753577768802643 0.3753577768802643 1.8600000143051147 0.0 Pedestrian 
11.04452923261531 -3.2752064612674303 -6.048500061035156 0.3753577768802643 0.3753577768802643 1.8600000143051147 0.0 Pedestrian 
8.223245737726302 -12.081273309248331 -6.176051557064056 0.3753577768802643 0.3753577768802643 1.2999999523162842 0.0 Pedestrian 
38.1291761547341 30.776825234208445 -6.1769187450408936 0.3753577768802643 0.3753577768802643 1.2999999523162842 0.0 Pedestrian 
10.597193078684835 3.692242419216413 -6.328499972820282 0.3753577768802643 0.3753577768802643 1.2999999523162842 0.0 Pedestrian 
10.023409500653393 -3.6576278849050823 -6.048500061035156 0.3753577768802643 0.3753577768802643 1.8600000143051147 0.0 Pedestrian 
9.908210352602286 8.345438283481599 -6.3285000920295715 0.3753577768802643 0.3753577768802643 1.2999999523162842 0.0 Pedestrian 
9.967744755892031 5.749539721517095 -6.328499913215637 0.3753577768802643 0.3753577768802643 1.2999999523162842 0.0 Pedestrian 
3.2419775307095904 12.971276669598296 -6.278580129146576 0.5 0.5 1.100000023841858 0.0 Pedestrian 
11.61930217259087 -4.716886634129082 -6.048500061035156 0.3753577768802643 0.3753577768802643 1.8600000143051147 0.0 Pedestrian 
22.095669402905457 30.866797674204236 -6.961410962045193 3.987684965133667 1.8508483171463013 1.6171096563339233 0.0 Vehicle 
29.398304461953778 0.39864551013351956 -7.005206775385886 4.1928300857543945 1.8161858320236206 1.4738311767578125 0.0 Vehicle 
32.89368345405698 -1.1135308571224414 -6.998325099935755 4.791779518127441 2.163450002670288 1.488319993019104 0.0 Vehicle 
