10.06287397989287 -6.22357625515599 -6.428500056266785 0.5 0.5 1.100000023841858 0.0 Pedestrian 
-0.648201419525698 12.323515334881677 -5.896243572235107 0.3753577768802643 0.3753577768802643 1.8600000143051147 0.0 Pedestrian 
-1.1964919511139982 -12.446851656231843 -5.896057844161987 0.3753577768802643 0.3753577768802643 1.8600000143051147 0.0 Pedestrian 
8.345056175362217 -12.280255052064376 -5.896100163459778 0.3753577768802643 0.3753577768802643 1.8600000143051147 0.0 Pedestrian 
21.224410591601057 16.1508307275476 -6.3285000920295715 0.3753577768802643 0.3753577768802643 1.2999999523162842 0.0 Pedestrian 
3.743759673732839 -12.844765393108446 -5.896100163459778 0.3753577768802643 0.3753577768802643 1.8600000143051147 0.0 Pedestrian 
5.239369591753942 -12.3159822817654 -5.896100044250488 0.3753577768802643 0.3753577768802643 1.8600000143051147 0.0 Pedestrian 
-1.5737336142498464 -13.184509463162158 -5.89673912525177 0.3753577768802643 0.3753577768802643 1.8600000143051147 0.0 Pedestrian 
10.82565347499942 -3.785660424945263 -6.328499972820282 0.3753577768802643 0.3753577768802643 1.2999999523162842 0.0 Pedestrian 
37.39922563582219 17.116248936738543 -6.1874635219573975 0.3753577768802643 0.3753577768802643 1.2999999523162842 0.0 Pedestrian 
10.852507810440969 -6.5470837349965905 -6.3285000920295715 0.3753577768802643 0.3753577768802643 1.2999999523162842 0.0 Pedestrian 
4.381509728676214 12.608432340177387 -5.897550463676453 0.3753577768802643 0.3753577768802643 1.8600000143051147 0.0 Pedestrian 
1.0098341969043787 12.491920877153007 -6.178305923938751 0.3753577768802643 0.3753577768802643 1.2999999523162842 0.0 Pedestrian 
11.323708472460723 -4.513916636133104 -6.048500239849091 0.3753577768802643 0.3753577768802643 1.8600000143051147 0.0 Pedestrian 
1.9626624036709899 12.966957473873094 -6.176099956035614 0.3753577768802643 0.3753577768802643 1.2999999523162842 0.0 Pedestrian 
11.233844726054727 5.806124709698793 -6.428500056266785 0.5 0.5 1.100000023841858 0.0 Pedestrian 
33.150402423034706 -25.54634743763711 -6.998326282482594 4.791779518127441 2.163450002670288 1.488319993019104 0.0 Vehicle 
22.2429167833722 8.43818408263644 -6.961419619619846 3.987684965133667 1.8508483171463013 1.6171096563339233 0.0 Vehicle 
29.67260506795327 -28.14034366788451 -7.0548963136971 2.2094459533691406 0.8670341968536377 1.2511454820632935 0.0 Vehicle 
29.211012803987607 19.25024243190387 -7.0052118874154985 4.1928300857543945 1.8161858320236206 1.4738311767578125 0.0 Vehicle 
32.66591227629584 21.904016152527674 -6.9983260536100715 4.791779518127441 2.163450002670288 1.488319993019104 0.0 Vehicle 
