10.400968569803448 3.4206999924977737 -6.428500056266785 0.5 0.5 1.100000023841858 0.0 Pedestrian 
10.318294609008944 12.126127009571633 -5.896243572235107 0.3753577768802643 0.3753577768802643 1.8600000143051147 0.0 Pedestrian 
10.441858262868209 -9.056323384175357 -6.048500180244446 0.3753577768802643 0.3753577768802643 1.8600000143051147 0.0 Pedestrian 
10.005580018132065 -2.055317651773521 -6.048500180244446 0.3753577768802643 0.3753577768802643 1.8600000143051147 0.0 Pedestrian 
11.812583303924093 13.814653877388878 -6.176895380020142 0.3753577768802643 0.3753577768802643 1.2999999523162842 0.0 Pedestrian 
13.943929475853764 -44.591420073889026 -6.176112174987793 0.3753577768802643 0.3753577768802643 1.2999999523162842 0.0 Pedestrian 
9.949877300854302 5.805612517031079 -6.328499972820282 0.3753577768802643 0.3753577768802643 1.2999999523162842 0.0 Pedestrian 
27.770882489788086 14.970673820423258 -6.328499913215637 0.3753577768802643 0.3753577768802643 1.2999999523162842 0.0 Pedestrian 
7.07493859614452 -12.854449432501156 -6.177496254444122 0.3753577768802643 0.3753577768802643 1.2999999523162842 0.0 Pedestrian 
10.303011912468858 10.417011492372012 -6.048500239849091 0.3753577768802643 0.3753577768802643 1.8600000143051147 0.0 Pedestrian 
11.055521620609394 -3.0963648665216397 -6.428500056266785 0.5 0.5 1.100000023841858 0.0 Pedestrian 
33.12203974230626 -22.664342665432628 -6.998319988255389 4.791779518127441 2.163450002670288 1.488319993019104 0.0 Vehicle 
22.50618166933387 -6.780958867788058 -6.96141180023551 3.987684965133667 1.8508483171463013 1.6171096563339233 0.0 Vehicle 
29.616726413381983 -22.580715655595895 -7.054859675467014 2.2094459533691406 0.8670341968536377 1.2511454820632935 0.0 Vehicle 
29.05845469680105 34.69155497850113 -7.005206699483097 4.1928300857543945 1.8161858320236206 1.4738311767578125 0.0 Vehicle 
32.52056437526207 37.20662464212137 -6.998324871063232 4.791779518127441 2.163450002670288 1.488319993019104 0.0 Vehicle 
