10.177204475607802 1.1089688045497041 -6.428500056266785 0.5 0.5 1.100000023841858 0.0 Pedestrian 
7.955696847379734 12.203026914300608 -5.896243572235107 0.3753577768802643 0.3753577768802643 1.8600000143051147 0.0 Pedestrian 
9.296749922089887 -12.02894322666964 -5.896057844161987 0.3753577768802643 0.3753577768802643 1.8600000143051147 0.0 Pedestrian 
10.028123534780448 -5.533633861338217 -6.048500180244446 0.3753577768802643 0.3753577768802643 1.8600000143051147 0.0 Pedestrian 
13.584740474650516 14.17652353954918 -6.3285000920295715 0.3753577768802643 0.3753577768802643 1.2999999523162842 0.0 Pedestrian 
14.025981343445608 -46.89997948020289 -6.176112174987793 0.3753577768802643 0.3753577768802643 1.2999999523162842 0.0 Pedestrian 
9.961838696222788 3.6516766909752505 -6.328499972820282 0.3753577768802643 0.3753577768802643 1.2999999523162842 0.0 Pedestrian 
30.067852013804384 15.216177149928967 -6.328499913215637 0.3753577768802643 0.3753577768802643 1.2999999523162842 0.0 Pedestrian 
8.44414914167821 -12.726745267050205 -6.177496254444122 0.3753577768802643 0.3753577768802643 1.2999999523162842 0.0 Pedestrian 
10.927957019253627 7.762445485749993 -6.048500239849091 0.3753577768802643 0.3753577768802643 1.8600000143051147 0.0 Pedestrian 
11.067633804995083 -0.9077683600183946 -6.428500056266785 0.5 0.5 1.100000023841858 0.0 Pedestrian 
33.12203974230626 -22.664342665432628 -6.998319988255389 4.791779518127441 2.163450002670288 1.488319993019104 0.0 Vehicle 
22.451640830352794 -3.3805995558615223 -6.961413633078337 3.987684965133667 1.8508483171463013 1.6171096563339233 0.0 Vehicle 
29.616726213685467 -22.580709937035635 -7.0548598282039165 2.2094459533691406 0.8670341968536377 1.2511454820632935 0.0 Vehicle 
29.09195856961786 31.30336734703883 -7.005206775385886 4.1928300857543945 1.8161858320236206 1.4738311767578125 0.0 Vehicle 
32.55139271328184 33.85614164466915 -6.998324985499494 4.791779518127441 2.163450002670288 1.488319993019104 0.0 Vehicle 
