10.199166457755908 -10.441718636108817 -6.42849999666214 0.5 0.5 1.100000023841858 0.0 Pedestrian 
4.881211330215379 -13.031730042691265 -5.896100163459778 0.3753577768802643 0.3753577768802643 1.8600000143051147 0.0 Pedestrian 
10.863159190468508 -5.922130473279822 -6.048500061035156 0.3753577768802643 0.3753577768802643 1.8600000143051147 0.0 Pedestrian 
24.29069579601868 14.838883826443976 -6.3285000920295715 0.3753577768802643 0.3753577768802643 1.2999999523162842 0.0 Pedestrian 
10.614369832158744 -11.359092031201726 -6.0484729409217834 0.3753577768802643 0.3753577768802643 1.8600000143051147 0.0 Pedestrian 
10.68632858366697 -9.752749323695411 -6.048500061035156 0.3753577768802643 0.3753577768802643 1.8600000143051147 0.0 Pedestrian 
6.940046141131077 -12.72506416162355 -5.89673912525177 0.3753577768802643 0.3753577768802643 1.8600000143051147 0.0 Pedestrian 
10.251087365217245 -7.105555017603251 -6.328499972820282 0.3753577768802643 0.3753577768802643 1.2999999523162842 0.0 Pedestrian 
38.037582545290206 19.870359074110638 -6.1769187450408936 0.3753577768802643 0.3753577768802643 1.2999999523162842 0.0 Pedestrian 
10.181691825913369 -5.310266667384212 -6.3285000920295715 0.3753577768802643 0.3753577768802643 1.2999999523162842 0.0 Pedestrian 
10.044814346981884 10.25564526008111 -6.048500061035156 0.3753577768802643 0.3753577768802643 1.8600000143051147 0.0 Pedestrian 
5.395838687973146 12.333609710962492 -6.178305923938751 0.3753577768802643 0.3753577768802643 1.2999999523162842 0.0 Pedestrian 
10.439177531410266 -11.718746325892766 -5.896416187286377 0.3753577768802643 0.3753577768802643 1.8600000143051147 0.0 Pedestrian 
6.851398965698031 12.428273680417533 -6.176099956035614 0.3753577768802643 0.3753577768802643 1.2999999523162842 0.0 Pedestrian 
10.759202276374573 10.685605523303366 -6.428500056266785 0.5 0.5 1.100000023841858 0.0 Pedestrian 
3.6993620223576897 -12.009729419712357 -5.896100163459778 0.3753577768802643 0.3753577768802643 1.8600000143051147 0.0 Pedestrian 
33.231141741855794 -33.75696653211958 -6.9983262062305585 4.791779518127441 2.163450002670288 1.488319993019104 0.0 Vehicle 
22.13187358376542 14.710946193506516 -6.961298048496246 3.987684965133667 1.8508483171463013 1.6171096563339233 0.0 Vehicle 
29.75130880247974 -36.0264037132315 -7.054857559502125 2.2094459533691406 0.8670341968536377 1.2511454820632935 0.0 Vehicle 
29.287430499367822 11.552505063540934 -7.005264339502901 4.1928300857543945 1.8161858320236206 1.4738311767578125 0.0 Vehicle 
32.74371507480815 13.832140616041897 -6.998336544027552 4.791779518127441 2.163450002670288 1.488319993019104 0.0 Vehicle 
