10.17871616837072 -10.026177879218835 -6.42849999666214 0.5 0.5 1.100000023841858 0.0 Pedestrian 
3.8776477235092983 -13.003538641949717 -5.896100163459778 0.3753577768802643 0.3753577768802643 1.8600000143051147 0.0 Pedestrian 
10.895151379164702 -6.808535912293564 -6.048500061035156 0.3753577768802643 0.3753577768802643 1.8600000143051147 0.0 Pedestrian 
24.167094005327414 14.836012300037169 -6.3285000920295715 0.3753577768802643 0.3753577768802643 1.2999999523162842 0.0 Pedestrian 
10.775181104308182 -11.392542649577763 -6.0484729409217834 0.3753577768802643 0.3753577768802643 1.8600000143051147 0.0 Pedestrian 
11.213877962525046 -10.815377339357951 -6.048500061035156 0.3753577768802643 0.3753577768802643 1.8600000143051147 0.0 Pedestrian 
5.9050530456945864 -12.81076522744138 -5.89673912525177 0.3753577768802643 0.3753577768802643 1.8600000143051147 0.0 Pedestrian 
10.14027052137913 -6.910524553404343 -6.328499972820282 0.3753577768802643 0.3753577768802643 1.2999999523162842 0.0 Pedestrian 
38.24593812442028 19.562785997887772 -6.1769187450408936 0.3753577768802643 0.3753577768802643 1.2999999523162842 0.0 Pedestrian 
10.193741497337534 -5.714786171228525 -6.3285000920295715 0.3753577768802643 0.3753577768802643 1.2999999523162842 0.0 Pedestrian 
10.431673079393747 11.30072170599567 -6.048500061035156 0.3753577768802643 0.3753577768802643 1.8600000143051147 0.0 Pedestrian 
4.903492136270309 12.375481198166767 -6.178305923938751 0.3753577768802643 0.3753577768802643 1.2999999523162842 0.0 Pedestrian 
10.118364449772606 -10.937433379604045 -6.048500239849091 0.3753577768802643 0.3753577768802643 1.8600000143051147 0.0 Pedestrian 
6.237060713180519 12.44084163884736 -6.176099956035614 0.3753577768802643 0.3753577768802643 1.2999999523162842 0.0 Pedestrian 
10.930450898503999 10.104052370145155 -6.428500056266785 0.5 0.5 1.100000023841858 0.0 Pedestrian 
2.788072661137022 -12.015466811883357 -5.896100163459778 0.3753577768802643 0.3753577768802643 1.8600000143051147 0.0 Pedestrian 
33.221651889775785 -32.791343115003315 -6.998326244414784 4.791779518127441 2.163450002670288 1.488319993019104 0.0 Vehicle 
22.14194265345646 14.177762036029435 -6.961316928267479 3.987684965133667 1.8508483171463013 1.6171096563339233 0.0 Vehicle 
29.74199276339698 -35.09898643911754 -7.054857559502125 2.2094459533691406 0.8670341968536377 1.2511454820632935 0.0 Vehicle 
29.279196404987847 12.38379357689928 -7.0052663227543235 4.1928300857543945 1.8161858320236206 1.4738311767578125 0.0 Vehicle 
32.73464065664529 14.773625376028235 -6.998333759373054 4.791779518127441 2.163450002670288 1.488319993019104 0.0 Vehicle 
