7.059433136285193 -12.640409338722634 -6.277721166610718 0.5 0.5 1.100000023841858 0.0 Pedestrian 
10.38042552989954 -9.91651051957399 -6.048500239849091 0.3753577768802643 0.3753577768802643 1.8600000143051147 0.0 Pedestrian 
10.951274758262894 4.677755540398756 -6.048500061035156 0.3753577768802643 0.3753577768802643 1.8600000143051147 0.0 Pedestrian 
29.146814596348435 16.20313211611233 -6.3285000920295715 0.3753577768802643 0.3753577768802643 1.2999999523162842 0.0 Pedestrian 
11.137748645044738 -1.561084368984325 -6.0484729409217834 0.3753577768802643 0.3753577768802643 1.8600000143051147 0.0 Pedestrian 
10.904430325073033 -0.5600957149256374 -6.048500061035156 0.3753577768802643 0.3753577768802643 1.8600000143051147 0.0 Pedestrian 
10.390893920375959 -8.868771145932783 -6.048500061035156 0.3753577768802643 0.3753577768802643 1.8600000143051147 0.0 Pedestrian 
10.274171384543628 -11.646493297726352 -6.176051557064056 0.3753577768802643 0.3753577768802643 1.2999999523162842 0.0 Pedestrian 
37.963567609869784 26.82028631105004 -6.1769187450408936 0.3753577768802643 0.3753577768802643 1.2999999523162842 0.0 Pedestrian 
10.449415365010326 0.9949655494311287 -6.3285000920295715 0.3753577768802643 0.3753577768802643 1.2999999523162842 0.0 Pedestrian 
10.038851344342088 0.5906815540672596 -6.048500061035156 0.3753577768802643 0.3753577768802643 1.8600000143051147 0.0 Pedestrian 
10.356151976976268 11.205991625324145 -6.3285000920295715 0.3753577768802643 0.3753577768802643 1.2999999523162842 0.0 Pedestrian 
2.6122219888752767 -12.839834147424881 -5.896416187286377 0.3753577768802643 0.3753577768802643 1.8600000143051147 0.0 Pedestrian 
9.933732078348307 9.245862891111983 -6.328499913215637 0.3753577768802643 0.3753577768802643 1.2999999523162842 0.0 Pedestrian 
6.513679010420951 12.834159840620828 -6.278580129146576 0.5 0.5 1.100000023841858 0.0 Pedestrian 
10.944325740499579 -10.511678042152766 -6.048500061035156 0.3753577768802643 0.3753577768802643 1.8600000143051147 0.0 Pedestrian 
22.065227004893842 24.95988082465351 -6.96141092479229 3.987684965133667 1.8508483171463013 1.6171096563339233 0.0 Vehicle 
29.35121196164517 5.161019266330712 -7.005155429709703 4.1928300857543945 1.8161858320236206 1.4738311767578125 0.0 Vehicle 
32.83914046172441 4.201043297066647 -6.998173313215375 4.791779518127441 2.163450002670288 1.488319993019104 0.0 Vehicle 
