10.266638389696531 -8.054119390672668 -6.428500056266785 0.5 0.5 1.100000023841858 0.0 Pedestrian 
0.8104924116861838 -13.038237142924572 -5.896100163459778 0.3753577768802643 0.3753577768802643 1.8600000143051147 0.0 Pedestrian 
11.17514152478838 -9.701738635993138 -6.048500061035156 0.3753577768802643 0.3753577768802643 1.8600000143051147 0.0 Pedestrian 
23.977334556640322 16.06482140175251 -6.3285000920295715 0.3753577768802643 0.3753577768802643 1.2999999523162842 0.0 Pedestrian 
7.627704121818198 -12.53395472952684 -5.896100163459778 0.3753577768802643 0.3753577768802643 1.8600000143051147 0.0 Pedestrian 
8.740872703110455 -12.184254248128354 -5.896100044250488 0.3753577768802643 0.3753577768802643 1.8600000143051147 0.0 Pedestrian 
2.7634341796297974 -12.96523137691122 -5.89673912525177 0.3753577768802643 0.3753577768802643 1.8600000143051147 0.0 Pedestrian 
10.784906715858874 -6.140640348434658 -6.328499972820282 0.3753577768802643 0.3753577768802643 1.2999999523162842 0.0 Pedestrian 
38.89661938615766 18.408055120757922 -6.1769187450408936 0.3753577768802643 0.3753577768802643 1.2999999523162842 0.0 Pedestrian 
10.080259642430974 -6.122881077839111 -6.3285000920295715 0.3753577768802643 0.3753577768802643 1.2999999523162842 0.0 Pedestrian 
8.052369986977602 12.381539259942201 -5.897550463676453 0.3753577768802643 0.3753577768802643 1.8600000143051147 0.0 Pedestrian 
3.351305157750126 12.463431190591791 -6.178305923938751 0.3753577768802643 0.3753577768802643 1.2999999523162842 0.0 Pedestrian 
10.503104195042468 -8.784532980102654 -6.048500239849091 0.3753577768802643 0.3753577768802643 1.8600000143051147 0.0 Pedestrian 
4.758827471091976 12.67583795900407 -6.176099956035614 0.3753577768802643 0.3753577768802643 1.2999999523162842 0.0 Pedestrian 
11.111885993165071 8.500200642143227 -6.428500056266785 0.5 0.5 1.100000023841858 0.0 Pedestrian 
-0.029398785304813657 -11.992589226252676 -5.896100163459778 0.3753577768802643 0.3753577768802643 1.8600000143051147 0.0 Pedestrian 
33.193179077819366 -29.89394241121306 -6.998326282482594 4.791779518127441 2.163450002670288 1.488319993019104 0.0 Vehicle 
22.176483641545516 12.191773813512327 -6.961652968078852 3.987684965133667 1.8508483171463013 1.6171096563339233 0.0 Vehicle 
29.714090987726962 -32.31718722417486 -7.052052192389965 2.2094459533691406 0.8670341968536377 1.2511454820632935 0.0 Vehicle 
29.25292591567635 15.025313583897969 -7.0052268407307565 4.1928300857543945 1.8161858320236206 1.4738311767578125 0.0 Vehicle 
32.70690212725241 17.615895745772036 -6.998328762128949 4.791779518127441 2.163450002670288 1.488319993019104 0.0 Vehicle 
