8.773552121259044 -12.643062365765786 -6.215629160404205 0.5 0.5 1.100000023841858 0.0 Pedestrian 
9.65373624531761 -11.635533369001678 -5.896100163459778 0.3753577768802643 0.3753577768802643 1.8600000143051147 0.0 Pedestrian 
10.885827698851863 0.2362580396491012 -6.048500061035156 0.3753577768802643 0.3753577768802643 1.8600000143051147 0.0 Pedestrian 
26.60825163149717 15.633395569262916 -6.3285000920295715 0.3753577768802643 0.3753577768802643 1.2999999523162842 0.0 Pedestrian 
10.777222774085011 -5.912293837856623 -6.0484729409217834 0.3753577768802643 0.3753577768802643 1.8600000143051147 0.0 Pedestrian 
10.578184254030049 -5.076221588072713 -6.048500061035156 0.3753577768802643 0.3753577768802643 1.8600000143051147 0.0 Pedestrian 
10.66333109016427 -11.365112691383615 -6.048500061035156 0.3753577768802643 0.3753577768802643 1.8600000143051147 0.0 Pedestrian 
10.27991631205839 -9.993041928411344 -6.328499972820282 0.3753577768802643 0.3753577768802643 1.2999999523162842 0.0 Pedestrian 
37.83934575203101 23.852887304717456 -6.1769187450408936 0.3753577768802643 0.3753577768802643 1.2999999523162842 0.0 Pedestrian 
10.59705648155165 -1.6790399145266974 -6.3285000920295715 0.3753577768802643 0.3753577768802643 1.2999999523162842 0.0 Pedestrian 
9.971029788939857 4.449613387290832 -6.048500061035156 0.3753577768802643 0.3753577768802643 1.8600000143051147 0.0 Pedestrian 
8.674284141353354 12.24296779781912 -6.178305923938751 0.3753577768802643 0.3753577768802643 1.2999999523162842 0.0 Pedestrian 
6.639045181110802 -12.035399815958158 -5.896416187286377 0.3753577768802643 0.3753577768802643 1.8600000143051147 0.0 Pedestrian 
10.539255237522024 11.63160645499454 -6.328499913215637 0.3753577768802643 0.3753577768802643 1.2999999523162842 0.0 Pedestrian 
8.103097165252905 12.796273406713112 -6.278580129146576 0.5 0.5 1.100000023841858 0.0 Pedestrian 
9.116521543648844 -12.215089316763056 -5.8964842557907104 0.3753577768802643 0.3753577768802643 1.8600000143051147 0.0 Pedestrian 
22.074450466227212 20.527728427562693 -6.961410962045193 3.987684965133667 1.8508483171463013 1.6171096563339233 0.0 Vehicle 
29.32994787036572 7.301965294660988 -7.005224819295108 4.1928300857543945 1.8161858320236206 1.4738311767578125 0.0 Vehicle 
32.8062214294416 7.498592950967634 -6.998402690980583 4.791779518127441 2.163450002670288 1.488319993019104 0.0 Vehicle 
