10.327696340827888 2.765762078489985 -6.428500056266785 0.5 0.5 1.100000023841858 0.0 Pedestrian 
9.618545863561103 12.851387872615192 -5.896243572235107 0.3753577768802643 0.3753577768802643 1.8600000143051147 0.0 Pedestrian 
10.402483573059499 -10.060231715652321 -6.048500180244446 0.3753577768802643 0.3753577768802643 1.8600000143051147 0.0 Pedestrian 
10.019623746146802 -3.045976778473346 -6.048500180244446 0.3753577768802643 0.3753577768802643 1.8600000143051147 0.0 Pedestrian 
12.319544216779114 13.891189110207051 -6.176895380020142 0.3753577768802643 0.3753577768802643 1.2999999523162842 0.0 Pedestrian 
13.967375007056006 -45.25100731036855 -6.176112174987793 0.3753577768802643 0.3753577768802643 1.2999999523162842 0.0 Pedestrian 
9.950019820313496 5.1601282070251955 -6.328499972820282 0.3753577768802643 0.3753577768802643 1.2999999523162842 0.0 Pedestrian 
28.427159496649885 15.04081762885346 -6.328499913215637 0.3753577768802643 0.3753577768802643 1.2999999523162842 0.0 Pedestrian 
7.080858885206553 -12.852593737722259 -6.177496254444122 0.3753577768802643 0.3753577768802643 1.2999999523162842 0.0 Pedestrian 
10.321320702139044 10.379343211116634 -6.048500239849091 0.3753577768802643 0.3753577768802643 1.8600000143051147 0.0 Pedestrian 
11.049907112681087 -2.426224018614448 -6.428500056266785 0.5 0.5 1.100000023841858 0.0 Pedestrian 
33.12203974230626 -22.664342665432628 -6.998319988255389 4.791779518127441 2.163450002670288 1.488319993019104 0.0 Vehicle 
22.491077330883947 -5.808896573410266 -6.961412183940411 3.987684965133667 1.8508483171463013 1.6171096563339233 0.0 Vehicle 
29.616726413381983 -22.580715655595895 -7.054859675467014 2.2094459533691406 0.8670341968536377 1.2511454820632935 0.0 Vehicle 
29.068035344230026 33.723331522653325 -7.005206699483097 4.1928300857543945 1.8161858320236206 1.4738311767578125 0.0 Vehicle 
32.52937024408082 36.24922019996768 -6.998325023683719 4.791779518127441 2.163450002670288 1.488319993019104 0.0 Vehicle 
