10.086852425837662 -2.4121003358515054 -6.428500056266785 0.5 0.5 1.100000023841858 0.0 Pedestrian 
2.023905682374071 12.144459906047246 -5.896243572235107 0.3753577768802643 0.3753577768802643 1.8600000143051147 0.0 Pedestrian 
4.208640970409093 -12.002634579426058 -5.896057844161987 0.3753577768802643 0.3753577768802643 1.8600000143051147 0.0 Pedestrian 
10.154827124004932 -11.4556110389575 -5.8989444971084595 0.3753577768802643 0.3753577768802643 1.8600000143051147 0.0 Pedestrian 
17.550958451163375 15.311673450839635 -6.3285000920295715 0.3753577768802643 0.3753577768802643 1.2999999523162842 0.0 Pedestrian 
-2.1867071425975126 -13.06061809780931 -5.896100163459778 0.3753577768802643 0.3753577768802643 1.8600000143051147 0.0 Pedestrian 
-0.6936898619847369 -12.48994590941902 -5.896100044250488 0.3753577768802643 0.3753577768802643 1.8600000143051147 0.0 Pedestrian 
10.414826276557843 -0.17396661974566996 -6.328499972820282 0.3753577768802643 0.3753577768802643 1.2999999523162842 0.0 Pedestrian 
34.33358924262401 15.673050589746595 -6.328499913215637 0.3753577768802643 0.3753577768802643 1.2999999523162842 0.0 Pedestrian 
10.431661168832036 -9.744566100764814 -6.3285000920295715 0.3753577768802643 0.3753577768802643 1.2999999523162842 0.0 Pedestrian 
-0.4096964208090341 13.141493757956823 -5.897550463676453 0.3753577768802643 0.3753577768802643 1.8600000143051147 0.0 Pedestrian 
-1.4787956955829173 12.820052322642937 -6.178305923938751 0.3753577768802643 0.3753577768802643 1.2999999523162842 0.0 Pedestrian 
11.56925510795281 1.569426040061444 -6.048500239849091 0.3753577768802643 0.3753577768802643 1.8600000143051147 0.0 Pedestrian 
-1.413966578414545 13.899527679826178 -6.176099956035614 0.3753577768802643 0.3753577768802643 1.2999999523162842 0.0 Pedestrian 
10.974673163537037 2.7327766527673703 -6.428500056266785 0.5 0.5 1.100000023841858 0.0 Pedestrian 
33.12204540037419 -22.66450469130666 -6.998190021608025 4.791779518127441 2.163450002670288 1.488319993019104 0.0 Vehicle 
22.34209687908751 2.9012589869834358 -6.961428701877594 3.987684965133667 1.8508483171463013 1.6171096563339233 0.0 Vehicle 
29.61758737329464 -22.663520704948155 -7.054955288767815 2.2094459533691406 0.8670341968536377 1.2511454820632935 0.0 Vehicle 
29.15391182333329 25.018449989523447 -7.0052073476836085 4.1928300857543945 1.8161858320236206 1.4738311767578125 0.0 Vehicle 
32.61106211650373 27.63749965324166 -6.998325252556242 4.791779518127441 2.163450002670288 1.488319993019104 0.0 Vehicle 
