10.101271654327565 -2.1481950535153373 -6.428500056266785 0.5 0.5 1.100000023841858 0.0 Pedestrian 
2.427155369009853 12.136033667058314 -5.896243572235107 0.3753577768802643 0.3753577768802643 1.8600000143051147 0.0 Pedestrian 
4.721796291284491 -12.131028909738006 -5.896057844161987 0.3753577768802643 0.3753577768802643 1.8600000143051147 0.0 Pedestrian 
10.126805517772404 -11.036182711993547 -6.048500180244446 0.3753577768802643 0.3753577768802643 1.8600000143051147 0.0 Pedestrian 
17.23487381539121 15.216929182521085 -6.3285000920295715 0.3753577768802643 0.3753577768802643 1.2999999523162842 0.0 Pedestrian 
-2.698237003450288 -13.046977317767869 -5.896100163459778 0.3753577768802643 0.3753577768802643 1.8600000143051147 0.0 Pedestrian 
-1.1865587815033507 -12.493452251098802 -5.896100044250488 0.3753577768802643 0.3753577768802643 1.8600000143051147 0.0 Pedestrian 
10.377820055808165 0.14204015898917532 -6.328499972820282 0.3753577768802643 0.3753577768802643 1.2999999523162842 0.0 Pedestrian 
34.005539455708735 15.63674983955434 -6.328499913215637 0.3753577768802643 0.3753577768802643 1.2999999523162842 0.0 Pedestrian 
10.606803669289576 -10.088285831834014 -6.3285000920295715 0.3753577768802643 0.3753577768802643 1.2999999523162842 0.0 Pedestrian 
-0.888270471149859 13.233188841907236 -5.897550463676453 0.3753577768802643 0.3753577768802643 1.8600000143051147 0.0 Pedestrian 
-1.729121617143484 12.79310450596904 -6.178305923938751 0.3753577768802643 0.3753577768802643 1.2999999523162842 0.0 Pedestrian 
11.579831489048244 2.094217295517808 -6.048500239849091 0.3753577768802643 0.3753577768802643 1.8600000143051147 0.0 Pedestrian 
-1.6771009448904266 13.9521116100359 -6.176099956035614 0.3753577768802643 0.3753577768802643 1.2999999523162842 0.0 Pedestrian 
10.951666282782746 2.5364034327994034 -6.428500056266785 0.5 0.5 1.100000023841858 0.0 Pedestrian 
33.12204280431949 -22.66443035002328 -6.998249721596949 4.791779518127441 2.163450002670288 1.488319993019104 0.0 Vehicle 
22.350642333815323 2.421324315732363 -6.961425952613354 3.987684965133667 1.8508483171463013 1.6171096563339233 0.0 Vehicle 
29.61668479132264 -22.57602598836388 -7.055092751979828 2.2094459533691406 0.8670341968536377 1.2511454820632935 0.0 Vehicle 
29.149174122647267 25.50127340146412 -7.005207309499383 4.1928300857543945 1.8161858320236206 1.4738311767578125 0.0 Vehicle 
32.60647205211468 28.11565809367289 -6.9983249474316835 4.791779518127441 2.163450002670288 1.488319993019104 0.0 Vehicle 
