10.568548116658839 -10.657727341152281 -6.430398225784302 0.5 0.5 1.100000023841858 0.0 Pedestrian 
10.497335376311337 -2.9039837799325596 -6.048500061035156 0.3753577768802643 0.3753577768802643 1.8600000143051147 0.0 Pedestrian 
10.248583065420732 11.945481571906384 -5.935150384902954 0.3753577768802643 0.3753577768802643 1.8600000143051147 0.0 Pedestrian 
34.03158844487366 17.00389304913699 -6.3285000920295715 0.3753577768802643 0.3753577768802643 1.2999999523162842 0.0 Pedestrian 
10.850901597237229 5.403126125544873 -6.0484729409217834 0.3753577768802643 0.3753577768802643 1.8600000143051147 0.0 Pedestrian 
10.618174867053884 6.211848275734866 -6.048500061035156 0.3753577768802643 0.3753577768802643 1.8600000143051147 0.0 Pedestrian 
11.014010598565768 -2.0672303046650313 -6.048500061035156 0.3753577768802643 0.3753577768802643 1.8600000143051147 0.0 Pedestrian 
7.401287657253846 -12.257897791204414 -6.176051557064056 0.3753577768802643 0.3753577768802643 1.2999999523162842 0.0 Pedestrian 
10.684388955339315 4.506790325112597 -6.328500211238861 0.3753577768802643 0.3753577768802643 1.2999999523162842 0.0 Pedestrian 
10.522599806340217 -3.7822386360440987 -6.048500061035156 0.3753577768802643 0.3753577768802643 1.8600000143051147 0.0 Pedestrian 
9.911730772585942 7.370184804755297 -6.3285000920295715 0.3753577768802643 0.3753577768802643 1.2999999523162842 0.0 Pedestrian 
10.042457825227892 4.819827524092034 -6.328499913215637 0.3753577768802643 0.3753577768802643 1.2999999523162842 0.0 Pedestrian 
2.3453865165590315 13.002403969188777 -6.278580129146576 0.5 0.5 1.100000023841858 0.0 Pedestrian 
11.77468247609638 -3.2197548649385226 -6.048500061035156 0.3753577768802643 0.3753577768802643 1.8600000143051147 0.0 Pedestrian 
22.108839299342605 32.34304063724119 -6.96141092479229 3.987684965133667 1.8508483171463013 1.6171096563339233 0.0 Vehicle 
29.412450688313942 -1.0474724352575322 -7.0052068517543375 4.1928300857543945 1.8161858320236206 1.4738311767578125 0.0 Vehicle 
32.908435854719364 -2.5433413535027967 -6.99832551961299 4.791779518127441 2.163450002670288 1.488319993019104 0.0 Vehicle 
