10.179730588695861 0.4625593218203221 -6.428500056266785 0.5 0.5 1.100000023841858 0.0 Pedestrian 
7.03877412445237 12.20033393008066 -5.896243572235107 0.3753577768802643 0.3753577768802643 1.8600000143051147 0.0 Pedestrian 
8.346192643668019 -11.822674598931258 -5.896057844161987 0.3753577768802643 0.3753577768802643 1.8600000143051147 0.0 Pedestrian 
10.041533232413926 -6.494768988737974 -6.048500180244446 0.3753577768802643 0.3753577768802643 1.8600000143051147 0.0 Pedestrian 
14.118415259472428 14.284690045097136 -6.3285000920295715 0.3753577768802643 0.3753577768802643 1.2999999523162842 0.0 Pedestrian 
14.04942674151684 -47.559562904308905 -6.176112174987793 0.3753577768802643 0.3753577768802643 1.2999999523162842 0.0 Pedestrian 
9.972705602037635 3.0576072752572543 -6.328499972820282 0.3753577768802643 0.3753577768802643 1.2999999523162842 0.0 Pedestrian 
30.724129053948936 15.286320005265793 -6.328499913215637 0.3753577768802643 0.3753577768802643 1.2999999523162842 0.0 Pedestrian 
9.017180323213495 -12.482467327136533 -6.177496254444122 0.3753577768802643 0.3753577768802643 1.2999999523162842 0.0 Pedestrian 
11.101107756631437 6.762655072368204 -6.048500239849091 0.3753577768802643 0.3753577768802643 1.8600000143051147 0.0 Pedestrian 
11.05076050568126 -0.33538719730916 -6.428500056266785 0.5 0.5 1.100000023841858 0.0 Pedestrian 
33.12203974230626 -22.664342665432628 -6.998319988255389 4.791779518127441 2.163450002670288 1.488319993019104 0.0 Vehicle 
22.43525562692084 -2.4103335264921952 -6.961414508521557 3.987684965133667 1.8508483171463013 1.6171096563339233 0.0 Vehicle 
29.616725880857942 -22.58070040610187 -7.054860360920429 2.2094459533691406 0.8670341968536377 1.2511454820632935 0.0 Vehicle 
29.10152117779495 30.335660467801176 -7.005206775385886 4.1928300857543945 1.8161858320236206 1.4738311767578125 0.0 Vehicle 
32.560582754326845 32.89910369268989 -6.9983249474316835 4.791779518127441 2.163450002670288 1.488319993019104 0.0 Vehicle 
