10.192479130830414 -9.278276539150852 -6.426122426986694 0.5 0.5 1.100000023841858 0.0 Pedestrian 
2.870673337066492 -12.972115002462147 -5.896100163459778 0.3753577768802643 0.3753577768802643 1.8600000143051147 0.0 Pedestrian 
11.060320452291954 -7.737160886312495 -6.048500061035156 0.3753577768802643 0.3753577768802643 1.8600000143051147 0.0 Pedestrian 
24.024255129574833 14.989208350818899 -6.3285000920295715 0.3753577768802643 0.3753577768802643 1.2999999523162842 0.0 Pedestrian 
9.691352808930347 -11.894690525335704 -5.896100163459778 0.3753577768802643 0.3753577768802643 1.8600000143051147 0.0 Pedestrian 
10.825434264482759 -11.40407864313454 -6.048500061035156 0.3753577768802643 0.3753577768802643 1.8600000143051147 0.0 Pedestrian 
4.739298067830205 -12.8962956736234 -5.89673912525177 0.3753577768802643 0.3753577768802643 1.8600000143051147 0.0 Pedestrian 
10.234997683646867 -6.916758210264675 -6.328499972820282 0.3753577768802643 0.3753577768802643 1.2999999523162842 0.0 Pedestrian 
38.413766116472026 19.22521866516388 -6.1769187450408936 0.3753577768802643 0.3753577768802643 1.2999999523162842 0.0 Pedestrian 
10.179867744164682 -6.060769403146878 -6.3285000920295715 0.3753577768802643 0.3753577768802643 1.2999999523162842 0.0 Pedestrian 
10.350087798787825 12.1898173367764 -5.897550463676453 0.3753577768802643 0.3753577768802643 1.8600000143051147 0.0 Pedestrian 
4.40927640619617 12.40879358281154 -6.178305923938751 0.3753577768802643 0.3753577768802643 1.2999999523162842 0.0 Pedestrian 
10.360047309407193 -10.138315539483642 -6.048500239849091 0.3753577768802643 0.3753577768802643 1.8600000143051147 0.0 Pedestrian 
6.213379126664634 12.506447074269431 -6.176099956035614 0.3753577768802643 0.3753577768802643 1.2999999523162842 0.0 Pedestrian 
10.987809253038957 9.59348888127829 -6.428500056266785 0.5 0.5 1.100000023841858 0.0 Pedestrian 
1.8664222596180196 -12.010008075274868 -5.896100163459778 0.3753577768802643 0.3753577768802643 1.8600000143051147 0.0 Pedestrian 
33.21215897568254 -31.8256320132964 -6.99832632066682 4.791779518127441 2.163450002670288 1.488319993019104 0.0 Vehicle 
22.152239778999245 13.596948446835995 -6.9615864008665085 3.987684965133667 1.8508483171463013 1.6171096563339233 0.0 Vehicle 
29.73314673543669 -34.17103745381087 -7.054104916751385 2.2094459533691406 0.8670341968536377 1.2511454820632935 0.0 Vehicle 
29.270744482385993 13.23399928130084 -7.005239276681095 4.1928300857543945 1.8161858320236206 1.4738311767578125 0.0 Vehicle 
32.72548990582814 15.718607680092305 -6.998331394279376 4.791779518127441 2.163450002670288 1.488319993019104 0.0 Vehicle 
