10.109732899731469 -9.566163135052761 -6.430398225784302 0.5 0.5 1.100000023841858 0.0 Pedestrian 
10.879875221214942 -0.9753406164259104 -6.048500061035156 0.3753577768802643 0.3753577768802643 1.8600000143051147 0.0 Pedestrian 
8.712919559787174 12.523021648608506 -5.894415020942688 0.3753577768802643 0.3753577768802643 1.8600000143051147 0.0 Pedestrian 
35.659846028271794 17.270823844172355 -6.3285000920295715 0.3753577768802643 0.3753577768802643 1.2999999523162842 0.0 Pedestrian 
10.520391900120103 7.340927866553216 -6.048500061035156 0.3753577768802643 0.3753577768802643 1.8600000143051147 0.0 Pedestrian 
10.377462894203429 8.240854909841232 -6.048500061035156 0.3753577768802643 0.3753577768802643 1.8600000143051147 0.0 Pedestrian 
10.875079416012518 0.3096981918217807 -6.048500061035156 0.3753577768802643 0.3753577768802643 1.8600000143051147 0.0 Pedestrian 
6.104088767434817 -12.328536276658838 -6.176051557064056 0.3753577768802643 0.3753577768802643 1.2999999523162842 0.0 Pedestrian 
10.658679837328602 6.211447507615475 -6.3285000920295715 0.3753577768802643 0.3753577768802643 1.2999999523162842 0.0 Pedestrian 
10.702562927285385 -5.7077063535700745 -6.048500061035156 0.3753577768802643 0.3753577768802643 1.8600000143051147 0.0 Pedestrian 
9.917033682995484 6.816086067608012 -6.3285000920295715 0.3753577768802643 0.3753577768802643 1.2999999523162842 0.0 Pedestrian 
10.160245455889731 3.2783493659748615 -6.328499913215637 0.3753577768802643 0.3753577768802643 1.2999999523162842 0.0 Pedestrian 
0.7825593628347178 13.029969261581186 -6.278580129146576 0.5 0.5 1.100000023841858 0.0 Pedestrian 
12.011916024054944 -0.7725710504926155 -6.048500061035156 0.3753577768802643 0.3753577768802643 1.8600000143051147 0.0 Pedestrian 
22.13204099931879 34.8030115279995 -6.961410887539387 3.987684965133667 1.8508483171463013 1.6171096563339233 0.0 Vehicle 
-2.4261687758774926 6.889683810949009 -7.007531413808465 5.357479572296143 2.033203125 1.4106584787368774 0.0 Vehicle 
29.435982758152385 -3.4562353809627666 -7.005207157228142 4.1928300857543945 1.8161858320236206 1.4738311767578125 0.0 Vehicle 
32.932998122589325 -4.924766593029631 -6.998326129978523 4.791779518127441 2.163450002670288 1.488319993019104 0.0 Vehicle 
