10.052776259696614 -3.5694874238690772 -6.428500056266785 0.5 0.5 1.100000023841858 0.0 Pedestrian 
-0.03769523086342019 12.144796933576686 -5.896243572235107 0.3753577768802643 0.3753577768802643 1.8600000143051147 0.0 Pedestrian 
2.2085296758584434 -11.82318071674456 -5.896057844161987 0.3753577768802643 0.3753577768802643 1.8600000143051147 0.0 Pedestrian 
8.828497835734296 -12.248570484644688 -5.896100163459778 0.3753577768802643 0.3753577768802643 1.8600000143051147 0.0 Pedestrian 
18.81564785375894 15.68978486121216 -6.3285000920295715 0.3753577768802643 0.3753577768802643 1.2999999523162842 0.0 Pedestrian 
-0.13755791362703462 -13.081269955378048 -5.896100163459778 0.3753577768802643 0.3753577768802643 1.8600000143051147 0.0 Pedestrian 
1.355395096344182 -12.564721574015948 -5.896100044250488 0.3753577768802643 0.3753577768802643 1.8600000143051147 0.0 Pedestrian 
10.557724472994092 -1.4813757321779804 -6.328499972820282 0.3753577768802643 0.3753577768802643 1.2999999523162842 0.0 Pedestrian 
35.635049785479445 15.786483579767605 -6.328499913215637 0.3753577768802643 0.3753577768802643 1.2999999523162842 0.0 Pedestrian 
10.515146037087476 -9.060722550922264 -6.3285000920295715 0.3753577768802643 0.3753577768802643 1.2999999523162842 0.0 Pedestrian 
1.2518036541447017 12.896765564801171 -5.897550463676453 0.3753577768802643 0.3753577768802643 1.8600000143051147 0.0 Pedestrian 
-0.41196725666888767 12.92582616258619 -6.178305923938751 0.3753577768802643 0.3753577768802643 1.2999999523162842 0.0 Pedestrian 
11.502580786459482 -0.4982325816396269 -6.048500239849091 0.3753577768802643 0.3753577768802643 1.8600000143051147 0.0 Pedestrian 
-0.38190150818298463 13.653279328078838 -6.176099956035614 0.3753577768802643 0.3753577768802643 1.2999999523162842 0.0 Pedestrian 
11.036854067326736 3.5724134198697186 -6.428500056266785 0.5 0.5 1.100000023841858 0.0 Pedestrian 
33.122416482284635 -22.700927121532914 -6.997780666453764 4.791779518127441 2.163450002670288 1.488319993019104 0.0 Vehicle 
22.30814513336733 4.80959980741029 -6.961437053978443 3.987684965133667 1.8508483171463013 1.6171096563339233 0.0 Vehicle 
29.63529974952806 -24.426435296794466 -7.054857425391674 2.2094459533691406 0.8670341968536377 1.2511454820632935 0.0 Vehicle 
29.1728211011889 23.089219900875946 -7.005208148621023 4.1928300857543945 1.8161858320236206 1.4738311767578125 0.0 Vehicle 
32.629391548237706 25.72531140669298 -6.998325290740468 4.791779518127441 2.163450002670288 1.488319993019104 0.0 Vehicle 
