10.110930071245662 -1.875189245894262 -6.428500056266785 0.5 0.5 1.100000023841858 0.0 Pedestrian 
2.843999210431825 12.132695018137042 -5.896243572235107 0.3753577768802643 0.3753577768802643 1.8600000143051147 0.0 Pedestrian 
5.242558956055461 -11.945171219820963 -5.896057844161987 0.3753577768802643 0.3753577768802643 1.8600000143051147 0.0 Pedestrian 
10.10363633586536 -10.631976123798268 -6.048500180244446 0.3753577768802643 0.3753577768802643 1.8600000143051147 0.0 Pedestrian 
16.91877469562833 15.12216246053083 -6.3285000920295715 0.3753577768802643 0.3753577768802643 1.2999999523162842 0.0 Pedestrian 
-1.6770338835755467 -12.435216725174541 -5.896100044250488 0.3753577768802643 0.3753577768802643 1.8600000143051147 0.0 Pedestrian 
10.331897946190091 0.4282965631059028 -6.328499972820282 0.3753577768802643 0.3753577768802643 1.2999999523162842 0.0 Pedestrian 
33.67732637493869 15.602064667340755 -6.328499913215637 0.3753577768802643 0.3753577768802643 1.2999999523162842 0.0 Pedestrian 
10.73092948922664 -10.521027063309589 -6.3285000920295715 0.3753577768802643 0.3753577768802643 1.2999999523162842 0.0 Pedestrian 
-1.3271841244160356 13.279587665922463 -5.897550463676453 0.3753577768802643 0.3753577768802643 1.8600000143051147 0.0 Pedestrian 
-1.9804951241733164 12.763801265610823 -6.178305923938751 0.3753577768802643 0.3753577768802643 1.2999999523162842 0.0 Pedestrian 
11.563975243202242 2.598561194469596 -6.048500239849091 0.3753577768802643 0.3753577768802643 1.8600000143051147 0.0 Pedestrian 
-1.941411912771187 14.005160207908148 -6.176099956035614 0.3753577768802643 0.3753577768802643 1.2999999523162842 0.0 Pedestrian 
10.936195482965788 2.3148534004380394 -6.428500056266785 0.5 0.5 1.100000023841858 0.0 Pedestrian 
33.122041406443884 -22.66439032010146 -6.998282451648265 4.791779518127441 2.163450002670288 1.488319993019104 0.0 Vehicle 
22.359247880058554 1.9405432903808446 -6.961423970758915 3.987684965133667 1.8508483171463013 1.6171096563339233 0.0 Vehicle 
29.616708149821577 -22.577132109204854 -7.055052891373634 2.2094459533691406 0.8670341968536377 1.2511454820632935 0.0 Vehicle 
29.14441558096479 25.98425640056803 -7.005207157228142 4.1928300857543945 1.8161858320236206 1.4738311767578125 0.0 Vehicle 
32.60189597247506 28.593853284176475 -6.998325023683719 4.791779518127441 2.163450002670288 1.488319993019104 0.0 Vehicle 
