9.91696190298319 8.160409796111821 -6.0485000014305115 0.3753577768802643 0.3753577768802643 1.8600000143051147 0.0 Pedestrian 
10.64987685619802 30.623048174261157 -6.279619514942169 0.5 0.5 1.100000023841858 0.0 Pedestrian 
11.493241375646328 -0.974062395914757 -6.0485000014305115 0.3753577768802643 0.3753577768802643 1.8600000143051147 0.0 Pedestrian 
9.377008281946232 -12.166496279073158 -5.896100163459778 0.3753577768802643 0.3753577768802643 1.8600000143051147 0.0 Pedestrian 
10.400849070019778 -1.2121685941353917 -6.048500180244446 0.3753577768802643 0.3753577768802643 1.8600000143051147 0.0 Pedestrian 
10.235352690052657 -9.778916311219291 -6.0485000014305115 0.3753577768802643 0.3753577768802643 1.8600000143051147 0.0 Pedestrian 
-1.1227454019005663 12.993673963039555 -5.896100163459778 0.3753577768802643 0.3753577768802643 1.8600000143051147 0.0 Pedestrian 
37.616877744386315 23.21882149208568 -5.896100163459778 0.3753577768802643 0.3753577768802643 1.8600000143051147 0.0 Pedestrian 
-1.7542939506803776 -12.617873959402232 -5.8960617780685425 0.3753577768802643 0.3753577768802643 1.8600000143051147 0.0 Pedestrian 
10.313616961293334 -5.796272144718955 -6.3285000920295715 0.3753577768802643 0.3753577768802643 1.2999999523162842 0.0 Pedestrian 
13.076899579976285 -14.10179476613132 -6.176112174987793 0.3753577768802643 0.3753577768802643 1.2999999523162842 0.0 Pedestrian 
10.556971614326887 8.5652217456593 -6.328499913215637 0.3753577768802643 0.3753577768802643 1.2999999523162842 0.0 Pedestrian 
8.684895772094123 -12.261524585864095 -5.896100163459778 0.3753577768802643 0.3753577768802643 1.8600000143051147 0.0 Pedestrian 
3.169384012003647 -12.714756790947149 -5.896167874336243 0.3753577768802643 0.3753577768802643 1.8600000143051147 0.0 Pedestrian 
7.482164513431442 -11.774382500769548 -5.8963717222213745 0.3753577768802643 0.3753577768802643 1.8600000143051147 0.0 Pedestrian 
32.78731260880819 9.590456127923403 -6.998379917233251 4.791779518127441 2.163450002670288 1.488319993019104 0.0 Vehicle 
29.298861675977832 11.26756940853602 -7.054855611175299 2.2094459533691406 0.8670341968536377 1.2511454820632935 0.0 Vehicle 
18.51684989386615 14.086099632348692 -6.9999134826648515 5.006059646606445 2.097083806991577 1.5347249507904053 0.0 Vehicle 
