5.181427332874154 12.14477508362279 -5.896100044250488 0.3753577768802643 0.3753577768802643 1.8600000143051147 0.0 Pedestrian 
12.230614975499577 22.76350174628419 -6.276100039482117 0.5 0.5 1.100000023841858 0.0 Pedestrian 
7.550091571306311 -12.426259550819054 -5.896100163459778 0.3753577768802643 0.3753577768802643 1.8600000143051147 0.0 Pedestrian 
11.569583117177546 0.8582935112365817 -6.048500061035156 0.3753577768802643 0.3753577768802643 1.8600000143051147 0.0 Pedestrian 
10.007864190057212 12.525735746384385 -5.89617383480072 0.3753577768802643 0.3753577768802643 1.8600000143051147 0.0 Pedestrian 
9.956453042211152 2.4907411296715054 -6.0485000014305115 0.3753577768802643 0.3753577768802643 1.8600000143051147 0.0 Pedestrian 
9.623527298275807 12.202873637790049 -5.896101474761963 0.3753577768802643 0.3753577768802643 1.8600000143051147 0.0 Pedestrian 
27.498320992248487 16.04654711758394 -6.0485000014305115 0.3753577768802643 0.3753577768802643 1.8600000143051147 0.0 Pedestrian 
10.738305172103146 2.5256108957462686 -6.3285000920295715 0.3753577768802643 0.3753577768802643 1.2999999523162842 0.0 Pedestrian 
12.696282678169297 -23.27735069546702 -6.176112174987793 0.3753577768802643 0.3753577768802643 1.2999999523162842 0.0 Pedestrian 
-0.0343766283727831 13.208837240881167 -6.176175236701965 0.3753577768802643 0.3753577768802643 1.2999999523162842 0.0 Pedestrian 
8.851848499782527 13.226378736823449 -6.176100015640259 0.3753577768802643 0.3753577768802643 1.2999999523162842 0.0 Pedestrian 
-0.12437062528799459 -13.20181860233697 -6.277773976325989 0.5 0.5 1.100000023841858 0.0 Pedestrian 
32.91251721200025 -2.6886354994629755 -6.998324832995422 4.791779518127441 2.163450002670288 1.488319993019104 0.0 Vehicle 
22.807012127704212 -38.93471624693939 -6.9614108465611935 3.987684965133667 1.8508483171463013 1.6171096563339233 0.0 Vehicle 
29.41677216267444 -1.2009542978020136 -7.054857596755028 2.2094459533691406 0.8670341968536377 1.2511454820632935 0.0 Vehicle 
18.442077535489915 28.382478662623726 -6.999428558337968 5.006059646606445 2.097083806991577 1.5347249507904053 0.0 Vehicle 
