12.384838492812456 14.918431398004714 -6.278620898723602 0.5 0.5 1.100000023841858 0.0 Pedestrian 
10.583720894779567 -4.121168564567711 -6.048500061035156 0.3753577768802643 0.3753577768802643 1.8600000143051147 0.0 Pedestrian 
9.927273432413564 11.441593321799587 -6.048500061035156 0.3753577768802643 0.3753577768802643 1.8600000143051147 0.0 Pedestrian 
0.1662199176784469 12.169874989698883 -5.89617383480072 0.3753577768802643 0.3753577768802643 1.8600000143051147 0.0 Pedestrian 
9.519577557433685 12.87545064740084 -5.896100163459778 0.3753577768802643 0.3753577768802643 1.8600000143051147 0.0 Pedestrian 
9.898165923527586 8.416211536747028 -6.048500180244446 0.3753577768802643 0.3753577768802643 1.8600000143051147 0.0 Pedestrian 
13.504502563953679 13.52780501524046 -6.0485000014305115 0.3753577768802643 0.3753577768802643 1.8600000143051147 0.0 Pedestrian 
10.351488444974564 10.516250726855219 -6.3285000920295715 0.3753577768802643 0.3753577768802643 1.2999999523162842 0.0 Pedestrian 
13.532297112793088 -32.48813741183619 -6.176112174987793 0.3753577768802643 0.3753577768802643 1.2999999523162842 0.0 Pedestrian 
7.182448460643453 12.161375231495299 -6.176175236701965 0.3753577768802643 0.3753577768802643 1.2999999523162842 0.0 Pedestrian 
16.018361545839902 13.681313349590027 -6.328499913215637 0.3753577768802643 0.3753577768802643 1.2999999523162842 0.0 Pedestrian 
7.567870085721637 -12.29440375085585 -6.277773976325989 0.5 0.5 1.100000023841858 0.0 Pedestrian 
33.05030723592277 -15.830930494940503 -6.998365840991028 4.791779518127441 2.163450002670288 1.488319993019104 0.0 Vehicle 
22.710236535114873 -25.280997091081872 -6.961410887539387 3.987684965133667 1.8508483171463013 1.6171096563339233 0.0 Vehicle 
29.53776677325598 -14.067785391750135 -7.054855175316334 2.2094459533691406 0.8670341968536377 1.2511454820632935 0.0 Vehicle 
18.577717689732424 41.2726704029094 -6.999912033083092 5.006059646606445 2.097083806991577 1.5347249507904053 0.0 Vehicle 
