1.9471687666682556 12.14444543001889 -5.896100044250488 0.3753577768802643 0.3753577768802643 1.8600000143051147 0.0 Pedestrian 
12.266376329158945 20.659057629254335 -6.276100039482117 0.5 0.5 1.100000023841858 0.0 Pedestrian 
8.836509475319332 -12.044707906155622 -5.896100163459778 0.3753577768802643 0.3753577768802643 1.8600000143051147 0.0 Pedestrian 
11.518686724138066 3.9645356628762585 -6.048500061035156 0.3753577768802643 0.3753577768802643 1.8600000143051147 0.0 Pedestrian 
8.13263720610102 12.25510025517508 -5.89617383480072 0.3753577768802643 0.3753577768802643 1.8600000143051147 0.0 Pedestrian 
10.258128686907419 5.833919808454681 -6.0485000014305115 0.3753577768802643 0.3753577768802643 1.8600000143051147 0.0 Pedestrian 
10.282488118063117 10.823726634800323 -6.048500239849091 0.3753577768802643 0.3753577768802643 1.8600000143051147 0.0 Pedestrian 
23.764194137253966 15.459646958126882 -6.0485000014305115 0.3753577768802643 0.3753577768802643 1.8600000143051147 0.0 Pedestrian 
10.770093510964019 4.747562585574563 -6.3285000920295715 0.3753577768802643 0.3753577768802643 1.2999999523162842 0.0 Pedestrian 
12.779096421372927 -25.58586631989806 -6.176112174987793 0.3753577768802643 0.3753577768802643 1.2999999523162842 0.0 Pedestrian 
1.9194162896423705 13.066403715624347 -6.176175236701965 0.3753577768802643 0.3753577768802643 1.2999999523162842 0.0 Pedestrian 
10.79914549265117 13.294448549468711 -6.176100015640259 0.3753577768802643 0.3753577768802643 1.2999999523162842 0.0 Pedestrian 
1.9771038139689097 -13.104025550627057 -6.277773976325989 0.5 0.5 1.100000023841858 0.0 Pedestrian 
32.9468461307623 -6.019126265968339 -6.998326282482594 4.791779518127441 2.163450002670288 1.488319993019104 0.0 Vehicle 
22.78350396188216 -35.519718048928894 -6.9614108465611935 3.987684965133667 1.8508483171463013 1.6171096563339233 0.0 Vehicle 
29.447256432245844 -4.424409257575803 -7.054857671260834 2.2094459533691406 0.8670341968536377 1.2511454820632935 0.0 Vehicle 
18.467844377203775 31.607146000955368 -6.999913749699772 5.006059646606445 2.097083806991577 1.5347249507904053 0.0 Vehicle 
