10.610322975786502 4.985123586076838 -6.428500056266785 0.5 0.5 1.100000023841858 0.0 Pedestrian 
9.847820240007419 9.857048907326316 -6.048500061035156 0.3753577768802643 0.3753577768802643 1.8600000143051147 0.0 Pedestrian 
10.431804098639624 -6.7296486373840025 -6.048500180244446 0.3753577768802643 0.3753577768802643 1.8600000143051147 0.0 Pedestrian 
9.977700303310957 0.4377212382204334 -6.048500180244446 0.3753577768802643 0.3753577768802643 1.8600000143051147 0.0 Pedestrian 
10.75069716497709 13.849795790100416 -6.179500043392181 0.3753577768802643 0.3753577768802643 1.2999999523162842 0.0 Pedestrian 
13.885323272595173 -42.942451716428195 -6.176112174987793 0.3753577768802643 0.3753577768802643 1.2999999523162842 0.0 Pedestrian 
10.045284338008072 7.3368534782816255 -6.328499972820282 0.3753577768802643 0.3753577768802643 1.2999999523162842 0.0 Pedestrian 
26.13017468985681 14.795314719917087 -6.328499913215637 0.3753577768802643 0.3753577768802643 1.2999999523162842 0.0 Pedestrian 
5.572485093676448 -12.982201306620937 -6.177496254444122 0.3753577768802643 0.3753577768802643 1.2999999523162842 0.0 Pedestrian 
9.231391824564323 12.16279575186536 -5.898186564445496 0.3753577768802643 0.3753577768802643 1.8600000143051147 0.0 Pedestrian 
11.096406518687935 -4.6108108595326485 -6.428500056266785 0.5 0.5 1.100000023841858 0.0 Pedestrian 
33.12203974230626 -22.664342665432628 -6.998319988255389 4.791779518127441 2.163450002670288 1.488319993019104 0.0 Vehicle 
22.542000137027912 -9.212330879736669 -6.9614113047719 3.987684965133667 1.8508483171463013 1.6171096563339233 0.0 Vehicle 
29.616726413381983 -22.580715655595895 -7.054859675467014 2.2094459533691406 0.8670341968536377 1.2511454820632935 0.0 Vehicle 
29.03449359564081 37.11260377437827 -7.005206699483097 4.1928300857543945 1.8161858320236206 1.4738311767578125 0.0 Vehicle 
