-2.333122752790672 12.242076951916943 -5.896100044250488 0.3753577768802643 0.3753577768802643 1.8600000143051147 0.0 Pedestrian 
12.211584519627756 17.68929949001813 -6.276100039482117 0.5 0.5 1.100000023841858 0.0 Pedestrian 
10.480768854252894 -9.173276072957265 -6.048500061035156 0.3753577768802643 0.3753577768802643 1.8600000143051147 0.0 Pedestrian 
11.07084735289164 8.037126815185957 -6.048500061035156 0.3753577768802643 0.3753577768802643 1.8600000143051147 0.0 Pedestrian 
4.39056418444185 12.364886592449238 -5.89617383480072 0.3753577768802643 0.3753577768802643 1.8600000143051147 0.0 Pedestrian 
10.218049835419812 8.755433268332808 -6.048500061035156 0.3753577768802643 0.3753577768802643 1.8600000143051147 0.0 Pedestrian 
9.609975695431611 8.40280161530518 -6.048500180244446 0.3753577768802643 0.3753577768802643 1.8600000143051147 0.0 Pedestrian 
18.67789612616808 14.736729685420528 -6.0485000014305115 0.3753577768802643 0.3753577768802643 1.8600000143051147 0.0 Pedestrian 
10.785484501576901 7.463120065443775 -6.3285000920295715 0.3753577768802643 0.3753577768802643 1.2999999523162842 0.0 Pedestrian 
12.88095629773207 -28.89056662924156 -6.176112174987793 0.3753577768802643 0.3753577768802643 1.2999999523162842 0.0 Pedestrian 
4.818005766027525 12.62470666731133 -6.176175236701965 0.3753577768802643 0.3753577768802643 1.2999999523162842 0.0 Pedestrian 
13.493271612128908 13.4060754006465 -6.328499913215637 0.3753577768802643 0.3753577768802643 1.2999999523162842 0.0 Pedestrian 
4.710752156696884 -12.882022520073065 -6.277773976325989 0.5 0.5 1.100000023841858 0.0 Pedestrian 
32.99683290643895 -10.75201545266441 -6.998332958202809 4.791779518127441 2.163450002670288 1.488319993019104 0.0 Vehicle 
22.74985269143923 -30.642944485418525 -6.9614107348024845 3.987684965133667 1.8508483171463013 1.6171096563339233 0.0 Vehicle 
29.490671354377206 -9.025506671211474 -7.0548574812710285 2.2094459533691406 0.8670341968536377 1.2511454820632935 0.0 Vehicle 
18.521612277849215 36.21126304517577 -6.999912567138381 5.006059646606445 2.097083806991577 1.5347249507904053 0.0 Vehicle 
