9.951868452740268 11.583306533321434 -6.0485000014305115 0.3753577768802643 0.3753577768802643 1.8600000143051147 0.0 Pedestrian 
10.224641555460664 28.01775528808912 -6.279619514942169 0.5 0.5 1.100000023841858 0.0 Pedestrian 
11.068992847959251 -4.906158892419057 -6.0485000014305115 0.3753577768802643 0.3753577768802643 1.8600000143051147 0.0 Pedestrian 
10.78758199221452 -9.518705394013978 -6.048500061035156 0.3753577768802643 0.3753577768802643 1.8600000143051147 0.0 Pedestrian 
10.590772616052337 2.560939901064927 -6.048500180244446 0.3753577768802643 0.3753577768802643 1.8600000143051147 0.0 Pedestrian 
10.107848104836528 -6.309109224372264 -6.0485000014305115 0.3753577768802643 0.3753577768802643 1.8600000143051147 0.0 Pedestrian 
2.7466512689798606 12.794607353928427 -5.896100163459778 0.3753577768802643 0.3753577768802643 1.8600000143051147 0.0 Pedestrian 
37.73426105696234 18.5780946591301 -5.896100163459778 0.3753577768802643 0.3753577768802643 1.8600000143051147 0.0 Pedestrian 
10.523438646885737 -3.3292518661203303 -6.3285000920295715 0.3753577768802643 0.3753577768802643 1.2999999523162842 0.0 Pedestrian 
12.659223166885823 -16.371773085296013 -6.176112174987793 0.3753577768802643 0.3753577768802643 1.2999999523162842 0.0 Pedestrian 
10.39593462411704 11.012911678477849 -6.328499913215637 0.3753577768802643 0.3753577768802643 1.2999999523162842 0.0 Pedestrian 
4.675727165028746 -12.502077748456031 -5.896100163459778 0.3753577768802643 0.3753577768802643 1.8600000143051147 0.0 Pedestrian 
-1.0382763611677035 -12.45406595908355 -5.896167874336243 0.3753577768802643 0.3753577768802643 1.8600000143051147 0.0 Pedestrian 
3.7108807749760615 -12.456758558606225 -5.8963717222213745 0.3753577768802643 0.3753577768802643 1.8600000143051147 0.0 Pedestrian 
32.81993787186321 6.343729353461015 -6.998445224831812 4.791779518127441 2.163450002670288 1.488319993019104 0.0 Vehicle 
29.333294055192095 7.641615128137005 -7.054847735911608 2.2094459533691406 0.8670341968536377 1.2511454820632935 0.0 Vehicle 
18.473845724440743 17.777820082566905 -6.999914054875262 5.006059646606445 2.097083806991577 1.5347249507904053 0.0 Vehicle 
