8.16678263390548 12.155242693420519 -5.896100044250488 0.3753577768802643 0.3753577768802643 1.8600000143051147 0.0 Pedestrian 
10.243950884285596 25.770577374610525 -6.280460238456726 0.5 0.5 1.100000023841858 0.0 Pedestrian 
10.265714291870566 -7.236286828726634 -6.0485000014305115 0.3753577768802643 0.3753577768802643 1.8600000143051147 0.0 Pedestrian 
11.30886279652649 -6.337419260535853 -6.048500061035156 0.3753577768802643 0.3753577768802643 1.8600000143051147 0.0 Pedestrian 
10.686660187854159 6.01705769951937 -6.048500180244446 0.3753577768802643 0.3753577768802643 1.8600000143051147 0.0 Pedestrian 
10.26165692457289 -4.293903012721557 -6.0485000014305115 0.3753577768802643 0.3753577768802643 1.8600000143051147 0.0 Pedestrian 
6.133200824453475 12.637772587300333 -5.896100163459778 0.3753577768802643 0.3753577768802643 1.8600000143051147 0.0 Pedestrian 
36.0340404290802 17.38482261859042 -6.0485000014305115 0.3753577768802643 0.3753577768802643 1.8600000143051147 0.0 Pedestrian 
10.673138591083347 -1.5365407224169303 -6.3285000920295715 0.3753577768802643 0.3753577768802643 1.2999999523162842 0.0 Pedestrian 
12.507097849129863 -18.001028116891007 -6.176112174987793 0.3753577768802643 0.3753577768802643 1.2999999523162842 0.0 Pedestrian 
9.506679554724464 13.093959920442899 -6.176100015640259 0.3753577768802643 0.3753577768802643 1.2999999523162842 0.0 Pedestrian 
1.3638933539376978 -12.69352796183307 -5.896100163459778 0.3753577768802643 0.3753577768802643 1.8600000143051147 0.0 Pedestrian 
0.22203714206566616 -11.988246179308817 -5.8963717222213745 0.3753577768802643 0.3753577768802643 1.8600000143051147 0.0 Pedestrian 
32.841587711047765 4.201355810092537 -6.998226833413355 4.791779518127441 2.163450002670288 1.488319993019104 0.0 Vehicle 
29.361247604412195 4.677761073560035 -7.054820574820042 2.2094459533691406 0.8670341968536377 1.2511454820632935 0.0 Vehicle 
18.446452148381397 21.00677165330751 -6.999915809632512 5.006059646606445 2.097083806991577 1.5347249507904053 0.0 Vehicle 
