9.92738138803415 7.5988277766149395 -6.0485000014305115 0.3753577768802643 0.3753577768802643 1.8600000143051147 0.0 Pedestrian 
10.741105879719257 31.608918781660577 -6.279619514942169 0.5 0.5 1.100000023841858 0.0 Pedestrian 
11.638992384411189 0.44466736584445243 -6.0485000014305115 0.3753577768802643 0.3753577768802643 1.8600000143051147 0.0 Pedestrian 
8.48437269208911 -12.697663399319026 -5.896100163459778 0.3753577768802643 0.3753577768802643 1.8600000143051147 0.0 Pedestrian 
10.299336372382268 -2.7049792335052416 -6.048500180244446 0.3753577768802643 0.3753577768802643 1.8600000143051147 0.0 Pedestrian 
10.58047319072832 -10.474988918094823 -6.0485000014305115 0.3753577768802643 0.3753577768802643 1.8600000143051147 0.0 Pedestrian 
-2.491422136245099 13.046558415651816 -5.896100163459778 0.3753577768802643 0.3753577768802643 1.8600000143051147 0.0 Pedestrian 
37.54475033270273 24.84050118668472 -5.896100163459778 0.3753577768802643 0.3753577768802643 1.8600000143051147 0.0 Pedestrian 
-0.14951400913062685 -12.656257406775808 -5.8960617780685425 0.3753577768802643 0.3753577768802643 1.8600000143051147 0.0 Pedestrian 
10.287624152044707 -6.698946638262896 -6.3285000920295715 0.3753577768802643 0.3753577768802643 1.2999999523162842 0.0 Pedestrian 
12.778682063922474 -13.365043764440315 -6.176112174987793 0.3753577768802643 0.3753577768802643 1.2999999523162842 0.0 Pedestrian 
10.54338588257097 7.584015862914157 -6.328499913215637 0.3753577768802643 0.3753577768802643 1.2999999523162842 0.0 Pedestrian 
8.57649466572606 -11.768406223965371 -5.896100163459778 0.3753577768802643 0.3753577768802643 1.8600000143051147 0.0 Pedestrian 
4.6092023380553115 -12.378731104775966 -5.896167874336243 0.3753577768802643 0.3753577768802643 1.8600000143051147 0.0 Pedestrian 
7.921234858480815 -11.959057991447253 -5.8963717222213745 0.3753577768802643 0.3753577768802643 1.8600000143051147 0.0 Pedestrian 
32.77391208802006 10.928212896028526 -6.9983609962509945 4.791779518127441 2.163450002670288 1.488319993019104 0.0 Vehicle 
29.28592128821275 12.645490642210575 -7.054856508970261 2.2094459533691406 0.8670341968536377 1.2511454820632935 0.0 Vehicle 
18.535099788768633 12.701291345094546 -6.999913406376436 5.006059646606445 2.097083806991577 1.5347249507904053 0.0 Vehicle 
