3.8704849988515733 12.138907235545958 -5.896100044250488 0.3753577768802643 0.3753577768802643 1.8600000143051147 0.0 Pedestrian 
12.32425424323894 21.872006270330075 -6.276100039482117 0.5 0.5 1.100000023841858 0.0 Pedestrian 
7.178118741913835 -12.437731861182783 -5.896100163459778 0.3753577768802643 0.3753577768802643 1.8600000143051147 0.0 Pedestrian 
11.499465083802477 2.1303685638378056 -6.048500061035156 0.3753577768802643 0.3753577768802643 1.8600000143051147 0.0 Pedestrian 
9.858650554142173 12.493778260423483 -5.89617383480072 0.3753577768802643 0.3753577768802643 1.8600000143051147 0.0 Pedestrian 
10.006315689847455 3.7889340786040293 -6.0485000014305115 0.3753577768802643 0.3753577768802643 1.8600000143051147 0.0 Pedestrian 
9.606229502658415 12.06206128202382 -5.896100163459778 0.3753577768802643 0.3753577768802643 1.8600000143051147 0.0 Pedestrian 
25.898020022960544 15.794897835218421 -6.0485000014305115 0.3753577768802643 0.3753577768802643 1.8600000143051147 0.0 Pedestrian 
10.720696337274173 3.5186749596646365 -6.3285000920295715 0.3753577768802643 0.3753577768802643 1.2999999523162842 0.0 Pedestrian 
12.731793888891744 -24.266713849835128 -6.176112174987793 0.3753577768802643 0.3753577768802643 1.2999999523162842 0.0 Pedestrian 
0.8092484864360188 13.184731091807066 -6.176175236701965 0.3753577768802643 0.3753577768802643 1.2999999523162842 0.0 Pedestrian 
9.933254393253918 13.330505969191677 -6.178607523441315 0.3753577768802643 0.3753577768802643 1.2999999523162842 0.0 Pedestrian 
0.8468312463275396 -13.161555778744287 -6.277773976325989 0.5 0.5 1.100000023841858 0.0 Pedestrian 
32.92721496238294 -4.116881016518846 -6.998325366992503 4.791779518127441 2.163450002670288 1.488319993019104 0.0 Vehicle 
22.796939303631433 -37.471018464849294 -6.9614108093082905 3.987684965133667 1.8508483171463013 1.6171096563339233 0.0 Vehicle 
29.429843734408713 -2.5826321490206965 -7.054857537150383 2.2094459533691406 0.8670341968536377 1.2511454820632935 0.0 Vehicle 
18.451141366841952 29.764689026694782 -6.999914474487014 5.006059646606445 2.097083806991577 1.5347249507904053 0.0 Vehicle 
