11.611659709458177 9.40515285274489 -6.428500056266785 0.5 0.5 1.100000023841858 0.0 Pedestrian 
10.839610658806352 4.287562272736187 -6.048500061035156 0.3753577768802643 0.3753577768802643 1.8600000143051147 0.0 Pedestrian 
3.7448063426892517 12.35902998085976 -5.896100163459778 0.3753577768802643 0.3753577768802643 1.8600000143051147 0.0 Pedestrian 
2.495943007753027 12.296353640903021 -5.896100163459778 0.3753577768802643 0.3753577768802643 1.8600000143051147 0.0 Pedestrian 
10.133071166164651 0.4573166499922081 -6.048500180244446 0.3753577768802643 0.3753577768802643 1.8600000143051147 0.0 Pedestrian 
9.92694256370237 6.388924375609747 -6.048500180244446 0.3753577768802643 0.3753577768802643 1.8600000143051147 0.0 Pedestrian 
7.3648301738786515 13.222385084167854 -6.176100075244904 0.3753577768802643 0.3753577768802643 1.2999999523162842 0.0 Pedestrian 
13.709474296962355 -37.99555152146729 -6.176112174987793 0.3753577768802643 0.3753577768802643 1.2999999523162842 0.0 Pedestrian 
9.89581172977293 10.229012732586739 -6.328499972820282 0.3753577768802643 0.3753577768802643 1.2999999523162842 0.0 Pedestrian 
21.20811238788734 14.269236689214608 -6.328499913215637 0.3753577768802643 0.3753577768802643 1.2999999523162842 0.0 Pedestrian 
0.6893982654550683 -12.982626381075534 -6.177496254444122 0.3753577768802643 0.3753577768802643 1.2999999523162842 0.0 Pedestrian 
2.616550564203216 12.97609150236724 -5.898186564445496 0.3753577768802643 0.3753577768802643 1.8600000143051147 0.0 Pedestrian 
10.664467364864578 -8.879696077132849 -6.428500056266785 0.5 0.5 1.100000023841858 0.0 Pedestrian 
33.11683837844032 -22.13676177052787 -6.998530445154756 4.791779518127441 2.163450002670288 1.488319993019104 0.0 Vehicle 
22.631520526214445 -16.512710962336428 -6.96141092479229 3.987684965133667 1.8508483171463013 1.6171096563339233 0.0 Vehicle 
29.60730499152595 -21.578139162108755 -7.054791450500488 2.2094459533691406 0.8670341968536377 1.2511454820632935 0.0 Vehicle 
