7.893198191505952 12.173915319201114 -5.896100044250488 0.3753577768802643 0.3753577768802643 1.8600000143051147 0.0 Pedestrian 
10.545389197461787 25.39018346814896 -6.280460238456726 0.5 0.5 1.100000023841858 0.0 Pedestrian 
10.400587380538923 -8.034939966159186 -6.0485000014305115 0.3753577768802643 0.3753577768802643 1.8600000143051147 0.0 Pedestrian 
11.39328792951519 -5.382316705034555 -6.048500061035156 0.3753577768802643 0.3753577768802643 1.8600000143051147 0.0 Pedestrian 
10.67105083084062 6.964231951467468 -6.048500180244446 0.3753577768802643 0.3753577768802643 1.8600000143051147 0.0 Pedestrian 
10.024574051539965 -3.6870412723528716 -6.0485000014305115 0.3753577768802643 0.3753577768802643 1.8600000143051147 0.0 Pedestrian 
6.479500520410625 12.618416235598602 -5.896100163459778 0.3753577768802643 0.3753577768802643 1.8600000143051147 0.0 Pedestrian 
34.96702485618202 17.2175127946349 -6.0485000014305115 0.3753577768802643 0.3753577768802643 1.8600000143051147 0.0 Pedestrian 
10.7058837422747 -1.0029908210165104 -6.3285000920295715 0.3753577768802643 0.3753577768802643 1.2999999523162842 0.0 Pedestrian 
12.530772056177 -18.660605459323165 -6.176112174987793 0.3753577768802643 0.3753577768802643 1.2999999523162842 0.0 Pedestrian 
8.85587925712381 13.170414988105335 -6.176100015640259 0.3753577768802643 0.3753577768802643 1.2999999523162842 0.0 Pedestrian 
0.4724111786389926 -12.648238595577936 -5.896100163459778 0.3753577768802643 0.3753577768802643 1.8600000143051147 0.0 Pedestrian 
-0.7695450024174519 -11.924088445756297 -5.8963717222213745 0.3753577768802643 0.3753577768802643 1.8600000143051147 0.0 Pedestrian 
-2.740199590853152 -13.47397389927653 -6.276100039482117 0.5 0.5 1.100000023841858 0.0 Pedestrian 
32.84840242602894 3.534009305437138 -6.998183422139846 4.791779518127441 2.163450002670288 1.488319993019104 0.0 Vehicle 
29.368304431771577 3.9278421584072873 -7.0548221953213215 2.2094459533691406 0.8670341968536377 1.2511454820632935 0.0 Vehicle 
18.44102365987257 21.92910872236655 -6.999920005800959 5.006059646606445 2.097083806991577 1.5347249507904053 0.0 Vehicle 
