12.22879546344248 16.33205676606383 -6.278620898723602 0.5 0.5 1.100000023841858 0.0 Pedestrian 
10.483981283715664 -7.346305412572065 -6.048500061035156 0.3753577768802643 0.3753577768802643 1.8600000143051147 0.0 Pedestrian 
10.814265470236254 9.171324474817993 -6.048500061035156 0.3753577768802643 0.3753577768802643 1.8600000143051147 0.0 Pedestrian 
3.245812317281093 12.342918736346405 -5.89617383480072 0.3753577768802643 0.3753577768802643 1.8600000143051147 0.0 Pedestrian 
9.913667061058614 9.935001715695876 -6.048500061035156 0.3753577768802643 0.3753577768802643 1.8600000143051147 0.0 Pedestrian 
9.88733129454878 8.95995070105289 -6.048500180244446 0.3753577768802643 0.3753577768802643 1.8600000143051147 0.0 Pedestrian 
16.73815568043709 14.401113817488067 -6.0485000014305115 0.3753577768802643 0.3753577768802643 1.8600000143051147 0.0 Pedestrian 
10.760357832995947 8.539863234619247 -6.3285000920295715 0.3753577768802643 0.3753577768802643 1.2999999523162842 0.0 Pedestrian 
13.166580069906928 -30.146805682196486 -6.176112174987793 0.3753577768802643 0.3753577768802643 1.2999999523162842 0.0 Pedestrian 
5.66585423554195 12.431565156563579 -6.176175236701965 0.3753577768802643 0.3753577768802643 1.2999999523162842 0.0 Pedestrian 
14.732505606662585 13.438008120803147 -6.328499913215637 0.3753577768802643 0.3753577768802643 1.2999999523162842 0.0 Pedestrian 
5.808928424284744 -12.68799991414005 -6.277773976325989 0.5 0.5 1.100000023841858 0.0 Pedestrian 
33.01653895985747 -12.62492522307764 -6.998339748475701 4.791779518127441 2.163450002670288 1.488319993019104 0.0 Vehicle 
22.735833257917022 -28.69284392639736 -6.9614108093082905 3.987684965133667 1.8508483171463013 1.6171096563339233 0.0 Vehicle 
29.507943465867548 -10.863257913343546 -7.054857082664967 2.2094459533691406 0.8670341968536377 1.2511454820632935 0.0 Vehicle 
18.542981210016734 38.052146211751165 -6.999912719729764 5.006059646606445 2.097083806991577 1.5347249507904053 0.0 Vehicle 
