9.901800659265291 10.006357375340485 -6.0485000014305115 0.3753577768802643 0.3753577768802643 1.8600000143051147 0.0 Pedestrian 
10.477397136813266 29.314334419682837 -6.279619514942169 0.5 0.5 1.100000023841858 0.0 Pedestrian 
11.308002389614437 -2.8539257480239257 -6.0485000014305115 0.3753577768802643 0.3753577768802643 1.8600000143051147 0.0 Pedestrian 
10.800920948203846 -10.563947266495575 -6.048500061035156 0.3753577768802643 0.3753577768802643 1.8600000143051147 0.0 Pedestrian 
10.494066246899807 0.6296860239212378 -6.048500180244446 0.3753577768802643 0.3753577768802643 1.8600000143051147 0.0 Pedestrian 
10.266116857950543 -8.334746015266546 -6.0485000014305115 0.3753577768802643 0.3753577768802643 1.8600000143051147 0.0 Pedestrian 
0.8089923707391975 12.910057794101704 -5.896100163459778 0.3753577768802643 0.3753577768802643 1.8600000143051147 0.0 Pedestrian 
37.686302398651655 21.045814967231422 -5.896100163459778 0.3753577768802643 0.3753577768802643 1.8600000143051147 0.0 Pedestrian 
10.3546850682961 -4.474903030953442 -6.3285000920295715 0.3753577768802643 0.3753577768802643 1.2999999523162842 0.0 Pedestrian 
12.860589924344751 -15.200341299927572 -6.176112174987793 0.3753577768802643 0.3753577768802643 1.2999999523162842 0.0 Pedestrian 
10.510674878472646 9.825840945001232 -6.328499913215637 0.3753577768802643 0.3753577768802643 1.2999999523162842 0.0 Pedestrian 
6.673239620530538 -12.237221697912332 -5.896100163459778 0.3753577768802643 0.3753577768802643 1.8600000143051147 0.0 Pedestrian 
1.1142367947850431 -12.563881001879395 -5.896167874336243 0.3753577768802643 0.3753577768802643 1.8600000143051147 0.0 Pedestrian 
5.65047372977395 -12.071885348220576 -5.8963717222213745 0.3753577768802643 0.3753577768802643 1.8600000143051147 0.0 Pedestrian 
32.80438154280798 7.888814961663172 -6.998417301219888 4.791779518127441 2.163450002670288 1.488319993019104 0.0 Vehicle 
29.316279349009427 9.441389782087981 -7.054853171110153 2.2094459533691406 0.8670341968536377 1.2511454820632935 0.0 Vehicle 
18.494020190894112 15.932158262579378 -6.999913711551926 5.006059646606445 2.097083806991577 1.5347249507904053 0.0 Vehicle 
