8.5434645167505 12.139421695878127 -5.896100044250488 0.3753577768802643 0.3753577768802643 1.8600000143051147 0.0 Pedestrian 
10.383062853716538 25.568455315454457 -6.280460238456726 0.5 0.5 1.100000023841858 0.0 Pedestrian 
10.479606188317803 -7.639439485143271 -6.0485000014305115 0.3753577768802643 0.3753577768802643 1.8600000143051147 0.0 Pedestrian 
11.343034232070153 -5.8591410913008986 -6.048500061035156 0.3753577768802643 0.3753577768802643 1.8600000143051147 0.0 Pedestrian 
10.565148705328005 6.492546526128933 -6.048500180244446 0.3753577768802643 0.3753577768802643 1.8600000143051147 0.0 Pedestrian 
10.017950505502768 -3.976561847491439 -6.0485000014305115 0.3753577768802643 0.3753577768802643 1.8600000143051147 0.0 Pedestrian 
5.883208576120353 12.658108338445004 -5.896100163459778 0.3753577768802643 0.3753577768802643 1.8600000143051147 0.0 Pedestrian 
35.50054854113881 17.301149653815855 -6.0485000014305115 0.3753577768802643 0.3753577768802643 1.8600000143051147 0.0 Pedestrian 
10.689364301847949 -1.2701509326564064 -6.3285000920295715 0.3753577768802643 0.3753577768802643 1.2999999523162842 0.0 Pedestrian 
12.51895023543021 -18.33081720867642 -6.176112174987793 0.3753577768802643 0.3753577768802643 1.2999999523162842 0.0 Pedestrian 
9.220199793247488 13.161423253977546 -6.176100015640259 0.3753577768802643 0.3753577768802643 1.2999999523162842 0.0 Pedestrian 
0.9188972427363638 -12.643029260700587 -5.896100163459778 0.3753577768802643 0.3753577768802643 1.8600000143051147 0.0 Pedestrian 
-0.2738913939372978 -11.952668086177482 -5.8963717222213745 0.3753577768802643 0.3753577768802643 1.8600000143051147 0.0 Pedestrian 
-3.0423251732733547 -13.494942919637538 -6.276100039482117 0.5 0.5 1.100000023841858 0.0 Pedestrian 
32.844944903212465 3.8726168721529746 -6.998210582765751 4.791779518127441 2.163450002670288 1.488319993019104 0.0 Vehicle 
29.36489156165965 4.29140429397701 -7.054818112403154 2.2094459533691406 0.8670341968536377 1.2511454820632935 0.0 Vehicle 
18.44364584135603 21.467953195280188 -6.999917259221547 5.006059646606445 2.097083806991577 1.5347249507904053 0.0 Vehicle 
