5.339827591141983 12.185613523672487 -5.896100044250488 0.3753577768802643 0.3753577768802643 1.8600000143051147 0.0 Pedestrian 
12.148092856830246 23.004793034148292 -6.276100039482117 0.5 0.5 1.100000023841858 0.0 Pedestrian 
7.925093857069399 -12.089240198920038 -5.896100163459778 0.3753577768802643 0.3753577768802643 1.8600000143051147 0.0 Pedestrian 
11.577169532396773 0.43730204563121333 -6.048500061035156 0.3753577768802643 0.3753577768802643 1.8600000143051147 0.0 Pedestrian 
9.694875385720145 12.388683878114762 -5.89617383480072 0.3753577768802643 0.3753577768802643 1.8600000143051147 0.0 Pedestrian 
9.991977579759467 2.0470852713173144 -6.0485000014305115 0.3753577768802643 0.3753577768802643 1.8600000143051147 0.0 Pedestrian 
9.153940157777754 11.951084762399432 -5.899919390678406 0.3753577768802643 0.3753577768802643 1.8600000143051147 0.0 Pedestrian 
28.031873739041615 16.129788975537622 -6.0485000014305115 0.3753577768802643 0.3753577768802643 1.8600000143051147 0.0 Pedestrian 
10.735119478850287 2.236455020355379 -6.3285000920295715 0.3753577768802643 0.3753577768802643 1.2999999523162842 0.0 Pedestrian 
12.684476106916534 -22.947561912296237 -6.176112174987793 0.3753577768802643 0.3753577768802643 1.2999999523162842 0.0 Pedestrian 
-0.34211992546682524 13.216260590207298 -6.176175236701965 0.3753577768802643 0.3753577768802643 1.2999999523162842 0.0 Pedestrian 
8.519637514179209 13.205617774265761 -6.176100015640259 0.3753577768802643 0.3753577768802643 1.2999999523162842 0.0 Pedestrian 
-0.4035196693893255 -13.21136439910913 -6.277773976325989 0.5 0.5 1.100000023841858 0.0 Pedestrian 
32.90761042887637 -2.2123379436434334 -6.998324832995422 4.791779518127441 2.163450002670288 1.488319993019104 0.0 Vehicle 
22.810370978284567 -39.422651089788815 -6.961410887539387 3.987684965133667 1.8508483171463013 1.6171096563339233 0.0 Vehicle 
29.41241286418869 -0.7403346514819305 -7.054857596755028 2.2094459533691406 0.8670341968536377 1.2511454820632935 0.0 Vehicle 
18.439385909667422 27.921775016070796 -6.999900054936006 5.006059646606445 2.097083806991577 1.5347249507904053 0.0 Vehicle 
