11.65576873327116 9.725649780144522 -6.428500056266785 0.5 0.5 1.100000023841858 0.0 Pedestrian 
10.78968868232537 3.8042991869046006 -6.048500061035156 0.3753577768802643 0.3753577768802643 1.8600000143051147 0.0 Pedestrian 
4.318863578977112 12.114843591881368 -5.896100163459778 0.3753577768802643 0.3753577768802643 1.8600000143051147 0.0 Pedestrian 
2.953425555254313 12.29709172874891 -5.896100163459778 0.3753577768802643 0.3753577768802643 1.8600000143051147 0.0 Pedestrian 
10.114178391624375 0.9191979661178493 -6.048500180244446 0.3753577768802643 0.3753577768802643 1.8600000143051147 0.0 Pedestrian 
9.972019618223534 6.832978966743326 -6.048500180244446 0.3753577768802643 0.3753577768802643 1.8600000143051147 0.0 Pedestrian 
7.806331311989226 13.064289386382256 -6.176100075244904 0.3753577768802643 0.3753577768802643 1.2999999523162842 0.0 Pedestrian 
13.69774377348321 -37.66575435711604 -6.176112174987793 0.3753577768802643 0.3753577768802643 1.2999999523162842 0.0 Pedestrian 
10.086722598090997 10.529858845532317 -6.328499972820282 0.3753577768802643 0.3753577768802643 1.2999999523162842 0.0 Pedestrian 
20.879958668245166 14.23416329938209 -6.328499913215637 0.3753577768802643 0.3753577768802643 1.2999999523162842 0.0 Pedestrian 
0.35944006540415785 -12.977393954326658 -6.177496254444122 0.3753577768802643 0.3753577768802643 1.2999999523162842 0.0 Pedestrian 
1.9932598196562168 12.99755826255489 -5.898186564445496 0.3753577768802643 0.3753577768802643 1.8600000143051147 0.0 Pedestrian 
10.606404454989203 -9.189732587165054 -6.428500056266785 0.5 0.5 1.100000023841858 0.0 Pedestrian 
33.11487156220598 -21.949710465609314 -6.998524341615848 4.791779518127441 2.163450002670288 1.488319993019104 0.0 Vehicle 
22.636599985551825 -16.99963719010475 -6.961410887539387 3.987684965133667 1.8508483171463013 1.6171096563339233 0.0 Vehicle 
29.604366777458765 -21.261835408568572 -7.054800413548946 2.2094459533691406 0.8670341968536377 1.2511454820632935 0.0 Vehicle 
