9.893829973021731 10.436166819253344 -6.0485000014305115 0.3753577768802643 0.3753577768802643 1.8600000143051147 0.0 Pedestrian 
10.426183158097814 28.988305191218387 -6.279619514942169 0.5 0.5 1.100000023841858 0.0 Pedestrian 
11.300846057398402 -3.3415531303961643 -6.0485000014305115 0.3753577768802643 0.3753577768802643 1.8600000143051147 0.0 Pedestrian 
10.659805349998358 -10.023315733406548 -6.048500061035156 0.3753577768802643 0.3753577768802643 1.8600000143051147 0.0 Pedestrian 
10.537580488582671 1.0787066178950795 -6.048500180244446 0.3753577768802643 0.3753577768802643 1.8600000143051147 0.0 Pedestrian 
10.08156408632965 -7.998749425015035 -6.0485000014305115 0.3753577768802643 0.3753577768802643 1.8600000143051147 0.0 Pedestrian 
1.2964731118180879 12.88816358829581 -5.896100163459778 0.3753577768802643 0.3753577768802643 1.8600000143051147 0.0 Pedestrian 
37.45474176365576 20.49155570754249 -5.896100163459778 0.3753577768802643 0.3753577768802643 1.8600000143051147 0.0 Pedestrian 
10.414060251546971 -4.1416714078550285 -6.3285000920295715 0.3753577768802643 0.3753577768802643 1.2999999523162842 0.0 Pedestrian 
12.76500820107016 -15.472630312553747 -6.176112174987793 0.3753577768802643 0.3753577768802643 1.2999999523162842 0.0 Pedestrian 
10.47883311326996 10.133867753418599 -6.328499913215637 0.3753577768802643 0.3753577768802643 1.2999999523162842 0.0 Pedestrian 
6.213012759262668 -12.345191808060576 -5.896100163459778 0.3753577768802643 0.3753577768802643 1.8600000143051147 0.0 Pedestrian 
0.578871857063362 -12.530519803137281 -5.896167874336243 0.3753577768802643 0.3753577768802643 1.8600000143051147 0.0 Pedestrian 
5.198383056767511 -12.105479111830277 -5.8963717222213745 0.3753577768802643 0.3753577768802643 1.8600000143051147 0.0 Pedestrian 
32.80843983634186 7.484472049832846 -6.998428058694117 4.791779518127441 2.163450002670288 1.488319993019104 0.0 Vehicle 
29.320576212078834 8.988241924179817 -7.054852083325386 2.2094459533691406 0.8670341968536377 1.2511454820632935 0.0 Vehicle 
18.488791982780327 16.39361307576985 -6.9999139785795705 5.006059646606445 2.097083806991577 1.5347249507904053 0.0 Vehicle 
