12.220517295581999 16.728260902819216 -6.276100039482117 0.5 0.5 1.100000023841858 0.0 Pedestrian 
10.483435781409895 -7.801571198169881 -6.048500061035156 0.3753577768802643 0.3753577768802643 1.8600000143051147 0.0 Pedestrian 
10.85542305556686 8.889902705078725 -6.048500061035156 0.3753577768802643 0.3753577768802643 1.8600000143051147 0.0 Pedestrian 
3.750393691283115 12.172795988791677 -5.89617383480072 0.3753577768802643 0.3753577768802643 1.8600000143051147 0.0 Pedestrian 
10.12786723638553 9.531328304225212 -6.048500061035156 0.3753577768802643 0.3753577768802643 1.8600000143051147 0.0 Pedestrian 
10.021062633223277 8.936831346584086 -6.048500180244446 0.3753577768802643 0.3753577768802643 1.8600000143051147 0.0 Pedestrian 
17.20959765543278 14.48348641577445 -6.0485000014305115 0.3753577768802643 0.3753577768802643 1.8600000143051147 0.0 Pedestrian 
10.707527822197788 8.198462962936276 -6.3285000920295715 0.3753577768802643 0.3753577768802643 1.2999999523162842 0.0 Pedestrian 
13.07757587097771 -29.826573797483434 -6.176112174987793 0.3753577768802643 0.3753577768802643 1.2999999523162842 0.0 Pedestrian 
5.321870840123502 12.388526324518011 -6.176175236701965 0.3753577768802643 0.3753577768802643 1.2999999523162842 0.0 Pedestrian 
14.39212658565048 13.424231443611689 -6.328499913215637 0.3753577768802643 0.3753577768802643 1.2999999523162842 0.0 Pedestrian 
5.524992570458096 -12.746288298875356 -6.277773976325989 0.5 0.5 1.100000023841858 0.0 Pedestrian 
33.011596464278554 -12.158535519248971 -6.998337688506581 4.791779518127441 2.163450002670288 1.488319993019104 0.0 Vehicle 
22.739405807103623 -29.18033998317992 -6.961410887539387 3.987684965133667 1.8508483171463013 1.6171096563339233 0.0 Vehicle 
29.5036343910554 -10.40407648492885 -7.0548571571707726 2.2094459533691406 0.8670341968536377 1.2511454820632935 0.0 Vehicle 
18.537752183283715 37.591962772305806 -6.999912605286227 5.006059646606445 2.097083806991577 1.5347249507904053 0.0 Vehicle 
