12.397514299535828 13.820038185310523 -6.276100039482117 0.5 0.5 1.100000023841858 0.0 Pedestrian 
10.707886090010376 -2.1074746588648168 -6.048500061035156 0.3753577768802643 0.3753577768802643 1.8600000143051147 0.0 Pedestrian 
9.157117839524346 13.213286599536673 -5.896100163459778 0.3753577768802643 0.3753577768802643 1.8600000143051147 0.0 Pedestrian 
-1.703290285806716 12.166632142300273 -5.89617383480072 0.3753577768802643 0.3753577768802643 1.8600000143051147 0.0 Pedestrian 
8.31353214075046 12.870310112759512 -5.896100163459778 0.3753577768802643 0.3753577768802643 1.8600000143051147 0.0 Pedestrian 
9.936074588033932 6.991365935303179 -6.048500180244446 0.3753577768802643 0.3753577768802643 1.8600000143051147 0.0 Pedestrian 
11.939314535500095 12.567088400907323 -6.007894992828369 0.3753577768802643 0.3753577768802643 1.8600000143051147 0.0 Pedestrian 
10.121183655438191 11.582221593631402 -6.3285000920295715 0.3753577768802643 0.3753577768802643 1.2999999523162842 0.0 Pedestrian 
13.545355578546662 -33.37844086611062 -6.176112174987793 0.3753577768802643 0.3753577768802643 1.2999999523162842 0.0 Pedestrian 
8.240590768327351 12.19671606699751 -6.176175236701965 0.3753577768802643 0.3753577768802643 1.2999999523162842 0.0 Pedestrian 
17.020205702645512 13.879872246655054 -6.328499913215637 0.3753577768802643 0.3753577768802643 1.2999999523162842 0.0 Pedestrian 
8.81972537527544 -11.919097528986299 -6.277773976325989 0.5 0.5 1.100000023841858 0.0 Pedestrian 
33.06875383120084 -17.580767138705596 -6.998396892566234 4.791779518127441 2.163450002670288 1.488319993019104 0.0 Vehicle 
22.694647390203784 -23.331854073419322 -6.9614108465611935 3.987684965133667 1.8508483171463013 1.6171096563339233 0.0 Vehicle 
29.55456188105292 -15.881820953551596 -7.0548521019518375 2.2094459533691406 0.8670341968536377 1.2511454820632935 0.0 Vehicle 
18.59553906930745 43.112395273114885 -6.999911384584266 5.006059646606445 2.097083806991577 1.5347249507904053 0.0 Vehicle 
