12.224973525991835 16.010840135970057 -6.278620898723602 0.5 0.5 1.100000023841858 0.0 Pedestrian 
10.486384455830866 -6.891332601581553 -6.048500061035156 0.3753577768802643 0.3753577768802643 1.8600000143051147 0.0 Pedestrian 
10.66611688564927 9.449025781927276 -6.048500061035156 0.3753577768802643 0.3753577768802643 1.8600000143051147 0.0 Pedestrian 
2.8854283287057356 12.127253937578644 -5.89617383480072 0.3753577768802643 0.3753577768802643 1.8600000143051147 0.0 Pedestrian 
10.313228946598418 10.347416569656389 -6.048500061035156 0.3753577768802643 0.3753577768802643 1.8600000143051147 0.0 Pedestrian 
9.911016101497818 9.01142825047043 -6.048500180244446 0.3753577768802643 0.3753577768802643 1.8600000143051147 0.0 Pedestrian 
16.267958698186575 14.306261998593868 -6.0485000014305115 0.3753577768802643 0.3753577768802643 1.8600000143051147 0.0 Pedestrian 
10.740098462111831 8.827952164620683 -6.3285000920295715 0.3753577768802643 0.3753577768802643 1.2999999523162842 0.0 Pedestrian 
13.267778598750624 -30.462088559831045 -6.176112174987793 0.3753577768802643 0.3753577768802643 1.2999999523162842 0.0 Pedestrian 
6.063410059782157 12.315550062770171 -6.176175236701965 0.3753577768802643 0.3753577768802643 1.2999999523162842 0.0 Pedestrian 
15.126218594468078 13.460456829286045 -6.328499913215637 0.3753577768802643 0.3753577768802643 1.2999999523162842 0.0 Pedestrian 
6.096176534907201 -12.63055966104639 -6.277773976325989 0.5 0.5 1.100000023841858 0.0 Pedestrian 
33.02144298656779 -13.089776101672328 -6.998342189821415 4.791779518127441 2.163450002670288 1.488319993019104 0.0 Vehicle 
22.732246258022457 -28.20537127637988 -6.9614107348024845 3.987684965133667 1.8508483171463013 1.6171096563339233 0.0 Vehicle 
29.512244685950094 -11.322214411721347 -7.054856911301613 2.2094459533691406 0.8670341968536377 1.2511454820632935 0.0 Vehicle 
18.54822655129186 38.51229968473251 -6.999912719729764 5.006059646606445 2.097083806991577 1.5347249507904053 0.0 Vehicle 
