2.891670134635291 12.147010290380422 -5.896100044250488 0.3753577768802643 0.3753577768802643 1.8600000143051147 0.0 Pedestrian 
12.291737997125026 21.264132142581275 -6.276100039482117 0.5 0.5 1.100000023841858 0.0 Pedestrian 
8.002964232239336 -12.237110079022273 -5.896100163459778 0.3753577768802643 0.3753577768802643 1.8600000143051147 0.0 Pedestrian 
11.510330156765697 3.049136009881522 -6.048500061035156 0.3753577768802643 0.3753577768802643 1.8600000143051147 0.0 Pedestrian 
9.034538427264941 12.6201835464351 -5.89617383480072 0.3753577768802643 0.3753577768802643 1.8600000143051147 0.0 Pedestrian 
10.16256028747578 4.6094193127130225 -6.0485000014305115 0.3753577768802643 0.3753577768802643 1.8600000143051147 0.0 Pedestrian 
10.701660877701599 11.97310563071619 -6.048500239849091 0.3753577768802643 0.3753577768802643 1.8600000143051147 0.0 Pedestrian 
24.831119816753464 15.62734488774663 -6.0485000014305115 0.3753577768802643 0.3753577768802643 1.8600000143051147 0.0 Pedestrian 
10.740518808935745 4.14770726607285 -6.3285000920295715 0.3753577768802643 0.3753577768802643 1.2999999523162842 0.0 Pedestrian 
12.755437530385322 -24.926290351128614 -6.176112174987793 0.3753577768802643 0.3753577768802643 1.2999999523162842 0.0 Pedestrian 
1.3448862076818955 13.157986684898333 -6.176175236701965 0.3753577768802643 0.3753577768802643 1.2999999523162842 0.0 Pedestrian 
10.222519357867185 13.164047129086157 -6.178607523441315 0.3753577768802643 0.3753577768802643 1.2999999523162842 0.0 Pedestrian 
1.4374562516376699 -13.132533250446158 -6.277773976325989 0.5 0.5 1.100000023841858 0.0 Pedestrian 
32.937004937152516 -5.068363335663321 -6.998325748485513 4.791779518127441 2.163450002670288 1.488319993019104 0.0 Vehicle 
22.790212477003166 -36.49532468085579 -6.9614107720553875 3.987684965133667 1.8508483171463013 1.6171096563339233 0.0 Vehicle 
29.438552479685463 -3.5035893260213697 -7.054857578128576 2.2094459533691406 0.8670341968536377 1.2511454820632935 0.0 Vehicle 
18.459002225593807 30.6859767205259 -6.999914054875262 5.006059646606445 2.097083806991577 1.5347249507904053 0.0 Vehicle 
