11.005259879728293 6.655824454161234 -6.428500056266785 0.5 0.5 1.100000023841858 0.0 Pedestrian 
14.11990462018241 12.374232571532843 -6.048500061035156 0.3753577768802643 0.3753577768802643 1.8600000143051147 0.0 Pedestrian 
-0.459610132459062 12.385605366501977 -5.896100163459778 0.3753577768802643 0.3753577768802643 1.8600000143051147 0.0 Pedestrian 
-1.342279781489765 12.697080995249621 -5.896100163459778 0.3753577768802643 0.3753577768802643 1.8600000143051147 0.0 Pedestrian 
10.322270078400443 -3.8855053380561912 -6.048500180244446 0.3753577768802643 0.3753577768802643 1.8600000143051147 0.0 Pedestrian 
9.96325971280477 3.2520257247575444 -6.048500180244446 0.3753577768802643 0.3753577768802643 1.8600000143051147 0.0 Pedestrian 
9.019118068148366 13.790612146517446 -6.176100075244904 0.3753577768802643 0.3753577768802643 1.2999999523162842 0.0 Pedestrian 
13.81497142949442 -40.963690539513664 -6.176112174987793 0.3753577768802643 0.3753577768802643 1.2999999523162842 0.0 Pedestrian 
9.882159378918796 8.479768534969594 -6.328499972820282 0.3753577768802643 0.3753577768802643 1.2999999523162842 0.0 Pedestrian 
24.16135895204819 14.584882874057143 -6.328499913215637 0.3753577768802643 0.3753577768802643 1.2999999523162842 0.0 Pedestrian 
3.655335705623969 -13.023403818293446 -6.177496254444122 0.3753577768802643 0.3753577768802643 1.2999999523162842 0.0 Pedestrian 
6.276571865307297 12.324179976452683 -5.898186564445496 0.3753577768802643 0.3753577768802643 1.8600000143051147 0.0 Pedestrian 
11.011417779069163 -6.464877213125305 -6.428500056266785 0.5 0.5 1.100000023841858 0.0 Pedestrian 
33.12203974230626 -22.664342665432628 -6.998319988255389 4.791779518127441 2.163450002670288 1.488319993019104 0.0 Vehicle 
22.58096203198629 -12.131589910455432 -6.961410887539387 3.987684965133667 1.8508483171463013 1.6171096563339233 0.0 Vehicle 
29.616726413381983 -22.580715655595895 -7.054859675467014 2.2094459533691406 0.8670341968536377 1.2511454820632935 0.0 Vehicle 
29.00571737811211 40.01869287739021 -7.005206699483097 4.1928300857543945 1.8161858320236206 1.4738311767578125 0.0 Vehicle 
