-2.7860076173152493 12.265329090431692 -5.896100044250488 0.3753577768802643 0.3753577768802643 1.8600000143051147 0.0 Pedestrian 
12.214441683560537 17.379688917942417 -6.276100039482117 0.5 0.5 1.100000023841858 0.0 Pedestrian 
10.479202013758623 -8.714796641326188 -6.048500061035156 0.3753577768802643 0.3753577768802643 1.8600000143051147 0.0 Pedestrian 
11.0180674971274 8.330883947568509 -6.048500061035156 0.3753577768802643 0.3753577768802643 1.8600000143051147 0.0 Pedestrian 
4.501141430583601 12.20863443589326 -5.89617383480072 0.3753577768802643 0.3753577768802643 1.8600000143051147 0.0 Pedestrian 
10.118635223059833 9.177030989740274 -6.048500061035156 0.3753577768802643 0.3753577768802643 1.8600000143051147 0.0 Pedestrian 
9.809262476168225 8.61856917245791 -6.048500180244446 0.3753577768802643 0.3753577768802643 1.8600000143051147 0.0 Pedestrian 
18.176562433590256 14.640274296394068 -6.0485000014305115 0.3753577768802643 0.3753577768802643 1.8600000143051147 0.0 Pedestrian 
10.779539878717866 7.7378475986341755 -6.3285000920295715 0.3753577768802643 0.3753577768802643 1.2999999523162842 0.0 Pedestrian 
12.923681983430953 -29.195031874507663 -6.176112174987793 0.3753577768802643 0.3753577768802643 1.2999999523162842 0.0 Pedestrian 
4.920148168067421 12.452910954460208 -6.176175236701965 0.3753577768802643 0.3753577768802643 1.2999999523162842 0.0 Pedestrian 
13.794304845693397 13.411542562766272 -6.328499913215637 0.3753577768802643 0.3753577768802643 1.2999999523162842 0.0 Pedestrian 
4.9815134121226805 -12.841273469802218 -6.277773976325989 0.5 0.5 1.100000023841858 0.0 Pedestrian 
33.001714921901694 -11.221919883501073 -6.998334331554361 4.791779518127441 2.163450002670288 1.488319993019104 0.0 Vehicle 
22.74649163820385 -30.155383787696792 -6.96141092479229 3.987684965133667 1.8508483171463013 1.6171096563339233 0.0 Vehicle 
29.494997469958662 -9.485176083435022 -7.054857347160578 2.2094459533691406 0.8670341968536377 1.2511454820632935 0.0 Vehicle 
18.527037151646397 36.67152203015678 -6.999912567138381 5.006059646606445 2.097083806991577 1.5347249507904053 0.0 Vehicle 
