6.589346470258416 12.187544325455178 -5.896100044250488 0.3753577768802643 0.3753577768802643 1.8600000143051147 0.0 Pedestrian 
11.492359265130148 24.752792380238702 -6.280460238456726 0.5 0.5 1.100000023841858 0.0 Pedestrian 
10.168037752653916 -10.551545012620181 -6.0485000014305115 0.3753577768802643 0.3753577768802643 1.8600000143051147 0.0 Pedestrian 
11.586666309869038 -2.553289759337531 -6.048500061035156 0.3753577768802643 0.3753577768802643 1.8600000143051147 0.0 Pedestrian 
10.462986639343868 10.065172418802149 -6.048500180244446 0.3753577768802643 0.3753577768802643 1.8600000143051147 0.0 Pedestrian 
10.008119570787805 -1.2846417777201395 -6.0485000014305115 0.3753577768802643 0.3753577768802643 1.8600000143051147 0.0 Pedestrian 
7.145188689822795 12.591324638577248 -5.896100163459778 0.3753577768802643 0.3753577768802643 1.8600000143051147 0.0 Pedestrian 
31.76614534939774 16.715604430026815 -6.0485000014305115 0.3753577768802643 0.3753577768802643 1.8600000143051147 0.0 Pedestrian 
10.7982343378425 0.5772997389572652 -6.3285000920295715 0.3753577768802643 0.3753577768802643 1.2999999523162842 0.0 Pedestrian 
12.601657232175654 -20.639336560775746 -6.176112174987793 0.3753577768802643 0.3753577768802643 1.2999999523162842 0.0 Pedestrian 
-2.4265230974520406 13.276260119678682 -6.176175236701965 0.3753577768802643 0.3753577768802643 1.2999999523162842 0.0 Pedestrian 
7.247058696736403 13.179349280619817 -6.176100015640259 0.3753577768802643 0.3753577768802643 1.2999999523162842 0.0 Pedestrian 
-2.1921215799981297 -13.002631933531347 -5.896100163459778 0.3753577768802643 0.3753577768802643 1.8600000143051147 0.0 Pedestrian 
-1.5769254755658864 -13.344071316642157 -6.280294299125671 0.5 0.5 1.100000023841858 0.0 Pedestrian 
32.87317484156978 1.1238307359708415 -6.998324489686638 4.791779518127441 2.163450002670288 1.488319993019104 0.0 Vehicle 
22.83390556461879 -42.838843093230935 -6.9614108465611935 3.987684965133667 1.8508483171463013 1.6171096563339233 0.0 Vehicle 
29.382797412864036 2.3900341445731215 -7.054955556988716 2.2094459533691406 0.8670341968536377 1.2511454820632935 0.0 Vehicle 
18.43263608895508 24.695559802150797 -6.999693298334023 5.006059646606445 2.097083806991577 1.5347249507904053 0.0 Vehicle 
