9.917176531303006 10.84360951058261 -6.0485000014305115 0.3753577768802643 0.3753577768802643 1.8600000143051147 0.0 Pedestrian 
10.37103795048894 28.662923079355096 -6.279619514942169 0.5 0.5 1.100000023841858 0.0 Pedestrian 
11.143738920929145 -3.83434438656559 -6.0485000014305115 0.3753577768802643 0.3753577768802643 1.8600000143051147 0.0 Pedestrian 
10.54160230517514 -10.44661743918357 -6.048500061035156 0.3753577768802643 0.3753577768802643 1.8600000143051147 0.0 Pedestrian 
10.553915602035822 1.5697556226090228 -6.048500180244446 0.3753577768802643 0.3753577768802643 1.8600000143051147 0.0 Pedestrian 
10.106273926151204 -7.507486933079576 -6.0485000014305115 0.3753577768802643 0.3753577768802643 1.8600000143051147 0.0 Pedestrian 
1.7824934353124746 12.84469323920655 -5.896100163459778 0.3753577768802643 0.3753577768802643 1.8600000143051147 0.0 Pedestrian 
37.73807189014386 19.879004129882674 -5.896100163459778 0.3753577768802643 0.3753577768802643 1.8600000143051147 0.0 Pedestrian 
10.466162332444398 -3.8664329128394 -6.3285000920295715 0.3753577768802643 0.3753577768802643 1.2999999523162842 0.0 Pedestrian 
12.613731705822389 -15.738890469289004 -6.176112174987793 0.3753577768802643 0.3753577768802643 1.2999999523162842 0.0 Pedestrian 
10.403025979753654 10.439515695433101 -6.328499913215637 0.3753577768802643 0.3753577768802643 1.2999999523162842 0.0 Pedestrian 
5.695710222063838 -12.388351424588677 -5.896100163459778 0.3753577768802643 0.3753577768802643 1.8600000143051147 0.0 Pedestrian 
0.03858832278768887 -12.50234020765231 -5.896167874336243 0.3753577768802643 0.3753577768802643 1.8600000143051147 0.0 Pedestrian 
4.711817371814746 -12.210786718268764 -5.8963717222213745 0.3753577768802643 0.3753577768802643 1.8600000143051147 0.0 Pedestrian 
32.812403679128835 7.091141051079489 -6.998438091366552 4.791779518127441 2.163450002670288 1.488319993019104 0.0 Vehicle 
29.324793606583164 8.536932527417889 -7.054850671440363 2.2094459533691406 0.8670341968536377 1.2511454820632935 0.0 Vehicle 
18.48362583769073 16.85503952006843 -6.999914169311523 5.006059646606445 2.097083806991577 1.5347249507904053 0.0 Vehicle 
