3.373011168251736 12.154902524213867 -5.896100044250488 0.3753577768802643 0.3753577768802643 1.8600000143051147 0.0 Pedestrian 
12.30377634372637 21.5634253960651 -6.276100039482117 0.5 0.5 1.100000023841858 0.0 Pedestrian 
7.589324743675448 -12.336025396473019 -5.896100163459778 0.3753577768802643 0.3753577768802643 1.8600000143051147 0.0 Pedestrian 
11.495716418890389 2.5861813582791626 -6.048500061035156 0.3753577768802643 0.3753577768802643 1.8600000143051147 0.0 Pedestrian 
9.718198111265636 12.745654202346032 -5.89617383480072 0.3753577768802643 0.3753577768802643 1.8600000143051147 0.0 Pedestrian 
9.891698758428456 4.104152562220023 -6.0485000014305115 0.3753577768802643 0.3753577768802643 1.8600000143051147 0.0 Pedestrian 
10.151180300797765 12.16780793187263 -5.896100163459778 0.3753577768802643 0.3753577768802643 1.8600000143051147 0.0 Pedestrian 
25.364416341569296 15.712240111549931 -6.0485000014305115 0.3753577768802643 0.3753577768802643 1.8600000143051147 0.0 Pedestrian 
10.725788218845032 3.8345678317432146 -6.3285000920295715 0.3753577768802643 0.3753577768802643 1.2999999523162842 0.0 Pedestrian 
12.743615709638533 -24.59650210048187 -6.176112174987793 0.3753577768802643 0.3753577768802643 1.2999999523162842 0.0 Pedestrian 
1.085322551077624 13.17652532122679 -6.176175236701965 0.3753577768802643 0.3753577768802643 1.2999999523162842 0.0 Pedestrian 
9.921090600718877 13.287081487005139 -6.178607523441315 0.3753577768802643 0.3753577768802643 1.2999999523162842 0.0 Pedestrian 
1.1692525692709097 -13.149895791206063 -6.277773976325989 0.5 0.5 1.100000023841858 0.0 Pedestrian 
32.9321203369832 -4.592701016579326 -6.998325481428765 4.791779518127441 2.163450002670288 1.488319993019104 0.0 Vehicle 
22.793582849409262 -36.98315224472299 -6.9614108465611935 3.987684965133667 1.8508483171463013 1.6171096563339233 0.0 Vehicle 
29.43419867285388 -3.0431269401084364 -7.054857578128576 2.2094459533691406 0.8670341968536377 1.2511454820632935 0.0 Vehicle 
18.45487275400947 30.22534882503885 -6.999914054875262 5.006059646606445 2.097083806991577 1.5347249507904053 0.0 Vehicle 
