9.934342130995418 5.757296401376948 -6.0485000014305115 0.3753577768802643 0.3753577768802643 1.8600000143051147 0.0 Pedestrian 
10.865025714514445 32.923089888028926 -6.279619514942169 0.5 0.5 1.100000023841858 0.0 Pedestrian 
11.745401793286181 2.4618303305358324 -6.0485000014305115 0.3753577768802643 0.3753577768802643 1.8600000143051147 0.0 Pedestrian 
6.537294670550352 -12.871252879073495 -5.896100163459778 0.3753577768802643 0.3753577768802643 1.8600000143051147 0.0 Pedestrian 
10.221497527437293 -4.661044875804691 -6.048500180244446 0.3753577768802643 0.3753577768802643 1.8600000143051147 0.0 Pedestrian 
9.929961176821855 -11.505088161338108 -5.896100044250488 0.3753577768802643 0.3753577768802643 1.8600000143051147 0.0 Pedestrian 
37.54950310738744 27.001121002109585 -5.896100163459778 0.3753577768802643 0.3753577768802643 1.8600000143051147 0.0 Pedestrian 
1.8216951094174334 -12.627166017983427 -5.8960617780685425 0.3753577768802643 0.3753577768802643 1.8600000143051147 0.0 Pedestrian 
10.288976103925087 -7.834648759428433 -6.3285000920295715 0.3753577768802643 0.3753577768802643 1.2999999523162842 0.0 Pedestrian 
11.946003117004679 -13.221983378478853 -6.176112174987793 0.3753577768802643 0.3753577768802643 1.2999999523162842 0.0 Pedestrian 
10.53894445116695 6.378989686802527 -6.328499913215637 0.3753577768802643 0.3753577768802643 1.2999999523162842 0.0 Pedestrian 
10.209285847316039 -12.452838805744136 -5.896100163459778 0.3753577768802643 0.3753577768802643 1.8600000143051147 0.0 Pedestrian 
6.416538343433373 -11.9075892848291 -5.896167874336243 0.3753577768802643 0.3753577768802643 1.8600000143051147 0.0 Pedestrian 
8.659898382807526 -12.117140720989482 -5.8963717222213745 0.3753577768802643 0.3753577768802643 1.8600000143051147 0.0 Pedestrian 
32.75566825310155 12.760999088833614 -6.998345012660138 4.791779518127441 2.163450002670288 1.488319993019104 0.0 Vehicle 
29.268478719105204 14.488123152071239 -7.054857101291418 2.2094459533691406 0.8670341968536377 1.2511454820632935 0.0 Vehicle 
18.560641509973895 10.854521551738458 -6.99991336822859 5.006059646606445 2.097083806991577 1.5347249507904053 0.0 Vehicle 
