11.823801864259188 10.687312476386182 -6.428500056266785 0.5 0.5 1.100000023841858 0.0 Pedestrian 
10.79931517758032 2.376992520050919 -6.048500061035156 0.3753577768802643 0.3753577768802643 1.8600000143051147 0.0 Pedestrian 
5.8811450421158185 12.241066644083503 -5.896100163459778 0.3753577768802643 0.3753577768802643 1.8600000143051147 0.0 Pedestrian 
4.372575432826544 12.232492884707995 -5.896100163459778 0.3753577768802643 0.3753577768802643 1.8600000143051147 0.0 Pedestrian 
10.05339454837545 2.2615113221532965 -6.048500180244446 0.3753577768802643 0.3753577768802643 1.8600000143051147 0.0 Pedestrian 
9.876127281046736 8.292672410150942 -6.048500180244446 0.3753577768802643 0.3753577768802643 1.8600000143051147 0.0 Pedestrian 
8.295757430985908 12.933345891208432 -6.176100075244904 0.3753577768802643 0.3753577768802643 1.2999999523162842 0.0 Pedestrian 
13.662598350920888 -36.676372703610696 -6.176112174987793 0.3753577768802643 0.3753577768802643 1.2999999523162842 0.0 Pedestrian 
10.428535483658692 11.621423340990418 -6.328499972820282 0.3753577768802643 0.3753577768802643 1.2999999523162842 0.0 Pedestrian 
19.90169056724077 14.133918269079004 -6.328499913215637 0.3753577768802643 0.3753577768802643 1.2999999523162842 0.0 Pedestrian 
-0.6304497176770951 -12.961699112790825 -6.177496254444122 0.3753577768802643 0.3753577768802643 1.2999999523162842 0.0 Pedestrian 
0.518429021336793 13.116758058051573 -5.898186564445496 0.3753577768802643 0.3753577768802643 1.8600000143051147 0.0 Pedestrian 
10.388399493501538 -10.168027680275372 -6.428500056266785 0.5 0.5 1.100000023841858 0.0 Pedestrian 
33.10735459875474 -21.238207044475416 -6.998509616940282 4.791779518127441 2.163450002670288 1.488319993019104 0.0 Vehicle 
22.651278592173824 -18.4605632913117 -6.9614107348024845 3.987684965133667 1.8508483171463013 1.6171096563339233 0.0 Vehicle 
29.59433897750317 -20.176311379747744 -7.054820954799652 2.2094459533691406 0.8670341968536377 1.2511454820632935 0.0 Vehicle 
