1.509345936236734 12.14605332513986 -5.896100044250488 0.3753577768802643 0.3753577768802643 1.8600000143051147 0.0 Pedestrian 
12.253685181280943 20.374085950168137 -6.276100039482117 0.5 0.5 1.100000023841858 0.0 Pedestrian 
9.312148329244678 -11.896262090514142 -5.896100163459778 0.3753577768802643 0.3753577768802643 1.8600000143051147 0.0 Pedestrian 
11.503028279089815 4.416869870527231 -6.048500061035156 0.3753577768802643 0.3753577768802643 1.8600000143051147 0.0 Pedestrian 
8.573565923044097 12.274293853461359 -5.89617383480072 0.3753577768802643 0.3753577768802643 1.8600000143051147 0.0 Pedestrian 
10.03365082826076 6.451896148430194 -6.0485000014305115 0.3753577768802643 0.3753577768802643 1.8600000143051147 0.0 Pedestrian 
9.97040706241868 10.345881182984613 -6.048500239849091 0.3753577768802643 0.3753577768802643 1.8600000143051147 0.0 Pedestrian 
23.230326938969256 15.378414278466948 -6.0485000014305115 0.3753577768802643 0.3753577768802643 1.8600000143051147 0.0 Pedestrian 
10.771713559862935 5.036956117712393 -6.3285000920295715 0.3753577768802643 0.3753577768802643 1.2999999523162842 0.0 Pedestrian 
12.790933491613742 -25.91565403802076 -6.176112174987793 0.3753577768802643 0.3753577768802643 1.2999999523162842 0.0 Pedestrian 
2.2490800065760723 13.072227507908906 -6.176175236701965 0.3753577768802643 0.3753577768802643 1.2999999523162842 0.0 Pedestrian 
11.181290377641275 13.316750939940334 -6.176100015640259 0.3753577768802643 0.3753577768802643 1.2999999523162842 0.0 Pedestrian 
2.2489090947635333 -13.092299034814346 -6.277773976325989 0.5 0.5 1.100000023841858 0.0 Pedestrian 
32.95189239061555 -6.4941712619094005 -6.998326511471532 4.791779518127441 2.163450002670288 1.488319993019104 0.0 Vehicle 
22.78013545331021 -35.03194385829079 -6.961410887539387 3.987684965133667 1.8508483171463013 1.6171096563339233 0.0 Vehicle 
29.45160641156088 -4.88476203775042 -7.054857559502125 2.2094459533691406 0.8670341968536377 1.2511454820632935 0.0 Vehicle 
18.472679186312632 32.067687833716604 -6.9999138259881875 5.006059646606445 2.097083806991577 1.5347249507904053 0.0 Vehicle 
