12.326937497906314 12.777486475833143 -6.428500056266785 0.5 0.5 1.100000023841858 0.0 Pedestrian 
10.774326480893123 -0.7641505152779473 -6.048500061035156 0.3753577768802643 0.3753577768802643 1.8600000143051147 0.0 Pedestrian 
8.085653072442767 12.270961058641547 -5.896100163459778 0.3753577768802643 0.3753577768802643 1.8600000143051147 0.0 Pedestrian 
7.218539059490432 12.450906150853143 -5.896100163459778 0.3753577768802643 0.3753577768802643 1.8600000143051147 0.0 Pedestrian 
9.962983896025339 5.6637646906135615 -6.048500180244446 0.3753577768802643 0.3753577768802643 1.8600000143051147 0.0 Pedestrian 
10.750039804919894 11.66939890329877 -6.048500180244446 0.3753577768802643 0.3753577768802643 1.8600000143051147 0.0 Pedestrian 
10.094207753813983 12.645025070658562 -6.176100075244904 0.3753577768802643 0.3753577768802643 1.2999999523162842 0.0 Pedestrian 
13.580531366966028 -34.36781764219438 -6.176112174987793 0.3753577768802643 0.3753577768802643 1.2999999523162842 0.0 Pedestrian 
9.184665235230149 12.358412003330159 -6.176175236701965 0.3753577768802643 0.3753577768802643 1.2999999523162842 0.0 Pedestrian 
17.820856118279416 13.947002813554946 -6.328499913215637 0.3753577768802643 0.3753577768802643 1.2999999523162842 0.0 Pedestrian 
-2.9401416022774214 -12.925079217771668 -6.177496254444122 0.3753577768802643 0.3753577768802643 1.2999999523162842 0.0 Pedestrian 
9.800086562245383 -11.720953889995599 -6.277773976325989 0.5 0.5 1.100000023841858 0.0 Pedestrian 
33.081815435550695 -18.820062763065494 -6.998432598193176 4.791779518127441 2.163450002670288 1.488319993019104 0.0 Vehicle 
22.682402451461925 -21.870226537520466 -6.9614107348024845 3.987684965133667 1.8508483171463013 1.6171096563339233 0.0 Vehicle 
29.566993132027235 -17.222864149637985 -7.0548476204276085 2.2094459533691406 0.8670341968536377 1.2511454820632935 0.0 Vehicle 
18.606773285264012 44.49191599584992 -6.999910888676823 5.006059646606445 2.097083806991577 1.5347249507904053 0.0 Vehicle 
