9.922373844392194 8.613606360650124 -6.0485000014305115 0.3753577768802643 0.3753577768802643 1.8600000143051147 0.0 Pedestrian 
10.612270588296951 30.29516002822163 -6.279619514942169 0.5 0.5 1.100000023841858 0.0 Pedestrian 
11.472073596124517 -1.4591998826903136 -6.0485000014305115 0.3753577768802643 0.3753577768802643 1.8600000143051147 0.0 Pedestrian 
9.696823595630988 -11.670096725915414 -5.896100163459778 0.3753577768802643 0.3753577768802643 1.8600000143051147 0.0 Pedestrian 
10.456355902867177 -0.7532963927081937 -6.048500180244446 0.3753577768802643 0.3753577768802643 1.8600000143051147 0.0 Pedestrian 
10.3078680240787 -9.541273562234778 -6.0485000014305115 0.3753577768802643 0.3753577768802643 1.8600000143051147 0.0 Pedestrian 
-0.6649913104921694 12.971333318295592 -5.896100163459778 0.3753577768802643 0.3753577768802643 1.8600000143051147 0.0 Pedestrian 
37.52133507624485 22.67696044316392 -5.896100163459778 0.3753577768802643 0.3753577768802643 1.8600000143051147 0.0 Pedestrian 
-2.2936573765066868 -12.598553987039395 -5.8960617780685425 0.3753577768802643 0.3753577768802643 1.8600000143051147 0.0 Pedestrian 
10.321148492433366 -5.474602480104522 -6.3285000920295715 0.3753577768802643 0.3753577768802643 1.2999999523162842 0.0 Pedestrian 
13.09007368608357 -14.38723543029198 -6.176112174987793 0.3753577768802643 0.3753577768802643 1.2999999523162842 0.0 Pedestrian 
10.566594130172216 8.904401542300775 -6.328499913215637 0.3753577768802643 0.3753577768802643 1.2999999523162842 0.0 Pedestrian 
8.118618949876932 -11.969063146213898 -5.896100163459778 0.3753577768802643 0.3753577768802643 1.8600000143051147 0.0 Pedestrian 
2.703954535974262 -12.672869058247443 -5.896167874336243 0.3753577768802643 0.3753577768802643 1.8600000143051147 0.0 Pedestrian 
7.046372453874284 -11.872901485599755 -5.8963717222213745 0.3753577768802643 0.3753577768802643 1.8600000143051147 0.0 Pedestrian 
32.791662208172035 9.15459859952739 -6.998387889936566 4.791779518127441 2.163450002670288 1.488319993019104 0.0 Vehicle 
29.30313016247324 10.809550277494168 -7.054855152964592 2.2094459533691406 0.8670341968536377 1.2511454820632935 0.0 Vehicle 
18.510946514388372 14.547651104246825 -6.999913940431725 5.006059646606445 2.097083806991577 1.5347249507904053 0.0 Vehicle 
