12.27827325114199 15.72230805370316 -6.278620898723602 0.5 0.5 1.100000023841858 0.0 Pedestrian 
10.503132268063375 -5.530664373813011 -6.048500061035156 0.3753577768802643 0.3753577768802643 1.8600000143051147 0.0 Pedestrian 
10.19623193297279 10.251160346483516 -6.048500061035156 0.3753577768802643 0.3753577768802643 1.8600000143051147 0.0 Pedestrian 
1.5879296477242946 12.166198380207561 -5.89617383480072 0.3753577768802643 0.3753577768802643 1.8600000143051147 0.0 Pedestrian 
9.830327466568246 11.58962774715917 -6.048500061035156 0.3753577768802643 0.3753577768802643 1.8600000143051147 0.0 Pedestrian 
10.00140879799125 9.07204151893643 -6.048500180244446 0.3753577768802643 0.3753577768802643 1.8600000143051147 0.0 Pedestrian 
14.86826053243714 13.901718074526002 -6.0485000014305115 0.3753577768802643 0.3753577768802643 1.8600000143051147 0.0 Pedestrian 
10.677801400384677 9.712106037525587 -6.3285000920295715 0.3753577768802643 0.3753577768802643 1.2999999523162842 0.0 Pedestrian 
13.474086962542316 -31.400097222886757 -6.176112174987793 0.3753577768802643 0.3753577768802643 1.2999999523162842 0.0 Pedestrian 
6.395701556964159 12.204150862659617 -6.176175236701965 0.3753577768802643 0.3753577768802643 1.2999999523162842 0.0 Pedestrian 
15.512038614912193 13.495566752944455 -6.328499913215637 0.3753577768802643 0.3753577768802643 1.2999999523162842 0.0 Pedestrian 
7.243988800712103 -12.408538795818572 -6.277773976325989 0.5 0.5 1.100000023841858 0.0 Pedestrian 
33.036005862157864 -14.47262332262926 -6.998351573944092 4.791779518127441 2.163450002670288 1.488319993019104 0.0 Vehicle 
22.721520350346665 -26.743083788165336 -6.9614108093082905 3.987684965133667 1.8508483171463013 1.6171096563339233 0.0 Vehicle 
29.525082945588963 -12.697211078369605 -7.054856300354004 2.2094459533691406 0.8670341968536377 1.2511454820632935 0.0 Vehicle 
18.563357254941536 39.89260536964218 -6.999912376406428 5.006059646606445 2.097083806991577 1.5347249507904053 0.0 Vehicle 
