10.949256427738192 6.38212694383347 -6.428500056266785 0.5 0.5 1.100000023841858 0.0 Pedestrian 
9.971859656631814 17.94778041106224 -5.722647786140442 0.3753577768802643 0.3753577768802643 1.8600000143051147 0.0 Pedestrian 
-0.9258055819564177 12.412701153365106 -5.896100163459778 0.3753577768802643 0.3753577768802643 1.8600000143051147 0.0 Pedestrian 
-1.8390112455255903 12.708432080845682 -5.896100163459778 0.3753577768802643 0.3753577768802643 1.8600000143051147 0.0 Pedestrian 
10.33219870519283 -4.3556429130179595 -6.048500180244446 0.3753577768802643 0.3753577768802643 1.8600000143051147 0.0 Pedestrian 
9.973653078163464 2.7703286615496268 -6.048500180244446 0.3753577768802643 0.3753577768802643 1.8600000143051147 0.0 Pedestrian 
9.31430977239173 13.809894287495467 -6.176100075244904 0.3753577768802643 0.3753577768802643 1.2999999523162842 0.0 Pedestrian 
13.826701819842555 -41.293483891491405 -6.176112174987793 0.3753577768802643 0.3753577768802643 1.2999999523162842 0.0 Pedestrian 
10.072913003026812 8.339589417864431 -6.328499972820282 0.3753577768802643 0.3753577768802643 1.2999999523162842 0.0 Pedestrian 
24.48949745547909 14.619954778272245 -6.328499913215637 0.3753577768802643 0.3753577768802643 1.2999999523162842 0.0 Pedestrian 
3.9842186709089873 -13.027139350003381 -6.177496254444122 0.3753577768802643 0.3753577768802643 1.2999999523162842 0.0 Pedestrian 
6.776443727122327 12.400411353082632 -5.898186564445496 0.3753577768802643 0.3753577768802643 1.8600000143051147 0.0 Pedestrian 
11.037530061921245 -6.185603257619732 -6.428500056266785 0.5 0.5 1.100000023841858 0.0 Pedestrian 
33.12203974230626 -22.664342665432628 -6.998319988255389 4.791779518127441 2.163450002670288 1.488319993019104 0.0 Vehicle 
22.574793196029148 -11.644947922509232 -6.961411036550999 3.987684965133667 1.8508483171463013 1.6171096563339233 0.0 Vehicle 
29.616726413381983 -22.580715655595895 -7.054859675467014 2.2094459533691406 0.8670341968536377 1.2511454820632935 0.0 Vehicle 
29.010510394732876 39.53428542425752 -7.005206699483097 4.1928300857543945 1.8161858320236206 1.4738311767578125 0.0 Vehicle 
