9.886879085056076 12.036070037675245 -5.896100163459778 0.3753577768802643 0.3753577768802643 1.8600000143051147 0.0 Pedestrian 
10.166822343176648 27.691121331587283 -6.279619514942169 0.5 0.5 1.100000023841858 0.0 Pedestrian 
11.052369022119038 -5.5340976004301865 -6.0485000014305115 0.3753577768802643 0.3753577768802643 1.8600000143051147 0.0 Pedestrian 
10.92069184201926 -9.056638473783437 -6.048500061035156 0.3753577768802643 0.3753577768802643 1.8600000143051147 0.0 Pedestrian 
10.621155010760646 3.0615894876190453 -6.048500180244446 0.3753577768802643 0.3753577768802643 1.8600000143051147 0.0 Pedestrian 
10.13231331846562 -5.803408798898772 -6.0485000014305115 0.3753577768802643 0.3753577768802643 1.8600000143051147 0.0 Pedestrian 
3.179373427459197 12.774668534463785 -5.896100163459778 0.3753577768802643 0.3753577768802643 1.8600000143051147 0.0 Pedestrian 
37.46373165810072 17.985054399776686 -5.896100163459778 0.3753577768802643 0.3753577768802643 1.8600000143051147 0.0 Pedestrian 
10.543381247533048 -3.0717996167637693 -6.3285000920295715 0.3753577768802643 0.3753577768802643 1.2999999523162842 0.0 Pedestrian 
12.718979423374762 -16.69391760538133 -6.176112174987793 0.3753577768802643 0.3753577768802643 1.2999999523162842 0.0 Pedestrian 
10.146656033226822 11.369146001420972 -6.328499972820282 0.3753577768802643 0.3753577768802643 1.2999999523162842 0.0 Pedestrian 
4.165270934637945 -12.621491418470441 -5.896100163459778 0.3753577768802643 0.3753577768802643 1.8600000143051147 0.0 Pedestrian 
-1.5746854336619407 -12.433652301083725 -5.896167874336243 0.3753577768802643 0.3753577768802643 1.8600000143051147 0.0 Pedestrian 
3.2074904413695293 -12.358343746017113 -5.8963717222213745 0.3753577768802643 0.3753577768802643 1.8600000143051147 0.0 Pedestrian 
32.823497067783904 5.9939030524054715 -6.998426837963052 4.791779518127441 2.163450002670288 1.488319993019104 0.0 Vehicle 
29.33746809030201 7.1994173585549674 -7.054845809936523 2.2094459533691406 0.8670341968536377 1.2511454820632935 0.0 Vehicle 
18.469262355116662 18.23917240653475 -6.999914245607215 5.006059646606445 2.097083806991577 1.5347249507904053 0.0 Vehicle 
