12.318411870277515 15.455637369088663 -6.278620898723602 0.5 0.5 1.100000023841858 0.0 Pedestrian 
10.522607419552081 -5.0626394973779725 -6.048500061035156 0.3753577768802643 0.3753577768802643 1.8600000143051147 0.0 Pedestrian 
9.939565865404177 10.527317980400198 -6.048500061035156 0.3753577768802643 0.3753577768802643 1.8600000143051147 0.0 Pedestrian 
1.1450068005322294 12.182685378506676 -5.89617383480072 0.3753577768802643 0.3753577768802643 1.8600000143051147 0.0 Pedestrian 
10.321844296990843 12.121540284454795 -5.896100163459778 0.3753577768802643 0.3753577768802643 1.8600000143051147 0.0 Pedestrian 
9.886430750402884 9.092858037386236 -6.048500180244446 0.3753577768802643 0.3753577768802643 1.8600000143051147 0.0 Pedestrian 
14.39352019561779 13.835535660963387 -6.0485000014305115 0.3753577768802643 0.3753577768802643 1.8600000143051147 0.0 Pedestrian 
10.584149389175554 9.98267551446179 -6.3285000920295715 0.3753577768802643 0.3753577768802643 1.2999999523162842 0.0 Pedestrian 
13.497965208734229 -31.72929459639613 -6.176112174987793 0.3753577768802643 0.3753577768802643 1.2999999523162842 0.0 Pedestrian 
6.636971175943646 12.187005948994624 -6.176175236701965 0.3753577768802643 0.3753577768802643 1.2999999523162842 0.0 Pedestrian 
15.706281250335891 13.551473980806918 -6.328499913215637 0.3753577768802643 0.3753577768802643 1.2999999523162842 0.0 Pedestrian 
6.965261791491841 -12.502311542349503 -6.277773976325989 0.5 0.5 1.100000023841858 0.0 Pedestrian 
33.04078475107336 -14.92864407245429 -6.998355693882331 4.791779518127441 2.163450002670288 1.488319993019104 0.0 Vehicle 
22.717799033888085 -26.25569980308137 -6.961410887539387 3.987684965133667 1.8508483171463013 1.6171096563339233 0.0 Vehicle 
29.529332677253308 -13.154693141293706 -7.054855994880199 2.2094459533691406 0.8670341968536377 1.2511454820632935 0.0 Vehicle 
18.568224554010243 40.35265403255835 -6.999912414554274 5.006059646606445 2.097083806991577 1.5347249507904053 0.0 Vehicle 
