10.031512080455421 12.816993068696547 -5.896100044250488 0.3753577768802643 0.3753577768802643 1.8600000143051147 0.0 Pedestrian 
10.13380014759187 27.030840901281294 -6.279619514942169 0.5 0.5 1.100000023841858 0.0 Pedestrian 
10.400335915192585 -6.166489493191648 -6.0485000014305115 0.3753577768802643 0.3753577768802643 1.8600000143051147 0.0 Pedestrian 
11.17898888529043 -8.136044852840087 -6.048500061035156 0.3753577768802643 0.3753577768802643 1.8600000143051147 0.0 Pedestrian 
10.667024834215429 4.084995349590287 -6.048500180244446 0.3753577768802643 0.3753577768802643 1.8600000143051147 0.0 Pedestrian 
10.308173535499968 -5.698543199756614 -6.0485000014305115 0.3753577768802643 0.3753577768802643 1.8600000143051147 0.0 Pedestrian 
4.022621939129031 12.73642529645133 -5.896100163459778 0.3753577768802643 0.3753577768802643 1.8600000143051147 0.0 Pedestrian 
37.390933307681905 17.193687300842498 -5.91039776802063 0.3753577768802643 0.3753577768802643 1.8600000143051147 0.0 Pedestrian 
10.623320639767591 -2.5557549982244154 -6.3285000920295715 0.3753577768802643 0.3753577768802643 1.2999999523162842 0.0 Pedestrian 
12.723803819122324 -17.152990384107852 -6.176112174987793 0.3753577768802643 0.3753577768802643 1.2999999523162842 0.0 Pedestrian 
10.099015462200576 11.940274778700996 -6.202668607234955 0.3753577768802643 0.3753577768802643 1.2999999523162842 0.0 Pedestrian 
3.15951315232212 -12.795860143416348 -5.896100163459778 0.3753577768802643 0.3753577768802643 1.8600000143051147 0.0 Pedestrian 
-2.6772373902291378 -12.41536460060479 -5.896167874336243 0.3753577768802643 0.3753577768802643 1.8600000143051147 0.0 Pedestrian 
2.208621500880497 -12.19744802162802 -5.8963717222213745 0.3753577768802643 0.3753577768802643 1.8600000143051147 0.0 Pedestrian 
32.829924531173 5.355134819657543 -6.998315944685601 4.791779518127441 2.163450002670288 1.488319993019104 0.0 Vehicle 
29.345717228095737 6.327910954645944 -7.05483915284276 2.2094459533691406 0.8670341968536377 1.2511454820632935 0.0 Vehicle 
18.46066300960898 19.161806213989166 -6.999914360050752 5.006059646606445 2.097083806991577 1.5347249507904053 0.0 Vehicle 
