12.416458471107873 14.386777533147438 -6.276100039482117 0.5 0.5 1.100000023841858 0.0 Pedestrian 
10.6395755621188 -3.12135868372593 -6.048500061035156 0.3753577768802643 0.3753577768802643 1.8600000143051147 0.0 Pedestrian 
10.15817343973061 12.549054445521392 -5.896100163459778 0.3753577768802643 0.3753577768802643 1.8600000143051147 0.0 Pedestrian 
-0.8064880085611321 12.157437197670674 -5.89617383480072 0.3753577768802643 0.3753577768802643 1.8600000143051147 0.0 Pedestrian 
8.33724618355101 12.852743993704735 -5.896100163459778 0.3753577768802643 0.3753577768802643 1.8600000143051147 0.0 Pedestrian 
9.918299449181879 7.750906923343734 -6.048500180244446 0.3753577768802643 0.3753577768802643 1.8600000143051147 0.0 Pedestrian 
12.56155489431714 13.397676079489429 -5.896132946014404 0.3753577768802643 0.3753577768802643 1.8600000143051147 0.0 Pedestrian 
10.22603149790573 11.090294590423014 -6.3285000920295715 0.3753577768802643 0.3753577768802643 1.2999999523162842 0.0 Pedestrian 
13.54442339521313 -33.351746626816976 -6.176112174987793 0.3753577768802643 0.3753577768802643 1.2999999523162842 0.0 Pedestrian 
7.727056166228703 12.165455433030957 -6.176175236701965 0.3753577768802643 0.3753577768802643 1.2999999523162842 0.0 Pedestrian 
16.47945611204785 13.814716045689806 -6.328499913215637 0.3753577768802643 0.3753577768802643 1.2999999523162842 0.0 Pedestrian 
8.182497190531393 -12.090074584382592 -6.277773976325989 0.5 0.5 1.100000023841858 0.0 Pedestrian 
33.05962104862323 -16.71674802660823 -6.99837945937179 4.791779518127441 2.163450002670288 1.488319993019104 0.0 Vehicle 
22.70260065118825 -24.30637900773297 -6.9614107720553875 3.987684965133667 1.8508483171463013 1.6171096563339233 0.0 Vehicle 
29.546079786604864 -14.977410288502256 -7.054853856563568 2.2094459533691406 0.8670341968536377 1.2511454820632935 0.0 Vehicle 
18.586909163849327 42.192580813441964 -6.999912033083092 5.006059646606445 2.097083806991577 1.5347249507904053 0.0 Vehicle 
