9.933578654891686 9.140513913900804 -6.0485000014305115 0.3753577768802643 0.3753577768802643 1.8600000143051147 0.0 Pedestrian 
10.570800413201553 29.96774004113786 -6.279619514942169 0.5 0.5 1.100000023841858 0.0 Pedestrian 
11.389712143265875 -1.9356167789011351 -6.0485000014305115 0.3753577768802643 0.3753577768802643 1.8600000143051147 0.0 Pedestrian 
10.343100493281014 -11.78753471879429 -5.896100163459778 0.3753577768802643 0.3753577768802643 1.8600000143051147 0.0 Pedestrian 
10.46566373957322 -0.29273958822273016 -6.048500180244446 0.3753577768802643 0.3753577768802643 1.8600000143051147 0.0 Pedestrian 
10.304366399330135 -9.252557928750548 -6.0485000014305115 0.3753577768802643 0.3753577768802643 1.8600000143051147 0.0 Pedestrian 
-0.2263691029419732 12.938964279943775 -5.896100163459778 0.3753577768802643 0.3753577768802643 1.8600000143051147 0.0 Pedestrian 
37.64519389928675 22.13512701769605 -5.896100163459778 0.3753577768802643 0.3753577768802643 1.8600000143051147 0.0 Pedestrian 
-2.8308554741525427 -12.601016579350699 -5.8960617780685425 0.3753577768802643 0.3753577768802643 1.8600000143051147 0.0 Pedestrian 
10.331840254064865 -5.151176366842719 -6.3285000920295715 0.3753577768802643 0.3753577768802643 1.2999999523162842 0.0 Pedestrian 
13.026831472145048 -14.644270230496772 -6.176112174987793 0.3753577768802643 0.3753577768802643 1.2999999523162842 0.0 Pedestrian 
10.558516407319772 9.229282547090975 -6.328499913215637 0.3753577768802643 0.3753577768802643 1.2999999523162842 0.0 Pedestrian 
7.704343467703353 -12.075999243790307 -5.896100163459778 0.3753577768802643 0.3753577768802643 1.8600000143051147 0.0 Pedestrian 
2.1786314922754855 -12.63413207867643 -5.896167874336243 0.3753577768802643 0.3753577768802643 1.8600000143051147 0.0 Pedestrian 
6.585426550104501 -11.945852621289987 -5.8963717222213745 0.3753577768802643 0.3753577768802643 1.8600000143051147 0.0 Pedestrian 
32.79597449460436 8.72505622475336 -6.998397045186721 4.791779518127441 2.163450002670288 1.488319993019104 0.0 Vehicle 
29.307522088065937 10.352368522210554 -7.0548544861376286 2.2094459533691406 0.8670341968536377 1.2511454820632935 0.0 Vehicle 
18.505105098086524 15.009177066533198 -6.99991367340408 5.006059646606445 2.097083806991577 1.5347249507904053 0.0 Vehicle 
