7.3536120058248535 12.13053339446526 -5.896100044250488 0.3753577768802643 0.3753577768802643 1.8600000143051147 0.0 Pedestrian 
10.727463736581456 25.229649974181484 -6.280460238456726 0.5 0.5 1.100000023841858 0.0 Pedestrian 
10.360232695514021 -8.397801178273085 -6.0485000014305115 0.3753577768802643 0.3753577768802643 1.8600000143051147 0.0 Pedestrian 
11.41126602930288 -4.8976551299774655 -6.048500061035156 0.3753577768802643 0.3753577768802643 1.8600000143051147 0.0 Pedestrian 
10.505260915469515 7.421822535906983 -6.048500180244446 0.3753577768802643 0.3753577768802643 1.8600000143051147 0.0 Pedestrian 
10.021722433594 -3.4221860501883157 -6.0485000014305115 0.3753577768802643 0.3753577768802643 1.8600000143051147 0.0 Pedestrian 
6.990780724882036 12.767138105098184 -5.896100163459778 0.3753577768802643 0.3753577768802643 1.8600000143051147 0.0 Pedestrian 
34.43360954853829 17.133832961546773 -6.0485000014305115 0.3753577768802643 0.3753577768802643 1.8600000143051147 0.0 Pedestrian 
10.7226025697241 -0.7349820931577824 -6.3285000920295715 0.3753577768802643 0.3753577768802643 1.2999999523162842 0.0 Pedestrian 
12.542609126417815 -18.990393177445867 -6.176112174987793 0.3753577768802643 0.3753577768802643 1.2999999523162842 0.0 Pedestrian 
8.468982626611393 13.126348040967514 -6.176100015640259 0.3753577768802643 0.3753577768802643 1.2999999523162842 0.0 Pedestrian 
0.03467348050294561 -12.588732083883656 -5.896100163459778 0.3753577768802643 0.3753577768802643 1.8600000143051147 0.0 Pedestrian 
-1.2875780792088563 -11.913536575661169 -5.8963717222213745 0.3753577768802643 0.3753577768802643 1.8600000143051147 0.0 Pedestrian 
-2.3554798126318843 -13.459386448402483 -6.276100039482117 0.5 0.5 1.100000023841858 0.0 Pedestrian 
32.851962736427524 3.1850255317446 -6.998177165980451 4.791779518127441 2.163450002670288 1.488319993019104 0.0 Vehicle 
29.371442653473977 3.592694307763196 -7.054822102189064 2.2094459533691406 0.8670341968536377 1.2511454820632935 0.0 Vehicle 
18.43889099320458 22.390237447926893 -6.999926147465885 5.006059646606445 2.097083806991577 1.5347249507904053 0.0 Vehicle 
