9.916670798357938 7.986862040457254 -6.0485000014305115 0.3753577768802643 0.3753577768802643 1.8600000143051147 0.0 Pedestrian 
10.6833449922743 30.95138726907669 -6.279619514942169 0.5 0.5 1.100000023841858 0.0 Pedestrian 
11.557433160494313 -0.507683233499165 -6.0485000014305115 0.3753577768802643 0.3753577768802643 1.8600000143051147 0.0 Pedestrian 
8.84148718999738 -12.283439613039832 -5.896100163459778 0.3753577768802643 0.3753577768802643 1.8600000143051147 0.0 Pedestrian 
10.368802223413358 -1.6795828026176878 -6.048500180244446 0.3753577768802643 0.3753577768802643 1.8600000143051147 0.0 Pedestrian 
10.221991252981518 -10.37304632760447 -6.0485000014305115 0.3753577768802643 0.3753577768802643 1.8600000143051147 0.0 Pedestrian 
-1.5638901936661185 13.004715088868807 -5.896100163459778 0.3753577768802643 0.3753577768802643 1.8600000143051147 0.0 Pedestrian 
37.53646775587943 23.759462098211998 -5.896100163459778 0.3753577768802643 0.3753577768802643 1.8600000143051147 0.0 Pedestrian 
-1.2122573388607947 -12.622802015608613 -5.8960617780685425 0.3753577768802643 0.3753577768802643 1.8600000143051147 0.0 Pedestrian 
10.305803211030295 -6.113357878010447 -6.3285000920295715 0.3753577768802643 0.3753577768802643 1.2999999523162842 0.0 Pedestrian 
13.04017411500105 -13.832740442928639 -6.176112174987793 0.3753577768802643 0.3753577768802643 1.2999999523162842 0.0 Pedestrian 
10.55619900248119 8.231448628068165 -6.328499913215637 0.3753577768802643 0.3753577768802643 1.2999999523162842 0.0 Pedestrian 
8.225408215330603 -12.145821894047117 -5.896100163459778 0.3753577768802643 0.3753577768802643 1.8600000143051147 0.0 Pedestrian 
3.6363524215001206 -12.523515752341154 -5.896167874336243 0.3753577768802643 0.3753577768802643 1.8600000143051147 0.0 Pedestrian 
7.633957332859829 -11.726215661537594 -5.8963717222213745 0.3753577768802643 0.3753577768802643 1.8600000143051147 0.0 Pedestrian 
32.782862831036546 10.031805716219878 -6.998372821835801 4.791779518127441 2.163450002670288 1.488319993019104 0.0 Vehicle 
29.294567828024977 11.72631479673089 -7.0548559576272964 2.2094459533691406 0.8670341968536377 1.2511454820632935 0.0 Vehicle 
18.522815269802614 13.624521697745422 -6.999913330080744 5.006059646606445 2.097083806991577 1.5347249507904053 0.0 Vehicle 
