-1.0462609500052622 12.264200810453872 -5.896100044250488 0.3753577768802643 0.3753577768802643 1.8600000143051147 0.0 Pedestrian 
12.197646764743553 18.59079142235271 -6.276100039482117 0.5 0.5 1.100000023841858 0.0 Pedestrian 
10.45860021952356 -9.671726023283668 -6.048500061035156 0.3753577768802643 0.3753577768802643 1.8600000143051147 0.0 Pedestrian 
11.294305277618372 7.074096456961058 -6.048500061035156 0.3753577768802643 0.3753577768802643 1.8600000143051147 0.0 Pedestrian 
5.600564764787634 12.33502859767168 -5.89617383480072 0.3753577768802643 0.3753577768802643 1.8600000143051147 0.0 Pedestrian 
10.16150586844533 8.215643811630514 -6.0485000014305115 0.3753577768802643 0.3753577768802643 1.8600000143051147 0.0 Pedestrian 
10.042202430206387 8.642768031021092 -6.048500239849091 0.3753577768802643 0.3753577768802643 1.8600000143051147 0.0 Pedestrian 
20.103212384912794 14.921839174928778 -6.0485000014305115 0.3753577768802643 0.3753577768802643 1.8600000143051147 0.0 Pedestrian 
10.810997273333529 6.661700048610044 -6.3285000920295715 0.3753577768802643 0.3753577768802643 1.2999999523162842 0.0 Pedestrian 
12.860965095339935 -27.89442639794015 -6.176112174987793 0.3753577768802643 0.3753577768802643 1.2999999523162842 0.0 Pedestrian 
4.138164652149044 12.977948599594015 -6.176175236701965 0.3753577768802643 0.3753577768802643 1.2999999523162842 0.0 Pedestrian 
12.76785623324674 13.25123844347911 -6.311637461185455 0.3753577768802643 0.3753577768802643 1.2999999523162842 0.0 Pedestrian 
3.9001086640442537 -12.980848396280749 -6.277773976325989 0.5 0.5 1.100000023841858 0.0 Pedestrian 
32.98201758397121 -9.337454727240697 -6.998329792055301 4.791779518127441 2.163450002670288 1.488319993019104 0.0 Vehicle 
22.759955627093746 -32.10575566675891 -6.96141092479229 3.987684965133667 1.8508483171463013 1.6171096563339233 0.0 Vehicle 
29.477671340560924 -7.645877970752622 -7.054857537150383 2.2094459533691406 0.8670341968536377 1.2511454820632935 0.0 Vehicle 
18.504778417591567 34.83032342283673 -6.999912681581918 5.006059646606445 2.097083806991577 1.5347249507904053 0.0 Vehicle 
