12.353537454387371 15.187801108091662 -6.278620898723602 0.5 0.5 1.100000023841858 0.0 Pedestrian 
10.56189956034143 -4.612949499584943 -6.048500061035156 0.3753577768802643 0.3753577768802643 1.8600000143051147 0.0 Pedestrian 
10.142798886824668 11.08566418092687 -6.048500061035156 0.3753577768802643 0.3753577768802643 1.8600000143051147 0.0 Pedestrian 
0.6520353374915757 12.177306069137558 -5.89617383480072 0.3753577768802643 0.3753577768802643 1.8600000143051147 0.0 Pedestrian 
10.05494029969421 12.582443093241409 -5.896100163459778 0.3753577768802643 0.3753577768802643 1.8600000143051147 0.0 Pedestrian 
10.103219029167118 8.612884932306542 -6.048500180244446 0.3753577768802643 0.3753577768802643 1.8600000143051147 0.0 Pedestrian 
13.982192118490232 13.579925447090432 -6.0485000014305115 0.3753577768802643 0.3753577768802643 1.8600000143051147 0.0 Pedestrian 
10.420035837492986 10.210377419651877 -6.3285000920295715 0.3753577768802643 0.3753577768802643 1.2999999523162842 0.0 Pedestrian 
13.516923895849715 -32.061022684618024 -6.176112174987793 0.3753577768802643 0.3753577768802643 1.2999999523162842 0.0 Pedestrian 
6.910710033735185 12.174841967677025 -6.176175236701965 0.3753577768802643 0.3753577768802643 1.2999999523162842 0.0 Pedestrian 
15.828512206317647 13.592289416246786 -6.328499913215637 0.3753577768802643 0.3753577768802643 1.2999999523162842 0.0 Pedestrian 
7.265536855031925 -12.399056790658278 -6.277773976325989 0.5 0.5 1.100000023841858 0.0 Pedestrian 
33.04556241719776 -15.38156925969713 -6.9983605003217235 4.791779518127441 2.163450002670288 1.488319993019104 0.0 Vehicle 
22.714002268745432 -25.76834135485865 -6.9614108465611935 3.987684965133667 1.8508483171463013 1.6171096563339233 0.0 Vehicle 
29.53356203987309 -13.611591911071287 -7.05485562980175 2.2094459533691406 0.8670341968536377 1.2511454820632935 0.0 Vehicle 
18.573077535501994 40.812675476335926 -6.999912338258582 5.006059646606445 2.097083806991577 1.5347249507904053 0.0 Vehicle 
