6.510838568125678 12.265351964587353 -5.896100044250488 0.3753577768802643 0.3753577768802643 1.8600000143051147 0.0 Pedestrian 
11.559012770588325 24.16012058919648 -6.280460238456726 0.5 0.5 1.100000023841858 0.0 Pedestrian 
10.213446619182378 -11.783241192535002 -5.896100163459778 0.3753577768802643 0.3753577768802643 1.8600000143051147 0.0 Pedestrian 
11.59420842143081 -1.6700941989387275 -6.048500061035156 0.3753577768802643 0.3753577768802643 1.8600000143051147 0.0 Pedestrian 
10.305505792786708 11.115542136923864 -6.048500180244446 0.3753577768802643 0.3753577768802643 1.8600000143051147 0.0 Pedestrian 
9.969703249142732 -0.31352238020667755 -6.0485000014305115 0.3753577768802643 0.3753577768802643 1.8600000143051147 0.0 Pedestrian 
7.507451473415912 12.329520715438207 -5.896100163459778 0.3753577768802643 0.3753577768802643 1.8600000143051147 0.0 Pedestrian 
30.69919004225511 16.548317704221745 -6.0485000014305115 0.3753577768802643 0.3753577768802643 1.8600000143051147 0.0 Pedestrian 
10.82364147246065 1.0774509001286106 -6.3285000920295715 0.3753577768802643 0.3753577768802643 1.2999999523162842 0.0 Pedestrian 
12.625306005206482 -21.298622789158685 -6.176112174987793 0.3753577768802643 0.3753577768802643 1.2999999523162842 0.0 Pedestrian 
-1.8192748871865803 13.254235050386797 -6.176175236701965 0.3753577768802643 0.3753577768802643 1.2999999523162842 0.0 Pedestrian 
6.946493467504403 13.20289065630186 -6.176100015640259 0.3753577768802643 0.3753577768802643 1.2999999523162842 0.0 Pedestrian 
-1.6442178392656501 -13.2888128049118 -6.277773976325989 0.5 0.5 1.100000023841858 0.0 Pedestrian 
32.88301999314973 0.17033113871730166 -6.998324413318187 4.791779518127441 2.163450002670288 1.488319993019104 0.0 Vehicle 
22.827177878632313 -41.86268747951908 -6.961410887539387 3.987684965133667 1.8508483171463013 1.6171096563339233 0.0 Vehicle 
29.390601386200586 1.5631927104113288 -7.0548577308654785 2.2094459533691406 0.8670341968536377 1.2511454820632935 0.0 Vehicle 
18.43306107036645 25.61773102768734 -6.998818817199208 5.006059646606445 2.097083806991577 1.5347249507904053 0.0 Vehicle 
