11.33417498893815 7.793626699173217 -6.428500056266785 0.5 0.5 1.100000023841858 0.0 Pedestrian 
10.49136638003031 6.571007049226637 -6.048500061035156 0.3753577768802643 0.3753577768802643 1.8600000143051147 0.0 Pedestrian 
1.541893882557396 12.229666239031985 -5.896100163459778 0.3753577768802643 0.3753577768802643 1.8600000143051147 0.0 Pedestrian 
0.48426663796338687 12.507054393209728 -5.896100163459778 0.3753577768802643 0.3753577768802643 1.8600000143051147 0.0 Pedestrian 
10.276147904966216 -1.9723046921770901 -6.048500180244446 0.3753577768802643 0.3753577768802643 1.8600000143051147 0.0 Pedestrian 
10.123462589027163 4.14804012169148 -6.048500180244446 0.3753577768802643 0.3753577768802643 1.8600000143051147 0.0 Pedestrian 
7.852772928201858 13.550153911273128 -6.176100075244904 0.3753577768802643 0.3753577768802643 1.2999999523162842 0.0 Pedestrian 
13.768080367089937 -39.644516066554615 -6.176112174987793 0.3753577768802643 0.3753577768802643 1.2999999523162842 0.0 Pedestrian 
9.888831564413103 9.248402046945216 -6.328499972820282 0.3753577768802643 0.3753577768802643 1.2999999523162842 0.0 Pedestrian 
22.84880493832459 14.444595257196738 -6.328499913215637 0.3753577768802643 0.3753577768802643 1.2999999523162842 0.0 Pedestrian 
2.3398220714455817 -13.009858085205224 -6.177496254444122 0.3753577768802643 0.3753577768802643 1.2999999523162842 0.0 Pedestrian 
4.972867339148387 12.591116987282476 -5.898186564445496 0.3753577768802643 0.3753577768802643 1.8600000143051147 0.0 Pedestrian 
10.85886269326948 -7.580770125737331 -6.428500056266785 0.5 0.5 1.100000023841858 0.0 Pedestrian 
33.12184127202107 -22.642044824932896 -6.99838487629313 4.791779518127441 2.163450002670288 1.488319993019104 0.0 Vehicle 
22.60457936353471 -14.078465817442066 -6.961410887539387 3.987684965133667 1.8508483171463013 1.6171096563339233 0.0 Vehicle 
29.616098078490566 -22.525558719640117 -7.0548290610313416 2.2094459533691406 0.8670341968536377 1.2511454820632935 0.0 Vehicle 
