4.226825075228039 12.142021624406993 -5.896100044250488 0.3753577768802643 0.3753577768802643 1.8600000143051147 0.0 Pedestrian 
12.336049098577377 22.183518852630982 -6.276100039482117 0.5 0.5 1.100000023841858 0.0 Pedestrian 
6.768767200153306 -12.543137150953498 -5.896100163459778 0.3753577768802643 0.3753577768802643 1.8600000143051147 0.0 Pedestrian 
11.51694620221416 1.6857390834036323 -6.048500061035156 0.3753577768802643 0.3753577768802643 1.8600000143051147 0.0 Pedestrian 
9.555002064653785 12.6095476501348 -5.89617383480072 0.3753577768802643 0.3753577768802643 1.8600000143051147 0.0 Pedestrian 
9.97691854530462 3.4485128330374977 -6.0485000014305115 0.3753577768802643 0.3753577768802643 1.8600000143051147 0.0 Pedestrian 
9.755287024260973 11.939340883090267 -5.904044151306152 0.3753577768802643 0.3753577768802643 1.8600000143051147 0.0 Pedestrian 
26.431362523244367 15.879350935649654 -6.0485000014305115 0.3753577768802643 0.3753577768802643 1.8600000143051147 0.0 Pedestrian 
10.72865740786903 3.175710613650466 -6.3285000920295715 0.3753577768802643 0.3753577768802643 1.2999999523162842 0.0 Pedestrian 
12.719941569156902 -23.936926664236466 -6.176112174987793 0.3753577768802643 0.3753577768802643 1.2999999523162842 0.0 Pedestrian 
0.5311288382026405 13.193801553816456 -6.176175236701965 0.3753577768802643 0.3753577768802643 1.2999999523162842 0.0 Pedestrian 
9.590414443625448 13.287514701196187 -6.178607523441315 0.3753577768802643 0.3753577768802643 1.2999999523162842 0.0 Pedestrian 
0.5419380974602177 -13.174101850333045 -6.277773976325989 0.5 0.5 1.100000023841858 0.0 Pedestrian 
32.92231991142933 -3.6409194261145785 -6.998325290740468 4.791779518127441 2.163450002670288 1.488319993019104 0.0 Vehicle 
22.800296024115625 -37.958892309722614 -6.961410887539387 3.987684965133667 1.8508483171463013 1.6171096563339233 0.0 Vehicle 
29.42548761442583 -2.122103523118085 -7.054857671260834 2.2094459533691406 0.8670341968536377 1.2511454820632935 0.0 Vehicle 
18.447670552382988 29.304000157524342 -6.999914474487014 5.006059646606445 2.097083806991577 1.5347249507904053 0.0 Vehicle 
