4.72575005014971 12.143933042272806 -5.896100044250488 0.3753577768802643 0.3753577768802643 1.8600000143051147 0.0 Pedestrian 
12.276760872702525 22.473460229412808 -6.276100039482117 0.5 0.5 1.100000023841858 0.0 Pedestrian 
7.14658785451563 -12.448159838567676 -5.896100163459778 0.3753577768802643 0.3753577768802643 1.8600000143051147 0.0 Pedestrian 
11.550691747825766 1.2593608804456835 -6.048500061035156 0.3753577768802643 0.3753577768802643 1.8600000143051147 0.0 Pedestrian 
9.834579337397841 12.624756640089117 -5.89617383480072 0.3753577768802643 0.3753577768802643 1.8600000143051147 0.0 Pedestrian 
10.006004946415942 2.9386935030586585 -6.0485000014305115 0.3753577768802643 0.3753577768802643 1.8600000143051147 0.0 Pedestrian 
10.315409746232731 12.151899955261229 -5.89633572101593 0.3753577768802643 0.3753577768802643 1.8600000143051147 0.0 Pedestrian 
26.96492292507058 15.962373582126702 -6.0485000014305115 0.3753577768802643 0.3753577768802643 1.8600000143051147 0.0 Pedestrian 
10.729339072322597 2.8427028986937444 -6.3285000920295715 0.3753577768802643 0.3753577768802643 1.2999999523162842 0.0 Pedestrian 
12.70813499790414 -23.607137881065682 -6.176112174987793 0.3753577768802643 0.3753577768802643 1.2999999523162842 0.0 Pedestrian 
0.251018988877739 13.20215075987619 -6.176175236701965 0.3753577768802643 0.3753577768802643 1.2999999523162842 0.0 Pedestrian 
9.205641892984154 13.282745652218182 -6.176100015640259 0.3753577768802643 0.3753577768802643 1.2999999523162842 0.0 Pedestrian 
0.22741460383748802 -13.195938955843076 -6.277773976325989 0.5 0.5 1.100000023841858 0.0 Pedestrian 
32.91742050043513 -3.164832980477968 -6.998324871063232 4.791779518127441 2.163450002670288 1.488319993019104 0.0 Vehicle 
22.803653676516888 -38.44679284121048 -6.961410962045193 3.987684965133667 1.8508483171463013 1.6171096563339233 0.0 Vehicle 
29.421130429394864 -1.66154439822742 -7.054857634007931 2.2094459533691406 0.8670341968536377 1.2511454820632935 0.0 Vehicle 
18.44436993928865 28.842809567917925 -6.9987435531802475 5.006059646606445 2.097083806991577 1.5347249507904053 0.0 Vehicle 
