12.430001743259979 13.45417167974199 -6.276100039482117 0.5 0.5 1.100000023841858 0.0 Pedestrian 
10.731353380568603 -1.6282872898894993 -6.048500061035156 0.3753577768802643 0.3753577768802643 1.8600000143051147 0.0 Pedestrian 
8.705496656780262 12.887301447644177 -5.896100163459778 0.3753577768802643 0.3753577768802643 1.8600000143051147 0.0 Pedestrian 
-2.1209762999737904 12.202394661825338 -5.89617383480072 0.3753577768802643 0.3753577768802643 1.8600000143051147 0.0 Pedestrian 
7.908720099883702 12.819417746868908 -5.896100163459778 0.3753577768802643 0.3753577768802643 1.8600000143051147 0.0 Pedestrian 
9.951111741054138 6.576935366583143 -6.048500180244446 0.3753577768802643 0.3753577768802643 1.8600000143051147 0.0 Pedestrian 
11.467222331355444 12.268985518126556 -6.048500180244446 0.3753577768802643 0.3753577768802643 1.8600000143051147 0.0 Pedestrian 
10.037006750440543 11.902379670223695 -6.224340438842773 0.3753577768802643 0.3753577768802643 1.2999999523162842 0.0 Pedestrian 
13.55707058626976 -33.7082309382389 -6.176112174987793 0.3753577768802643 0.3753577768802643 1.2999999523162842 0.0 Pedestrian 
8.563359232357133 12.194937466652618 -6.176175236701965 0.3753577768802643 0.3753577768802643 1.2999999523162842 0.0 Pedestrian 
17.286447388437686 13.904013057175916 -6.328499913215637 0.3753577768802643 0.3753577768802643 1.2999999523162842 0.0 Pedestrian 
9.138717428304986 -11.834594908262602 -6.277773976325989 0.5 0.5 1.100000023841858 0.0 Pedestrian 
33.07319044308953 -18.002501985040226 -6.998407535604201 4.791779518127441 2.163450002670288 1.488319993019104 0.0 Vehicle 
22.69064132577158 -22.844623170298632 -6.9614107720553875 3.987684965133667 1.8508483171463013 1.6171096563339233 0.0 Vehicle 
29.55873227798331 -16.331347294901775 -7.054850861430168 2.2094459533691406 0.8670341968536377 1.2511454820632935 0.0 Vehicle 
18.59952735609403 43.57225674232291 -6.999911117556621 5.006059646606445 2.097083806991577 1.5347249507904053 0.0 Vehicle 
