11.707440701341941 10.045996664418908 -6.428500056266785 0.5 0.5 1.100000023841858 0.0 Pedestrian 
10.800794656665818 3.33848500763051 -6.048500061035156 0.3753577768802643 0.3753577768802643 1.8600000143051147 0.0 Pedestrian 
4.8732250846407865 12.291697919892044 -5.896100163459778 0.3753577768802643 0.3753577768802643 1.8600000143051147 0.0 Pedestrian 
3.443906535748418 12.242622855098716 -5.896100163459778 0.3753577768802643 0.3753577768802643 1.8600000143051147 0.0 Pedestrian 
10.10271435352387 1.3650975070643767 -6.048500180244446 0.3753577768802643 0.3753577768802643 1.8600000143051147 0.0 Pedestrian 
9.877390877801517 7.324769955806005 -6.048500180244446 0.3753577768802643 0.3753577768802643 1.8600000143051147 0.0 Pedestrian 
8.250958056826853 12.959222037730342 -6.176100075244904 0.3753577768802643 0.3753577768802643 1.2999999523162842 0.0 Pedestrian 
13.68604401525414 -37.33596375246373 -6.176112174987793 0.3753577768802643 0.3753577768802643 1.2999999523162842 0.0 Pedestrian 
10.26176838369268 10.927374795947344 -6.328499972820282 0.3753577768802643 0.3753577768802643 1.2999999523162842 0.0 Pedestrian 
20.551835414308293 14.199091927691029 -6.328499913215637 0.3753577768802643 0.3753577768802643 1.2999999523162842 0.0 Pedestrian 
0.029481865353247372 -12.972161527577782 -6.177496254444122 0.3753577768802643 0.3753577768802643 1.2999999523162842 0.0 Pedestrian 
1.4697028917926787 13.07797391304166 -5.898186564445496 0.3753577768802643 0.3753577768802643 1.8600000143051147 0.0 Pedestrian 
10.547513362226788 -9.50578406358386 -6.428500056266785 0.5 0.5 1.100000023841858 0.0 Pedestrian 
33.11263026986633 -21.737310356337616 -6.998518314445391 4.791779518127441 2.163450002670288 1.488319993019104 0.0 Vehicle 
22.641588680145603 -17.486587581071603 -6.9614108465611935 3.987684965133667 1.8508483171463013 1.6171096563339233 0.0 Vehicle 
29.601233856734822 -20.920718265243522 -7.054808750748634 2.2094459533691406 0.8670341968536377 1.2511454820632935 0.0 Vehicle 
