6.436883681146014 12.420458238475135 -5.896100044250488 0.3753577768802643 0.3753577768802643 1.8600000143051147 0.0 Pedestrian 
11.692400695445258 23.60643026578748 -6.280460238456726 0.5 0.5 1.100000023841858 0.0 Pedestrian 
9.052076964315503 -12.082669490079866 -5.896100163459778 0.3753577768802643 0.3753577768802643 1.8600000143051147 0.0 Pedestrian 
11.597800790671965 -0.8263829120835453 -6.048500061035156 0.3753577768802643 0.3753577768802643 1.8600000143051147 0.0 Pedestrian 
10.110049255600323 12.4130547972552 -5.89617383480072 0.3753577768802643 0.3753577768802643 1.8600000143051147 0.0 Pedestrian 
9.969640703929128 0.6462197114615833 -6.0485000014305115 0.3753577768802643 0.3753577768802643 1.8600000143051147 0.0 Pedestrian 
7.964951040144321 12.286923786413581 -5.896100163459778 0.3753577768802643 0.3753577768802643 1.8600000143051147 0.0 Pedestrian 
29.6322498514755 16.381035323314222 -6.0485000014305115 0.3753577768802643 0.3753577768802643 1.8600000143051147 0.0 Pedestrian 
10.806902482525079 1.555918436207321 -6.3285000920295715 0.3753577768802643 0.3753577768802643 1.2999999523162842 0.0 Pedestrian 
12.648964896194087 -21.95819875792813 -6.176112174987793 0.3753577768802643 0.3753577768802643 1.2999999523162842 0.0 Pedestrian 
-1.2252987091183059 13.240633494277063 -6.176175236701965 0.3753577768802643 0.3753577768802643 1.2999999523162842 0.0 Pedestrian 
7.5549524915361985 13.242381017623757 -6.176100015640259 0.3753577768802643 0.3753577768802643 1.2999999523162842 0.0 Pedestrian 
-1.1711343547133026 -13.2167203351554 -6.277773976325989 0.5 0.5 1.100000023841858 0.0 Pedestrian 
32.892872489569974 -0.7829415663352393 -6.998324527754448 4.791779518127441 2.163450002670288 1.488319993019104 0.0 Vehicle 
22.82045312152806 -40.886615738024375 -6.961410887539387 3.987684965133667 1.8508483171463013 1.6171096563339233 0.0 Vehicle 
29.399328961194595 0.641696320832807 -7.054857578128576 2.2094459533691406 0.8670341968536377 1.2511454820632935 0.0 Vehicle 
18.434332955513057 26.53926003178492 -6.999946441650536 5.006059646606445 2.097083806991577 1.5347249507904053 0.0 Vehicle 
