12.181589053849223 12.617792755868095 -6.428500056266785 0.5 0.5 1.100000023841858 0.0 Pedestrian 
10.769500034509555 -0.37934657005087047 -6.048500061035156 0.3753577768802643 0.3753577768802643 1.8600000143051147 0.0 Pedestrian 
8.460249935342638 12.206416435514484 -5.896100163459778 0.3753577768802643 0.3753577768802643 1.8600000143051147 0.0 Pedestrian 
6.931100183624757 12.312358958103346 -5.896100163459778 0.3753577768802643 0.3753577768802643 1.8600000143051147 0.0 Pedestrian 
9.943887102702218 5.214636075824103 -6.048500180244446 0.3753577768802643 0.3753577768802643 1.8600000143051147 0.0 Pedestrian 
10.617502926063434 11.139332172796003 -6.048500180244446 0.3753577768802643 0.3753577768802643 1.8600000143051147 0.0 Pedestrian 
9.947561494413307 12.817182819954951 -6.176100075244904 0.3753577768802643 0.3753577768802643 1.2999999523162842 0.0 Pedestrian 
13.592246640951146 -34.69761533906967 -6.176112174987793 0.3753577768802643 0.3753577768802643 1.2999999523162842 0.0 Pedestrian 
9.553133523771518 12.209220349884731 -6.176175236701965 0.3753577768802643 0.3753577768802643 1.2999999523162842 0.0 Pedestrian 
18.104763247567305 13.972010529903855 -6.328499913215637 0.3753577768802643 0.3753577768802643 1.2999999523162842 0.0 Pedestrian 
-2.610183402226511 -12.930311644520543 -6.177496254444122 0.3753577768802643 0.3753577768802643 1.2999999523162842 0.0 Pedestrian 
-2.6024010683653103 13.255849341360772 -5.898186564445496 0.3753577768802643 0.3753577768802643 1.8600000143051147 0.0 Pedestrian 
10.22559679587873 -11.71537965324319 -6.277773976325989 0.5 0.5 1.100000023841858 0.0 Pedestrian 
33.08597275400571 -19.21325030838011 -6.998447093996219 4.791779518127441 2.163450002670288 1.488319993019104 0.0 Vehicle 
22.678200207138033 -21.38306164900166 -6.96141092479229 3.987684965133667 1.8508483171463013 1.6171096563339233 0.0 Vehicle 
29.571040920651996 -17.66363279731513 -7.054845444858074 2.2094459533691406 0.8670341968536377 1.2511454820632935 0.0 Vehicle 
18.609939563814265 44.951706772651164 -6.999910278325842 5.006059646606445 2.097083806991577 1.5347249507904053 0.0 Vehicle 
