-0.2150499831505286 12.223077141103886 -5.896100044250488 0.3753577768802643 0.3753577768802643 1.8600000143051147 0.0 Pedestrian 
12.19492054019831 19.200520918691495 -6.276100039482117 0.5 0.5 1.100000023841858 0.0 Pedestrian 
10.759395902597852 -10.871869910034889 -6.048500061035156 0.3753577768802643 0.3753577768802643 1.8600000143051147 0.0 Pedestrian 
11.46867798865546 6.2867803342327875 -6.048500061035156 0.3753577768802643 0.3753577768802643 1.8600000143051147 0.0 Pedestrian 
6.727049250884868 12.311281415070425 -5.89617383480072 0.3753577768802643 0.3753577768802643 1.8600000143051147 0.0 Pedestrian 
10.119081109142044 8.639597380939335 -6.0485000014305115 0.3753577768802643 0.3753577768802643 1.8600000143051147 0.0 Pedestrian 
9.919056167600143 9.282683263156741 -6.048500239849091 0.3753577768802643 0.3753577768802643 1.8600000143051147 0.0 Pedestrian 
21.09916820564534 15.03761593532056 -6.0485000014305115 0.3753577768802643 0.3753577768802643 1.8600000143051147 0.0 Pedestrian 
10.808680341527232 6.15179112803321 -6.3285000920295715 0.3753577768802643 0.3753577768802643 1.2999999523162842 0.0 Pedestrian 
12.838037780672579 -27.234813430896224 -6.176112174987793 0.3753577768802643 0.3753577768802643 1.2999999523162842 0.0 Pedestrian 
3.474828870303803 13.036925775630152 -6.176175236701965 0.3753577768802643 0.3753577768802643 1.2999999523162842 0.0 Pedestrian 
11.977101697868903 13.370739416542278 -6.176100015640259 0.3753577768802643 0.3753577768802643 1.2999999523162842 0.0 Pedestrian 
3.3503756517920777 -13.029661773102816 -6.277773976325989 0.5 0.5 1.100000023841858 0.0 Pedestrian 
32.97203325450656 -8.39133734050722 -6.998328456887975 4.791779518127441 2.163450002670288 1.488319993019104 0.0 Vehicle 
22.766684390115017 -33.08106768087771 -6.961410887539387 3.987684965133667 1.8508483171463013 1.6171096563339233 0.0 Vehicle 
29.46899078577559 -6.725728063841984 -7.0548574812710285 2.2094459533691406 0.8670341968536377 1.2511454820632935 0.0 Vehicle 
18.493647250298835 33.909557061573764 -6.999912986757408 5.006059646606445 2.097083806991577 1.5347249507904053 0.0 Vehicle 
