9.923351002770334 7.000261156408726 -6.0485000014305115 0.3753577768802643 0.3753577768802643 1.8600000143051147 0.0 Pedestrian 
10.772108795865975 31.937459974305284 -6.279619514942169 0.5 0.5 1.100000023841858 0.0 Pedestrian 
11.672444942343397 0.9238565561000769 -6.0485000014305115 0.3753577768802643 0.3753577768802643 1.8600000143051147 0.0 Pedestrian 
8.11789719748596 -12.762937430923557 -5.896100163459778 0.3753577768802643 0.3753577768802643 1.8600000143051147 0.0 Pedestrian 
10.278975742902084 -3.2088582652127116 -6.048500180244446 0.3753577768802643 0.3753577768802643 1.8600000143051147 0.0 Pedestrian 
10.592858664907155 -11.169820384383456 -6.0485000014305115 0.3753577768802643 0.3753577768802643 1.8600000143051147 0.0 Pedestrian 
37.58282891941484 25.380907105516258 -5.896100163459778 0.3753577768802643 0.3753577768802643 1.8600000143051147 0.0 Pedestrian 
0.37537911130550583 -12.676124680561998 -5.8960617780685425 0.3753577768802643 0.3753577768802643 1.8600000143051147 0.0 Pedestrian 
10.284892928001774 -6.992809612228143 -6.3285000920295715 0.3753577768802643 0.3753577768802643 1.2999999523162842 0.0 Pedestrian 
12.653016131842605 -13.129982657066762 -6.176112174987793 0.3753577768802643 0.3753577768802643 1.2999999523162842 0.0 Pedestrian 
10.54876320153214 7.258201767242554 -6.328499913215637 0.3753577768802643 0.3753577768802643 1.2999999523162842 0.0 Pedestrian 
9.000477237766518 -11.936384277033085 -5.896100163459778 0.3753577768802643 0.3753577768802643 1.8600000143051147 0.0 Pedestrian 
5.088796578943942 -12.329124467055635 -5.896167874336243 0.3753577768802643 0.3753577768802643 1.8600000143051147 0.0 Pedestrian 
8.110389002801185 -11.917021071721479 -5.8963717222213745 0.3753577768802643 0.3753577768802643 1.8600000143051147 0.0 Pedestrian 
32.769390862888244 11.382101771151497 -6.998356151627377 4.791779518127441 2.163450002670288 1.488319993019104 0.0 Vehicle 
29.28157615153821 13.105704747298887 -7.054856680333614 2.2094459533691406 0.8670341968536377 1.2511454820632935 0.0 Vehicle 
18.541403732228293 12.239636964882834 -6.999913635256235 5.006059646606445 2.097083806991577 1.5347249507904053 0.0 Vehicle 
