0.20043224990875785 12.204514462139059 -5.896100044250488 0.3753577768802643 0.3753577768802643 1.8600000143051147 0.0 Pedestrian 
12.205038033577509 19.4839904254452 -6.276100039482117 0.5 0.5 1.100000023841858 0.0 Pedestrian 
10.79304805956793 -11.396134623180387 -6.048500061035156 0.3753577768802643 0.3753577768802643 1.8600000143051147 0.0 Pedestrian 
11.503615616931643 5.792162116969024 -6.048500061035156 0.3753577768802643 0.3753577768802643 1.8600000143051147 0.0 Pedestrian 
7.208211895664309 12.216725691271336 -5.89617383480072 0.3753577768802643 0.3753577768802643 1.8600000143051147 0.0 Pedestrian 
10.326330042439421 8.132861851934138 -6.0485000014305115 0.3753577768802643 0.3753577768802643 1.8600000143051147 0.0 Pedestrian 
10.011153363659364 9.75750300005484 -6.048500239849091 0.3753577768802643 0.3753577768802643 1.8600000143051147 0.0 Pedestrian 
21.60639726169643 15.11259364415082 -6.0485000014305115 0.3753577768802643 0.3753577768802643 1.8600000143051147 0.0 Pedestrian 
10.784344799782994 5.870169483646748 -6.3285000920295715 0.3753577768802643 0.3753577768802643 1.2999999523162842 0.0 Pedestrian 
12.826322706383976 -26.905021452581195 -6.176112174987793 0.3753577768802643 0.3753577768802643 1.2999999523162842 0.0 Pedestrian 
3.1697483137735105 13.06428681010641 -6.176175236701965 0.3753577768802643 0.3753577768802643 1.2999999523162842 0.0 Pedestrian 
11.67980119677734 13.355881041571251 -6.176100015640259 0.3753577768802643 0.3753577768802643 1.2999999523162842 0.0 Pedestrian 
3.073650449126717 -13.04609471914705 -6.277773976325989 0.5 0.5 1.100000023841858 0.0 Pedestrian 
32.967016743440745 -7.917581459335452 -6.998327922890894 4.791779518127441 2.163450002670288 1.488319993019104 0.0 Vehicle 
22.77003472031072 -33.56875853182271 -6.9614108093082905 3.987684965133667 1.8508483171463013 1.6171096563339233 0.0 Vehicle 
29.4646472965973 -6.265561136875817 -7.054857559502125 2.2094459533691406 0.8670341968536377 1.2511454820632935 0.0 Vehicle 
18.48824335062912 33.44913467705601 -6.999913253785053 5.006059646606445 2.097083806991577 1.5347249507904053 0.0 Vehicle 
