11.236195855553227 7.496862477398736 -6.428500056266785 0.5 0.5 1.100000023841858 0.0 Pedestrian 
10.459475551860725 7.259509373031335 -6.048500061035156 0.3753577768802643 0.3753577768802643 1.8600000143051147 0.0 Pedestrian 
1.0328143328767752 12.229103561928468 -5.896100163459778 0.3753577768802643 0.3753577768802643 1.8600000143051147 0.0 Pedestrian 
0.05427708666184117 12.567228446485501 -5.896100163459778 0.3753577768802643 0.3753577768802643 1.8600000143051147 0.0 Pedestrian 
10.28711858687463 -2.4561056488114446 -6.048500180244446 0.3753577768802643 0.3753577768802643 1.8600000143051147 0.0 Pedestrian 
9.953609712908268 4.01717856505315 -6.048500180244446 0.3753577768802643 0.3753577768802643 1.8600000143051147 0.0 Pedestrian 
8.137941018293205 13.619938302787546 -6.176100075244904 0.3753577768802643 0.3753577768802643 1.2999999523162842 0.0 Pedestrian 
13.77981075743807 -39.97430941853236 -6.176112174987793 0.3753577768802643 0.3753577768802643 1.2999999523162842 0.0 Pedestrian 
9.89956719184395 8.825110343075949 -6.328499972820282 0.3753577768802643 0.3753577768802643 1.2999999523162842 0.0 Pedestrian 
23.17694344175549 14.47966716141184 -6.328499913215637 0.3753577768802643 0.3753577768802643 1.2999999523162842 0.0 Pedestrian 
2.6697103477493442 -13.01527426231587 -6.177496254444122 0.3753577768802643 0.3753577768802643 1.2999999523162842 0.0 Pedestrian 
5.6887099276253394 12.466123905025029 -5.898186564445496 0.3753577768802643 0.3753577768802643 1.8600000143051147 0.0 Pedestrian 
10.902316480502407 -7.305781151717156 -6.428500056266785 0.5 0.5 1.100000023841858 0.0 Pedestrian 
33.12202014743575 -22.66072099530652 -6.998335170792416 4.791779518127441 2.163450002670288 1.488319993019104 0.0 Vehicle 
22.5988184696825 -13.591700798701822 -6.96141092479229 3.987684965133667 1.8508483171463013 1.6171096563339233 0.0 Vehicle 
29.616604179857376 -22.568908147822754 -7.054848153144121 2.2094459533691406 0.8670341968536377 1.2511454820632935 0.0 Vehicle 
