11.560949394105535 9.087436079707231 -6.428500056266785 0.5 0.5 1.100000023841858 0.0 Pedestrian 
10.811736047947038 4.77404821237382 -6.048500061035156 0.3753577768802643 0.3753577768802643 1.8600000143051147 0.0 Pedestrian 
3.397778975249885 12.160501497262317 -5.896100163459778 0.3753577768802643 0.3753577768802643 1.8600000143051147 0.0 Pedestrian 
2.129773822330584 12.344292697686342 -5.896100163459778 0.3753577768802643 0.3753577768802643 1.8600000143051147 0.0 Pedestrian 
10.170404269352595 -0.007961511187886572 -6.048500180244446 0.3753577768802643 0.3753577768802643 1.8600000143051147 0.0 Pedestrian 
10.098740312422745 5.930245324531256 -6.048500180244446 0.3753577768802643 0.3753577768802643 1.8600000143051147 0.0 Pedestrian 
6.752397299772937 13.193069547863274 -6.176100075244904 0.3753577768802643 0.3753577768802643 1.2999999523162842 0.0 Pedestrian 
13.721189304685453 -38.32534159359557 -6.176112174987793 0.3753577768802643 0.3753577768802643 1.2999999523162842 0.0 Pedestrian 
9.897194567376687 10.510333596565147 -6.328499972820282 0.3753577768802643 0.3753577768802643 1.2999999523162842 0.0 Pedestrian 
21.536250924600992 14.304307640336333 -6.328499913215637 0.3753577768802643 0.3753577768802643 1.2999999523162842 0.0 Pedestrian 
1.0193410163154368 -12.98785362178819 -6.177496254444122 0.3753577768802643 0.3753577768802643 1.2999999523162842 0.0 Pedestrian 
2.8011874669131913 12.923628193100058 -5.898186564445496 0.3753577768802643 0.3753577768802643 1.8600000143051147 0.0 Pedestrian 
10.718157211066874 -8.60051926995095 -6.428500056266785 0.5 0.5 1.100000023841858 0.0 Pedestrian 
33.11851681237215 -22.29762882877128 -6.9985306358430535 4.791779518127441 2.163450002670288 1.488319993019104 0.0 Vehicle 
22.626350235567955 -16.025806991579884 -6.9614108465611935 3.987684965133667 1.8508483171463013 1.6171096563339233 0.0 Vehicle 
29.609954556390022 -21.863441595843938 -7.0547865107655525 2.2094459533691406 0.8670341968536377 1.2511454820632935 0.0 Vehicle 
