11.936930746219161 11.335493408958314 -6.428500056266785 0.5 0.5 1.100000023841858 0.0 Pedestrian 
10.804771622778103 1.4258727373862143 -6.048500061035156 0.3753577768802643 0.3753577768802643 1.8600000143051147 0.0 Pedestrian 
6.786999151798053 12.22799813702352 -5.896100163459778 0.3753577768802643 0.3753577768802643 1.8600000143051147 0.0 Pedestrian 
5.278111969131928 12.22808126881091 -5.896100163459778 0.3753577768802643 0.3753577768802643 1.8600000143051147 0.0 Pedestrian 
9.985886597974279 3.1798964285414684 -6.048500180244446 0.3753577768802643 0.3753577768802643 1.8600000143051147 0.0 Pedestrian 
9.974267668382101 9.355639400908672 -6.048500180244446 0.3753577768802643 0.3753577768802643 1.8600000143051147 0.0 Pedestrian 
9.03928659933009 13.075773584036256 -6.176100075244904 0.3753577768802643 0.3753577768802643 1.2999999523162842 0.0 Pedestrian 
13.639152952849656 -36.01678927950468 -6.176112174987793 0.3753577768802643 0.3753577768802643 1.2999999523162842 0.0 Pedestrian 
10.344583034620733 11.888808422277634 -6.3263965249061584 0.3753577768802643 0.3753577768802643 1.2999999523162842 0.0 Pedestrian 
19.268940662113664 14.081292655968923 -6.328499913215637 0.3753577768802643 0.3753577768802643 1.2999999523162842 0.0 Pedestrian 
-1.2903507351538792 -12.95123753914254 -6.177496254444122 0.3753577768802643 0.3753577768802643 1.2999999523162842 0.0 Pedestrian 
-0.4861469249191046 13.168255199973828 -5.898186564445496 0.3753577768802643 0.3753577768802643 1.8600000143051147 0.0 Pedestrian 
10.589644441057665 -10.238312889547387 -6.428500056266785 0.5 0.5 1.100000023841858 0.0 Pedestrian 
33.10106872659088 -20.6424061157943 -6.998502521542832 4.791779518127441 2.163450002670288 1.488319993019104 0.0 Vehicle 
22.660529264323003 -19.434640223152883 -6.9614107720553875 3.987684965133667 1.8508483171463013 1.6171096563339233 0.0 Vehicle 
29.586921692433577 -19.37322265587568 -7.054831940680742 2.2094459533691406 0.8670341968536377 1.2511454820632935 0.0 Vehicle 
