9.934373284446634 7.02084717763347 -6.0485000014305115 0.3753577768802643 0.3753577768802643 1.8600000143051147 0.0 Pedestrian 
10.803111645447188 32.266003073136744 -6.279619514942169 0.5 0.5 1.100000023841858 0.0 Pedestrian 
11.689449741045758 1.4530042237390148 -6.0485000014305115 0.3753577768802643 0.3753577768802643 1.8600000143051147 0.0 Pedestrian 
7.5370083110421575 -12.751594668080998 -5.896100163459778 0.3753577768802643 0.3753577768802643 1.8600000143051147 0.0 Pedestrian 
10.264650670665468 -3.709810241959076 -6.048500180244446 0.3753577768802643 0.3753577768802643 1.8600000143051147 0.0 Pedestrian 
10.690952436368207 -11.82904334773832 -5.896100044250488 0.3753577768802643 0.3753577768802643 1.8600000143051147 0.0 Pedestrian 
37.54859563359845 25.92093873043723 -5.896100163459778 0.3753577768802643 0.3753577768802643 1.8600000143051147 0.0 Pedestrian 
0.8476717006325885 -12.671014221914334 -5.8960617780685425 0.3753577768802643 0.3753577768802643 1.8600000143051147 0.0 Pedestrian 
10.285226455542556 -7.283930862903958 -6.3285000920295715 0.3753577768802643 0.3753577768802643 1.2999999523162842 0.0 Pedestrian 
12.515970185468191 -13.072281839193352 -6.176112174987793 0.3753577768802643 0.3753577768802643 1.2999999523162842 0.0 Pedestrian 
10.548878123299485 6.9742150089924735 -6.328499913215637 0.3753577768802643 0.3753577768802643 1.2999999523162842 0.0 Pedestrian 
9.527520013276472 -12.023493492795296 -5.896100163459778 0.3753577768802643 0.3753577768802643 1.8600000143051147 0.0 Pedestrian 
5.559354448757787 -12.241983790807922 -5.896167874336243 0.3753577768802643 0.3753577768802643 1.8600000143051147 0.0 Pedestrian 
8.53913595499192 -11.739178455502838 -5.8963717222213745 0.3753577768802643 0.3753577768802643 1.8600000143051147 0.0 Pedestrian 
32.76480596918948 11.839125538322378 -6.998352069873363 4.791779518127441 2.163450002670288 1.488319993019104 0.0 Vehicle 
29.27721948238991 13.566249099242214 -7.054856948554516 2.2094459533691406 0.8670341968536377 1.2511454820632935 0.0 Vehicle 
18.54775432280435 11.777958448722075 -6.99991336822859 5.006059646606445 2.097083806991577 1.5347249507904053 0.0 Vehicle 
