11.150416311396265 7.200087225566392 -6.428500056266785 0.5 0.5 1.100000023841858 0.0 Pedestrian 
10.414136405194359 7.924756832280536 -6.048500061035156 0.3753577768802643 0.3753577768802643 1.8600000143051147 0.0 Pedestrian 
0.5062591190863728 12.304874161652606 -5.896100163459778 0.3753577768802643 0.3753577768802643 1.8600000143051147 0.0 Pedestrian 
-0.40240869139296365 12.600512585215256 -5.896100163459778 0.3753577768802643 0.3753577768802643 1.8600000143051147 0.0 Pedestrian 
10.294730611175513 -2.936855286509285 -6.048500180244446 0.3753577768802643 0.3753577768802643 1.8600000143051147 0.0 Pedestrian 
9.955303631242256 3.7185807233224466 -6.048500180244446 0.3753577768802643 0.3753577768802643 1.8600000143051147 0.0 Pedestrian 
8.428621013356548 13.693216898756305 -6.176100075244904 0.3753577768802643 0.3753577768802643 1.2999999523162842 0.0 Pedestrian 
13.791525898292178 -40.30410330303414 -6.176112174987793 0.3753577768802643 0.3753577768802643 1.2999999523162842 0.0 Pedestrian 
9.826663978996478 8.428496053741355 -6.328499972820282 0.3753577768802643 0.3753577768802643 1.2999999523162842 0.0 Pedestrian 
23.505066695692364 14.5147385331029 -6.328499913215637 0.3753577768802643 0.3753577768802643 1.2999999523162842 0.0 Pedestrian 
2.9986806163717006 -13.0188865091161 -6.177496254444122 0.3753577768802643 0.3753577768802643 1.2999999523162842 0.0 Pedestrian 
6.251037522842644 12.389063230081206 -5.898186564445496 0.3753577768802643 0.3753577768802643 1.8600000143051147 0.0 Pedestrian 
10.930586031115467 -7.0484961615791235 -6.428500056266785 0.5 0.5 1.100000023841858 0.0 Pedestrian 
33.122045200677675 -22.6644989727464 -6.998318157275207 4.791779518127441 2.163450002670288 1.488319993019104 0.0 Vehicle 
22.59299750977125 -13.10496459667229 -6.961410999298096 3.987684965133667 1.8508483171463013 1.6171096563339233 0.0 Vehicle 
29.6167279443886 -22.580759497891222 -7.054859884083271 2.2094459533691406 0.8670341968536377 1.2511454820632935 0.0 Vehicle 
