12.407630800825245 14.647876144521206 -6.276100039482117 0.5 0.5 1.100000023841858 0.0 Pedestrian 
10.613715245114197 -3.626458456320279 -6.048500061035156 0.3753577768802643 0.3753577768802643 1.8600000143051147 0.0 Pedestrian 
10.30150021436214 12.08982322508939 -5.896100163459778 0.3753577768802643 0.3753577768802643 1.8600000143051147 0.0 Pedestrian 
-0.3153817591666055 12.169009380807552 -5.89617383480072 0.3753577768802643 0.3753577768802643 1.8600000143051147 0.0 Pedestrian 
8.869368478831213 12.962957556036145 -5.896100163459778 0.3753577768802643 0.3753577768802643 1.8600000143051147 0.0 Pedestrian 
9.906439482999945 8.187157757585453 -6.048500180244446 0.3753577768802643 0.3753577768802643 1.8600000143051147 0.0 Pedestrian 
13.11066309638013 13.275502243469077 -6.0485000014305115 0.3753577768802643 0.3753577768802643 1.8600000143051147 0.0 Pedestrian 
10.29707738729752 10.815620606275388 -6.3285000920295715 0.3753577768802643 0.3753577768802643 1.2999999523162842 0.0 Pedestrian 
13.543363576531533 -32.96418789931511 -6.176112174987793 0.3753577768802643 0.3753577768802643 1.2999999523162842 0.0 Pedestrian 
7.451729743405853 12.157935414055146 -6.176175236701965 0.3753577768802643 0.3753577768802643 1.2999999523162842 0.0 Pedestrian 
16.215555093454434 13.790879314628 -6.328499913215637 0.3753577768802643 0.3753577768802643 1.2999999523162842 0.0 Pedestrian 
7.8730522366152655 -12.190010024691446 -6.277773976325989 0.5 0.5 1.100000023841858 0.0 Pedestrian 
33.05498545254396 -16.276198390791023 -6.99837228783872 4.791779518127441 2.163450002670288 1.488319993019104 0.0 Vehicle 
22.706456284210844 -24.793674327883423 -6.961410887539387 3.987684965133667 1.8508483171463013 1.6171096563339233 0.0 Vehicle 
29.54194148559607 -14.523119182203232 -7.054854638874531 2.2094459533691406 0.8670341968536377 1.2511454820632935 0.0 Vehicle 
18.58241990698704 41.73263696059098 -6.999912261962891 5.006059646606445 2.097083806991577 1.5347249507904053 0.0 Vehicle 
