5.673077639475316 12.500163100532859 -5.896100044250488 0.3753577768802643 0.3753577768802643 1.8600000143051147 0.0 Pedestrian 
11.962204021074783 23.156066829046267 -6.276100039482117 0.5 0.5 1.100000023841858 0.0 Pedestrian 
8.503899457587153 -12.151542347749 -5.896100163459778 0.3753577768802643 0.3753577768802643 1.8600000143051147 0.0 Pedestrian 
11.58777703653297 0.016367650297070213 -6.048500061035156 0.3753577768802643 0.3753577768802643 1.8600000143051147 0.0 Pedestrian 
9.255337685805927 12.506731233734854 -5.89617383480072 0.3753577768802643 0.3753577768802643 1.8600000143051147 0.0 Pedestrian 
9.954696445201867 1.5546730982318309 -6.0485000014305115 0.3753577768802643 0.3753577768802643 1.8600000143051147 0.0 Pedestrian 
8.699942833990296 12.142169273073819 -5.896100163459778 0.3753577768802643 0.3753577768802643 1.8600000143051147 0.0 Pedestrian 
28.56527829635627 16.21377665778641 -6.0485000014305115 0.3753577768802643 0.3753577768802643 1.8600000143051147 0.0 Pedestrian 
10.755989135095135 1.9597463839497777 -6.3285000920295715 0.3753577768802643 0.3753577768802643 1.2999999523162842 0.0 Pedestrian 
12.672623787181692 -22.617774726697576 -6.176112174987793 0.3753577768802643 0.3753577768802643 1.2999999523162842 0.0 Pedestrian 
-0.6383139484740994 13.222620558140306 -6.176175236701965 0.3753577768802643 0.3753577768802643 1.2999999523162842 0.0 Pedestrian 
8.194223764473655 13.201387137132997 -6.176100015640259 0.3753577768802643 0.3753577768802643 1.2999999523162842 0.0 Pedestrian 
-0.6863082931633215 -13.149040613577654 -6.277773976325989 0.5 0.5 1.100000023841858 0.0 Pedestrian 
32.90270051717374 -1.7359507970464847 -6.998324718559161 4.791779518127441 2.163450002670288 1.488319993019104 0.0 Vehicle 
22.813731160175024 -39.91062405637331 -6.961410887539387 3.987684965133667 1.8508483171463013 1.6171096563339233 0.0 Vehicle 
29.408052583861735 -0.2796868889072357 -7.054857634007931 2.2094459533691406 0.8670341968536377 1.2511454820632935 0.0 Vehicle 
18.43732457207841 27.46094833281029 -6.999978713989549 5.006059646606445 2.097083806991577 1.5347249507904053 0.0 Vehicle 
