12.23381630200457 15.989343236961531 -6.278620898723602 0.5 0.5 1.100000023841858 0.0 Pedestrian 
10.497755988485153 -5.9800727295215665 -6.048500061035156 0.3753577768802643 0.3753577768802643 1.8600000143051147 0.0 Pedestrian 
10.36944722037877 9.981429278537576 -6.048500061035156 0.3753577768802643 0.3753577768802643 1.8600000143051147 0.0 Pedestrian 
1.920015963922566 12.154677292328188 -5.89617383480072 0.3753577768802643 0.3753577768802643 1.8600000143051147 0.0 Pedestrian 
10.147320920635924 11.206697655224502 -6.048500061035156 0.3753577768802643 0.3753577768802643 1.8600000143051147 0.0 Pedestrian 
9.976057828459847 9.062592753537501 -6.048500180244446 0.3753577768802643 0.3753577768802643 1.8600000143051147 0.0 Pedestrian 
15.293137453653223 14.12392630361785 -6.0485000014305115 0.3753577768802643 0.3753577768802643 1.8600000143051147 0.0 Pedestrian 
10.78172498989208 9.440335044025915 -6.3285000920295715 0.3753577768802643 0.3753577768802643 1.2999999523162842 0.0 Pedestrian 
13.474315166881183 -31.084837544903962 -6.176112174987793 0.3753577768802643 0.3753577768802643 1.2999999523162842 0.0 Pedestrian 
6.129130631343962 12.275133547584119 -6.176175236701965 0.3753577768802643 0.3753577768802643 1.2999999523162842 0.0 Pedestrian 
15.467469385509197 13.487744718725253 -6.328499913215637 0.3753577768802643 0.3753577768802643 1.2999999523162842 0.0 Pedestrian 
6.8976540269188575 -12.472998804333429 -6.277773976325989 0.5 0.5 1.100000023841858 0.0 Pedestrian 
33.03111786638614 -14.013915382006076 -6.998347950051539 4.791779518127441 2.163450002670288 1.488319993019104 0.0 Vehicle 
22.725105020448552 -27.23048972164645 -6.9614108093082905 3.987684965133667 1.8508483171463013 1.6171096563339233 0.0 Vehicle 
29.52081643941733 -12.239248656383666 -7.054856564849615 2.2094459533691406 0.8670341968536377 1.2511454820632935 0.0 Vehicle 
18.558323010224598 39.43252797472053 -6.999912490849965 5.006059646606445 2.097083806991577 1.5347249507904053 0.0 Vehicle 
