9.912828428413473 7.392093004968046 -6.0485000014305115 0.3753577768802643 0.3753577768802643 1.8600000143051147 0.0 Pedestrian 
10.712354890282242 31.280162317289864 -6.279619514942169 0.5 0.5 1.100000023841858 0.0 Pedestrian 
11.596447537517907 -0.030801401399799033 -6.0485000014305115 0.3753577768802643 0.3753577768802643 1.8600000143051147 0.0 Pedestrian 
8.587966969470884 -12.591864114110535 -5.896100163459778 0.3753577768802643 0.3753577768802643 1.8600000143051147 0.0 Pedestrian 
10.332592462472295 -2.176441848311015 -6.048500180244446 0.3753577768802643 0.3753577768802643 1.8600000143051147 0.0 Pedestrian 
10.230610891649732 -9.995529024571624 -6.0485000014305115 0.3753577768802643 0.3753577768802643 1.8600000143051147 0.0 Pedestrian 
-2.0375562749681393 13.042871284397734 -5.896100163459778 0.3753577768802643 0.3753577768802643 1.8600000143051147 0.0 Pedestrian 
37.5970207625182 24.300311217526883 -5.896100163459778 0.3753577768802643 0.3753577768802643 1.8600000143051147 0.0 Pedestrian 
-0.6784708405182585 -12.64287974938668 -5.8960617780685425 0.3753577768802643 0.3753577768802643 1.8600000143051147 0.0 Pedestrian 
10.288703486905312 -6.406311266945977 -6.3285000920295715 0.3753577768802643 0.3753577768802643 1.2999999523162842 0.0 Pedestrian 
12.919092014279471 -13.573729671640308 -6.176112174987793 0.3753577768802643 0.3753577768802643 1.2999999523162842 0.0 Pedestrian 
10.552233080115434 7.902550221883359 -6.328499913215637 0.3753577768802643 0.3753577768802643 1.2999999523162842 0.0 Pedestrian 
8.306322039137243 -11.933567745280698 -5.896100163459778 0.3753577768802643 0.3753577768802643 1.8600000143051147 0.0 Pedestrian 
4.136849431733069 -12.499289516575573 -5.896167874336243 0.3753577768802643 0.3753577768802643 1.8600000143051147 0.0 Pedestrian 
7.707710858671035 -11.848885229745633 -5.8963717222213745 0.3753577768802643 0.3753577768802643 1.8600000143051147 0.0 Pedestrian 
32.778414167598534 10.477932824271079 -6.998366413172334 4.791779518127441 2.163450002670288 1.488319993019104 0.0 Vehicle 
29.29025289544838 12.185663969579878 -7.054856318980455 2.2094459533691406 0.8670341968536377 1.2511454820632935 0.0 Vehicle 
18.528949421938698 13.162920075011925 -6.999913520812697 5.006059646606445 2.097083806991577 1.5347249507904053 0.0 Vehicle 
