-1.474416938527348 12.265747400261262 -5.896100044250488 0.3753577768802643 0.3753577768802643 1.8600000143051147 0.0 Pedestrian 
12.197130308555792 18.299088929834852 -6.276100039482117 0.5 0.5 1.100000023841858 0.0 Pedestrian 
10.44408770123259 -10.094294353808891 -6.048500061035156 0.3753577768802643 0.3753577768802643 1.8600000143051147 0.0 Pedestrian 
11.172855027903818 7.435903250217166 -6.048500061035156 0.3753577768802643 0.3753577768802643 1.8600000143051147 0.0 Pedestrian 
4.9295849955977715 12.233830405863046 -5.89617383480072 0.3753577768802643 0.3753577768802643 1.8600000143051147 0.0 Pedestrian 
10.032968985406544 8.58713359548483 -6.0485000014305115 0.3753577768802643 0.3753577768802643 1.8600000143051147 0.0 Pedestrian 
9.761038392487233 8.005798926282523 -6.048500239849091 0.3753577768802643 0.3753577768802643 1.8600000143051147 0.0 Pedestrian 
19.622374704735726 14.852312924712692 -6.0485000014305115 0.3753577768802643 0.3753577768802643 1.8600000143051147 0.0 Pedestrian 
10.799729659971673 6.9100347377910225 -6.3285000920295715 0.3753577768802643 0.3753577768802643 1.2999999523162842 0.0 Pedestrian 
12.875199464721675 -28.224220100565844 -6.176112174987793 0.3753577768802643 0.3753577768802643 1.2999999523162842 0.0 Pedestrian 
4.524508161336179 12.933796291391673 -6.176175236701965 0.3753577768802643 0.3753577768802643 1.2999999523162842 0.0 Pedestrian 
12.905534394645741 13.380052744738691 -6.328499913215637 0.3753577768802643 0.3753577768802643 1.2999999523162842 0.0 Pedestrian 
4.170292806365595 -12.95199234786503 -6.277773976325989 0.5 0.5 1.100000023841858 0.0 Pedestrian 
32.98698054308817 -9.809677081169411 -6.998330821981654 4.791779518127441 2.163450002670288 1.488319993019104 0.0 Vehicle 
22.756577061137165 -31.618130691211604 -6.9614107720553875 3.987684965133667 1.8508483171463013 1.6171096563339233 0.0 Vehicle 
29.482007840361177 -8.10584474810969 -7.054857578128576 2.2094459533691406 0.8670341968536377 1.2511454820632935 0.0 Vehicle 
18.51039887219089 35.2906655781004 -6.999912567138381 5.006059646606445 2.097083806991577 1.5347249507904053 0.0 Vehicle 
