6.030639545186304 12.264543925748171 -5.896100044250488 0.3753577768802643 0.3753577768802643 1.8600000143051147 0.0 Pedestrian 
11.808061295944597 23.36625802892911 -6.276100039482117 0.5 0.5 1.100000023841858 0.0 Pedestrian 
8.482609296506482 -12.079653603047745 -5.896100163459778 0.3753577768802643 0.3753577768802643 1.8600000143051147 0.0 Pedestrian 
11.594138468861761 -0.4049597876955886 -6.048500061035156 0.3753577768802643 0.3753577768802643 1.8600000143051147 0.0 Pedestrian 
9.7414088253851 12.69440723059813 -5.89617383480072 0.3753577768802643 0.3753577768802643 1.8600000143051147 0.0 Pedestrian 
9.993618733566441 1.0985392404228946 -6.0485000014305115 0.3753577768802643 0.3753577768802643 1.8600000143051147 0.0 Pedestrian 
8.243146005231132 12.154149116650046 -5.896100163459778 0.3753577768802643 0.3753577768802643 1.8600000143051147 0.0 Pedestrian 
29.098825851039997 16.297167198306852 -6.0485000014305115 0.3753577768802643 0.3753577768802643 1.8600000143051147 0.0 Pedestrian 
10.784290150277448 1.752676173751695 -6.3285000920295715 0.3753577768802643 0.3753577768802643 1.2999999523162842 0.0 Pedestrian 
12.66081721592893 -22.28798594352679 -6.176112174987793 0.3753577768802643 0.3753577768802643 1.2999999523162842 0.0 Pedestrian 
-0.9353139227668663 13.231947790076788 -6.176175236701965 0.3753577768802643 0.3753577768802643 1.2999999523162842 0.0 Pedestrian 
7.88305764908808 13.298082764224205 -6.176100015640259 0.3753577768802643 0.3753577768802643 1.2999999523162842 0.0 Pedestrian 
-0.9679241463649504 -13.084885690424244 -6.277773976325989 0.5 0.5 1.100000023841858 0.0 Pedestrian 
32.89778779307852 -1.2594831140592078 -6.998324680374935 4.791779518127441 2.163450002670288 1.488319993019104 0.0 Vehicle 
22.81709134206548 -40.3985970229578 -6.961410887539387 3.987684965133667 1.8508483171463013 1.6171096563339233 0.0 Vehicle 
29.403691271769453 0.18099041956213568 -7.054857596755028 2.2094459533691406 0.8670341968536377 1.2511454820632935 0.0 Vehicle 
18.435568823459477 27.00011514434982 -6.999967422485497 5.006059646606445 2.097083806991577 1.5347249507904053 0.0 Vehicle 
