-0.6321496817166761 12.237677568613321 -5.896100044250488 0.3753577768802643 0.3753577768802643 1.8600000143051147 0.0 Pedestrian 
12.200405482378905 18.891299838408372 -6.276100039482117 0.5 0.5 1.100000023841858 0.0 Pedestrian 
10.779503823177372 -10.174498130899224 -6.048500061035156 0.3753577768802643 0.3753577768802643 1.8600000143051147 0.0 Pedestrian 
11.3708999903216 6.7034847677833795 -6.048500061035156 0.3753577768802643 0.3753577768802643 1.8600000143051147 0.0 Pedestrian 
6.223548340795716 12.200810578814526 -5.89617383480072 0.3753577768802643 0.3753577768802643 1.8600000143051147 0.0 Pedestrian 
10.132074565569969 8.438904054042723 -6.0485000014305115 0.3753577768802643 0.3753577768802643 1.8600000143051147 0.0 Pedestrian 
9.99174899437618 9.01112756627947 -6.048500239849091 0.3753577768802643 0.3753577768802643 1.8600000143051147 0.0 Pedestrian 
20.59049238685519 14.987453697785895 -6.0485000014305115 0.3753577768802643 0.3753577768802643 1.8600000143051147 0.0 Pedestrian 
10.813648841690778 6.412629578515521 -6.3285000920295715 0.3753577768802643 0.3753577768802643 1.2999999523162842 0.0 Pedestrian 
12.85025608826406 -27.564587835917905 -6.176112174987793 0.3753577768802643 0.3753577768802643 1.2999999523162842 0.0 Pedestrian 
3.78046934933532 13.011019494554034 -6.176175236701965 0.3753577768802643 0.3753577768802643 1.2999999523162842 0.0 Pedestrian 
12.349507243597849 13.360638712440846 -6.176100015640259 0.3753577768802643 0.3753577768802643 1.2999999523162842 0.0 Pedestrian 
3.6260897822065346 -13.009197096957564 -6.277773976325989 0.5 0.5 1.100000023841858 0.0 Pedestrian 
32.97701907288117 -8.864651518876258 -6.998329105437733 4.791779518127441 2.163450002670288 1.488319993019104 0.0 Vehicle 
22.76331974234236 -32.593404049071296 -6.9614108465611935 3.987684965133667 1.8508483171463013 1.6171096563339233 0.0 Vehicle 
29.47333221142322 -7.185835899018798 -7.0548574812710285 2.2094459533691406 0.8670341968536377 1.2511454820632935 0.0 Vehicle 
18.49915896147482 34.36995267477175 -6.999912719729764 5.006059646606445 2.097083806991577 1.5347249507904053 0.0 Vehicle 
