8.394746272295286 12.38665328981233 -5.896100044250488 0.3753577768802643 0.3753577768802643 1.8600000143051147 0.0 Pedestrian 
10.222898744455705 26.00922678655479 -6.2797733545303345 0.5 0.5 1.100000023841858 0.0 Pedestrian 
10.247468974894176 -6.877329909402306 -6.0485000014305115 0.3753577768802643 0.3753577768802643 1.8600000143051147 0.0 Pedestrian 
11.260554873691675 -6.811812961904138 -6.048500061035156 0.3753577768802643 0.3753577768802643 1.8600000143051147 0.0 Pedestrian 
10.614206597973656 5.537612545562894 -6.048500180244446 0.3753577768802643 0.3753577768802643 1.8600000143051147 0.0 Pedestrian 
10.019493036639588 -4.724222618706449 -6.0485000014305115 0.3753577768802643 0.3753577768802643 1.8600000143051147 0.0 Pedestrian 
5.6310402643342385 12.655500317723295 -5.896100163459778 0.3753577768802643 0.3753577768802643 1.8600000143051147 0.0 Pedestrian 
36.5675182324239 17.46846169257276 -6.0485000014305115 0.3753577768802643 0.3753577768802643 1.8600000143051147 0.0 Pedestrian 
10.660340378006694 -1.8022692812529613 -6.3285000920295715 0.3753577768802643 0.3753577768802643 1.2999999523162842 0.0 Pedestrian 
12.495276028383074 -17.671239866244264 -6.176112174987793 0.3753577768802643 0.3753577768802643 1.2999999523162842 0.0 Pedestrian 
9.79238605344144 12.946330241416945 -6.176100015640259 0.3753577768802643 0.3753577768802643 1.2999999523162842 0.0 Pedestrian 
1.8120277865161398 -12.6961718438846 -5.896100163459778 0.3753577768802643 0.3753577768802643 1.8600000143051147 0.0 Pedestrian 
0.7179386024878909 -12.03397945216227 -5.8963717222213745 0.3753577768802643 0.3753577768802643 1.8600000143051147 0.0 Pedestrian 
32.83843775486895 4.511480878956007 -6.99819673539605 4.791779518127441 2.163450002670288 1.488319993019104 0.0 Vehicle 
29.35747554001437 5.076093559559057 -7.054828356951475 2.2094459533691406 0.8670341968536377 1.2511454820632935 0.0 Vehicle 
18.449686672701354 20.54556975755304 -6.9999153518729145 5.006059646606445 2.097083806991577 1.5347249507904053 0.0 Vehicle 
