7.130112598660588 12.063784730046905 -5.896100044250488 0.3753577768802643 0.3753577768802643 1.8600000143051147 0.0 Pedestrian 
11.51354727134904 24.782640895604004 -6.280460238456726 0.5 0.5 1.100000023841858 0.0 Pedestrian 
10.244619093363525 -9.617981000959503 -6.0485000014305115 0.3753577768802643 0.3753577768802643 1.8600000143051147 0.0 Pedestrian 
11.522098919118822 -3.491604868803961 -6.048500061035156 0.3753577768802643 0.3753577768802643 1.8600000143051147 0.0 Pedestrian 
10.604692834300746 8.969409456889707 -6.048500180244446 0.3753577768802643 0.3753577768802643 1.8600000143051147 0.0 Pedestrian 
10.03334885729981 -2.2077984515082107 -6.0485000014305115 0.3753577768802643 0.3753577768802643 1.8600000143051147 0.0 Pedestrian 
6.728435244825839 12.793633515582997 -5.896100163459778 0.3753577768802643 0.3753577768802643 1.8600000143051147 0.0 Pedestrian 
32.833100223864584 16.88290354604578 -6.0485000014305115 0.3753577768802643 0.3753577768802643 1.8600000143051147 0.0 Pedestrian 
10.773444707564881 0.07957772848112654 -6.3285000920295715 0.3753577768802643 0.3753577768802643 1.2999999523162842 0.0 Pedestrian 
12.57813558663429 -19.979755799289933 -6.176112174987793 0.3753577768802643 0.3753577768802643 1.2999999523162842 0.0 Pedestrian 
-3.053992681307591 13.296720213005301 -6.176175236701965 0.3753577768802643 0.3753577768802643 1.2999999523162842 0.0 Pedestrian 
8.146483533492798 13.052206404127446 -6.176100015640259 0.3753577768802643 0.3753577768802643 1.2999999523162842 0.0 Pedestrian 
-1.3761513929057259 -12.658908821271666 -5.896100163459778 0.3753577768802643 0.3753577768802643 1.8600000143051147 0.0 Pedestrian 
-2.786468391322579 -11.887987860012117 -5.8963717222213745 0.3753577768802643 0.3753577768802643 1.8600000143051147 0.0 Pedestrian 
-1.582165291604511 -13.396455895350186 -6.276100039482117 0.5 0.5 1.100000023841858 0.0 Pedestrian 
32.86385830411129 2.027652352135135 -6.998187961638905 4.791779518127441 2.163450002670288 1.488319993019104 0.0 Vehicle 
22.84063617948749 -43.815082579159935 -6.9614108093082905 3.987684965133667 1.8508483171463013 1.6171096563339233 0.0 Vehicle 
29.37966279931284 2.7193947993485494 -7.054909475147724 2.2094459533691406 0.8670341968536377 1.2511454820632935 0.0 Vehicle 
18.434177626618094 23.773476334083057 -6.999969215394231 5.006059646606445 2.097083806991577 1.5347249507904053 0.0 Vehicle 
