0.6143550119573931 12.174207693708809 -5.896100044250488 0.3753577768802643 0.3753577768802643 1.8600000143051147 0.0 Pedestrian 
12.22445276861523 19.788038674889435 -6.276100039482117 0.5 0.5 1.100000023841858 0.0 Pedestrian 
10.44961032159052 -11.331939962728597 -6.048500180244446 0.3753577768802643 0.3753577768802643 1.8600000143051147 0.0 Pedestrian 
11.479659903854062 5.31996580493562 -6.048500061035156 0.3753577768802643 0.3753577768802643 1.8600000143051147 0.0 Pedestrian 
7.600299037648917 12.285732534657654 -5.89617383480072 0.3753577768802643 0.3753577768802643 1.8600000143051147 0.0 Pedestrian 
10.108971524841301 7.6047558509374085 -6.0485000014305115 0.3753577768802643 0.3753577768802643 1.8600000143051147 0.0 Pedestrian 
10.063274772395523 10.365350357559805 -6.048500239849091 0.3753577768802643 0.3753577768802643 1.8600000143051147 0.0 Pedestrian 
22.15998513982852 15.210603735115683 -6.0485000014305115 0.3753577768802643 0.3753577768802643 1.8600000143051147 0.0 Pedestrian 
10.777178751345655 5.621542958607051 -6.3285000920295715 0.3753577768802643 0.3753577768802643 1.2999999523162842 0.0 Pedestrian 
12.81457713310732 -26.575230539314248 -6.176112174987793 0.3753577768802643 0.3753577768802643 1.2999999523162842 0.0 Pedestrian 
2.8777526828687243 13.043111387372392 -6.176175236701965 0.3753577768802643 0.3753577768802643 1.2999999523162842 0.0 Pedestrian 
11.954079609487309 13.368927773586734 -6.176100015640259 0.3753577768802643 0.3753577768802643 1.2999999523162842 0.0 Pedestrian 
2.7968745355331777 -13.060201052304137 -6.277773976325989 0.5 0.5 1.100000023841858 0.0 Pedestrian 
32.96198675286014 -7.443439575346133 -6.998327503213659 4.791779518127441 2.163450002670288 1.488319993019104 0.0 Vehicle 
22.773416082018514 -34.056463567213655 -6.96141092479229 3.987684965133667 1.8508483171463013 1.6171096563339233 0.0 Vehicle 
29.46030201015037 -5.80534274286731 -7.054857537150383 2.2094459533691406 0.8670341968536377 1.2511454820632935 0.0 Vehicle 
18.482901580549097 32.98868201745961 -6.999913520812697 5.006059646606445 2.097083806991577 1.5347249507904053 0.0 Vehicle 
