2.4099266485292787 12.131405068126242 -5.896100044250488 0.3753577768802643 0.3753577768802643 1.8600000143051147 0.0 Pedestrian 
12.278599236016788 20.96574517485749 -6.276100039482117 0.5 0.5 1.100000023841858 0.0 Pedestrian 
8.39575928209861 -12.122791928106722 -5.896100163459778 0.3753577768802643 0.3753577768802643 1.8600000143051147 0.0 Pedestrian 
11.508375091128578 3.508676674443464 -6.048500061035156 0.3753577768802643 0.3753577768802643 1.8600000143051147 0.0 Pedestrian 
8.442401985349683 12.59072080982196 -5.89617383480072 0.3753577768802643 0.3753577768802643 1.8600000143051147 0.0 Pedestrian 
9.944190445745253 5.228247734016136 -6.0485000014305115 0.3753577768802643 0.3753577768802643 1.8600000143051147 0.0 Pedestrian 
10.328590585473577 11.517364186930422 -6.048500239849091 0.3753577768802643 0.3753577768802643 1.8600000143051147 0.0 Pedestrian 
24.297359352940227 15.545241837173876 -6.0485000014305115 0.3753577768802643 0.3753577768802643 1.8600000143051147 0.0 Pedestrian 
10.752447087602793 4.448403569277522 -6.3285000920295715 0.3753577768802643 0.3753577768802643 1.2999999523162842 0.0 Pedestrian 
12.767274600626138 -25.256078069251316 -6.176112174987793 0.3753577768802643 0.3753577768802643 1.2999999523162842 0.0 Pedestrian 
1.6190560396970994 13.107685181823172 -6.176175236701965 0.3753577768802643 0.3753577768802643 1.2999999523162842 0.0 Pedestrian 
10.49787332399876 13.259534257183418 -6.178607523441315 0.3753577768802643 0.3753577768802643 1.2999999523162842 0.0 Pedestrian 
1.7069013102777149 -13.121862496152062 -6.277773976325989 0.5 0.5 1.100000023841858 0.0 Pedestrian 
32.9418833134471 -5.543847426285879 -6.998325901106 4.791779518127441 2.163450002670288 1.488319993019104 0.0 Vehicle 
22.786857487222107 -36.007500396838054 -6.9614108093082905 3.987684965133667 1.8508483171463013 1.6171096563339233 0.0 Vehicle 
29.44290508833795 -3.964017400572743 -7.054857652634382 2.2094459533691406 0.8670341968536377 1.2511454820632935 0.0 Vehicle 
18.46331582272005 31.146578601126635 -6.999913902283879 5.006059646606445 2.097083806991577 1.5347249507904053 0.0 Vehicle 
