11.773889009074054 10.362936604901051 -6.428500056266785 0.5 0.5 1.100000023841858 0.0 Pedestrian 
10.783859112347152 2.8602578848860105 -6.048500061035156 0.3753577768802643 0.3753577768802643 1.8600000143051147 0.0 Pedestrian 
5.37864386115999 12.181978737778763 -5.896100163459778 0.3753577768802643 0.3753577768802643 1.8600000143051147 0.0 Pedestrian 
3.9137309117370194 12.255453887198996 -5.896100163459778 0.3753577768802643 0.3753577768802643 1.8600000143051147 0.0 Pedestrian 
10.08284514732309 1.8125297398101452 -6.048500180244446 0.3753577768802643 0.3753577768802643 1.8600000143051147 0.0 Pedestrian 
9.957631906494663 7.808129685431766 -6.048500180244446 0.3753577768802643 0.3753577768802643 1.8600000143051147 0.0 Pedestrian 
8.58566059758789 12.846111601133885 -6.176100075244904 0.3753577768802643 0.3753577768802643 1.2999999523162842 0.0 Pedestrian 
13.674298242280969 -37.00616712063652 -6.176112174987793 0.3753577768802643 0.3753577768802643 1.2999999523162842 0.0 Pedestrian 
10.39008526627827 11.308083886937311 -6.328499972820282 0.3753577768802643 0.3753577768802643 1.2999999523162842 0.0 Pedestrian 
20.223696910877393 14.164020023475928 -6.328499913215637 0.3753577768802643 0.3753577768802643 1.2999999523162842 0.0 Pedestrian 
-0.30049151762618465 -12.9669315395397 -6.177496254444122 0.3753577768802643 0.3753577768802643 1.2999999523162842 0.0 Pedestrian 
1.004207025735127 13.076291832036077 -5.898186564445496 0.3753577768802643 0.3753577768802643 1.8600000143051147 0.0 Pedestrian 
10.459178979078146 -9.845699059679305 -6.428500056266785 0.5 0.5 1.100000023841858 0.0 Pedestrian 
33.11013080997013 -21.50002845846734 -6.998513431637548 4.791779518127441 2.163450002670288 1.488319993019104 0.0 Vehicle 
22.64648667656128 -17.973564041423742 -6.961410887539387 3.987684965133667 1.8508483171463013 1.6171096563339233 0.0 Vehicle 
29.597871694482265 -20.557733771010362 -7.054815042763948 2.2094459533691406 0.8670341968536377 1.2511454820632935 0.0 Vehicle 
