9.904292556691036 9.539313835511393 -6.0485000014305115 0.3753577768802643 0.3753577768802643 1.8600000143051147 0.0 Pedestrian 
10.525802086042432 29.640792303791727 -6.279619514942169 0.5 0.5 1.100000023841858 0.0 Pedestrian 
11.382997585134277 -2.4131594287126745 -6.0485000014305115 0.3753577768802643 0.3753577768802643 1.8600000143051147 0.0 Pedestrian 
10.633802216657216 -11.241805307212985 -6.048500061035156 0.3753577768802643 0.3753577768802643 1.8600000143051147 0.0 Pedestrian 
10.50886191822839 0.1609596579103254 -6.048500180244446 0.3753577768802643 0.3753577768802643 1.8600000143051147 0.0 Pedestrian 
10.267524774209306 -8.86387644989395 -6.0485000014305115 0.3753577768802643 0.3753577768802643 1.8600000143051147 0.0 Pedestrian 
0.27627997351015665 12.921238340796094 -5.896100163459778 0.3753577768802643 0.3753577768802643 1.8600000143051147 0.0 Pedestrian 
37.495622467512035 21.590936468246696 -5.896100163459778 0.3753577768802643 0.3753577768802643 1.8600000143051147 0.0 Pedestrian 
10.346028585105302 -4.824694768867403 -6.3285000920295715 0.3753577768802643 0.3753577768802643 1.2999999523162842 0.0 Pedestrian 
12.923756958023105 -14.914045921743423 -6.176112174987793 0.3753577768802643 0.3753577768802643 1.2999999523162842 0.0 Pedestrian 
10.537730541866246 9.526764437707243 -6.328499913215637 0.3753577768802643 0.3753577768802643 1.2999999523162842 0.0 Pedestrian 
7.2240616930317145 -12.220906590433174 -5.896100163459778 0.3753577768802643 0.3753577768802643 1.8600000143051147 0.0 Pedestrian 
1.6472525722127074 -12.597740290560068 -5.896167874336243 0.3753577768802643 0.3753577768802643 1.8600000143051147 0.0 Pedestrian 
6.1160164751423025 -11.973171008579698 -5.8963717222213745 0.3753577768802643 0.3753577768802643 1.8600000143051147 0.0 Pedestrian 
32.80020152662743 8.302764647046502 -6.998406848986633 4.791779518127441 2.163450002670288 1.488319993019104 0.0 Vehicle 
29.311924266085114 9.896204838585277 -7.054853819310665 2.2094459533691406 0.8670341968536377 1.2511454820632935 0.0 Vehicle 
18.499539304290742 15.4706802090775 -6.999913749699772 5.006059646606445 2.097083806991577 1.5347249507904053 0.0 Vehicle 
