10.312422501293042 12.57847577789505 -5.896100044250488 0.3753577768802643 0.3753577768802643 1.8600000143051147 0.0 Pedestrian 
10.140687459050625 27.361339744528777 -6.279619514942169 0.5 0.5 1.100000023841858 0.0 Pedestrian 
10.765383013365657 -5.919526402166639 -6.0485000014305115 0.3753577768802643 0.3753577768802643 1.8600000143051147 0.0 Pedestrian 
11.003037414927313 -8.59463234647103 -6.048500061035156 0.3753577768802643 0.3753577768802643 1.8600000143051147 0.0 Pedestrian 
10.623327096048003 3.594009548543042 -6.048500180244446 0.3753577768802643 0.3753577768802643 1.8600000143051147 0.0 Pedestrian 
10.158767285394603 -5.6502201597674 -6.0485000014305115 0.3753577768802643 0.3753577768802643 1.8600000143051147 0.0 Pedestrian 
3.609119024978341 12.746401996134296 -5.896100163459778 0.3753577768802643 0.3753577768802643 1.8600000143051147 0.0 Pedestrian 
38.10161783408515 17.405718454913654 -5.896100163459778 0.3753577768802643 0.3753577768802643 1.8600000143051147 0.0 Pedestrian 
10.557322078923992 -2.8178047628550758 -6.3285000920295715 0.3753577768802643 0.3753577768802643 1.2999999523162842 0.0 Pedestrian 
12.728429754762544 -16.846052832529608 -6.176112174987793 0.3753577768802643 0.3753577768802643 1.2999999523162842 0.0 Pedestrian 
10.139116252748899 11.661133514688345 -6.328499972820282 0.3753577768802643 0.3753577768802643 1.2999999523162842 0.0 Pedestrian 
3.661296333681676 -12.614776164913224 -5.896100163459778 0.3753577768802643 0.3753577768802643 1.8600000143051147 0.0 Pedestrian 
-2.1096671524935573 -12.420883916246225 -5.896167874336243 0.3753577768802643 0.3753577768802643 1.8600000143051147 0.0 Pedestrian 
2.706747983438575 -12.265361607708314 -5.8963717222213745 0.3753577768802643 0.3753577768802643 1.8600000143051147 0.0 Pedestrian 
32.826808385317506 5.6638544665756 -6.998383617494255 4.791779518127441 2.163450002670288 1.488319993019104 0.0 Vehicle 
29.341616325141082 6.761456179441012 -7.05484264343977 2.2094459533691406 0.8670341968536377 1.2511454820632935 0.0 Vehicle 
18.46478666416784 18.700501771556333 -6.999914207459369 5.006059646606445 2.097083806991577 1.5347249507904053 0.0 Vehicle 
