6.605449814167681 12.193794030179788 -5.896100044250488 0.3753577768802643 0.3753577768802643 1.8600000143051147 0.0 Pedestrian 
11.520122595779412 24.442632572498496 -6.280460238456726 0.5 0.5 1.100000023841858 0.0 Pedestrian 
10.39925328845311 -11.108437837828205 -6.0485000014305115 0.3753577768802643 0.3753577768802643 1.8600000143051147 0.0 Pedestrian 
11.589672877115078 -2.0928604372234076 -6.048500061035156 0.3753577768802643 0.3753577768802643 1.8600000143051147 0.0 Pedestrian 
10.198637969920703 10.561768216505016 -6.048500180244446 0.3753577768802643 0.3753577768802643 1.8600000143051147 0.0 Pedestrian 
10.023130736424495 -0.7897830978196225 -6.0485000014305115 0.3753577768802643 0.3753577768802643 1.8600000143051147 0.0 Pedestrian 
7.365693009874519 12.477573841196431 -5.896100163459778 0.3753577768802643 0.3753577768802643 1.8600000143051147 0.0 Pedestrian 
31.232732171850174 16.631863598962582 -6.0485000014305115 0.3753577768802643 0.3753577768802643 1.8600000143051147 0.0 Pedestrian 
10.80930155950901 0.8248281662965837 -6.3285000920295715 0.3753577768802643 0.3753577768802643 1.2999999523162842 0.0 Pedestrian 
12.613656981879018 -20.9694106002313 -6.176112174987793 0.3753577768802643 0.3753577768802643 1.2999999523162842 0.0 Pedestrian 
-2.118233828046293 13.260634923821272 -6.176175236701965 0.3753577768802643 0.3753577768802643 1.2999999523162842 0.0 Pedestrian 
6.6344834536793655 13.157608425198418 -6.176100015640259 0.3753577768802643 0.3753577768802643 1.2999999523162842 0.0 Pedestrian 
-2.5966174155582564 -13.206862137985581 -5.896100163459778 0.3753577768802643 0.3753577768802643 1.8600000143051147 0.0 Pedestrian 
-1.6291264367903295 -13.249649899361316 -6.277773976325989 0.5 0.5 1.100000023841858 0.0 Pedestrian 
32.878098315994066 0.6470552038229016 -6.998324489686638 4.791779518127441 2.163450002670288 1.488319993019104 0.0 Vehicle 
22.830541388798025 -42.35075575544124 -6.9614108465611935 3.987684965133667 1.8508483171463013 1.6171096563339233 0.0 Vehicle 
29.38623612178144 2.023983198719179 -7.054857689887285 2.2094459533691406 0.8670341968536377 1.2511454820632935 0.0 Vehicle 
18.43267936778868 25.156462968617916 -6.999740753177321 5.006059646606445 2.097083806991577 1.5347249507904053 0.0 Vehicle 
