11.417208524746933 8.132748009077432 -6.428500056266785 0.5 0.5 1.100000023841858 0.0 Pedestrian 
10.385679000643893 6.149136376623716 -6.048500061035156 0.3753577768802643 0.3753577768802643 1.8600000143051147 0.0 Pedestrian 
2.0376082240287943 12.19147745668829 -5.896100163459778 0.3753577768802643 0.3753577768802643 1.8600000143051147 0.0 Pedestrian 
0.8939229469887309 12.443272213134264 -5.896100163459778 0.3753577768802643 0.3753577768802643 1.8600000143051147 0.0 Pedestrian 
10.247692568465673 -1.4377090391265028 -6.048500180244446 0.3753577768802643 0.3753577768802643 1.8600000143051147 0.0 Pedestrian 
9.946306394944754 4.594021029754241 -6.048500180244446 0.3753577768802643 0.3753577768802643 1.8600000143051147 0.0 Pedestrian 
7.568908923682734 13.460077009059432 -6.176100075244904 0.3753577768802643 0.3753577768802643 1.2999999523162842 0.0 Pedestrian 
13.756365226235829 -39.31472218205283 -6.176112174987793 0.3753577768802643 0.3753577768802643 1.2999999523162842 0.0 Pedestrian 
9.900950431548345 9.587362702031442 -6.328499972820282 0.3753577768802643 0.3753577768802643 1.2999999523162842 0.0 Pedestrian 
22.52066643489369 14.409523352981637 -6.328499913215637 0.3753577768802643 0.3753577768802643 1.2999999523162842 0.0 Pedestrian 
2.00919930192606 -13.003520935570805 -6.177496254444122 0.3753577768802643 0.3753577768802643 1.2999999523162842 0.0 Pedestrian 
4.307124866555718 12.671792913231343 -5.898186564445496 0.3753577768802643 0.3753577768802643 1.8600000143051147 0.0 Pedestrian 
10.828605705556662 -7.804752290604824 -6.428500056266785 0.5 0.5 1.100000023841858 0.0 Pedestrian 
33.12176299786515 -22.600453463667122 -6.998429431929253 4.791779518127441 2.163450002670288 1.488319993019104 0.0 Vehicle 
22.61017331173869 -14.565259568187798 -6.961410962045193 3.987684965133667 1.8508483171463013 1.6171096563339233 0.0 Vehicle 
29.61528759856563 -22.437640914301824 -7.054810408502817 2.2094459533691406 0.8670341968536377 1.2511454820632935 0.0 Vehicle 
