7.056383141203501 12.114498061128756 -5.896100044250488 0.3753577768802643 0.3753577768802643 1.8600000143051147 0.0 Pedestrian 
11.27604336203369 24.90312769181412 -6.280460238456726 0.5 0.5 1.100000023841858 0.0 Pedestrian 
10.315538859086999 -9.181182609630582 -6.0485000014305115 0.3753577768802643 0.3753577768802643 1.8600000143051147 0.0 Pedestrian 
11.479363682255638 -3.9576865921319495 -6.048500061035156 0.3753577768802643 0.3753577768802643 1.8600000143051147 0.0 Pedestrian 
10.405439410799389 8.385421102461919 -6.048500180244446 0.3753577768802643 0.3753577768802643 1.8600000143051147 0.0 Pedestrian 
10.00966483295753 -2.650173912408718 -6.0485000014305115 0.3753577768802643 0.3753577768802643 1.8600000143051147 0.0 Pedestrian 
6.93086107119759 12.707021196582673 -5.896100163459778 0.3753577768802643 0.3753577768802643 1.8600000143051147 0.0 Pedestrian 
33.36664005694972 16.96651520422961 -6.0485000014305115 0.3753577768802643 0.3753577768802643 1.8600000143051147 0.0 Pedestrian 
10.7597936645073 -0.17091061314636136 -6.3285000920295715 0.3753577768802643 0.3753577768802643 1.2999999523162842 0.0 Pedestrian 
12.566283266899447 -19.64996861369127 -6.176112174987793 0.3753577768802643 0.3753577768802643 1.2999999523162842 0.0 Pedestrian 
8.455982462624384 13.01636937464366 -6.176100015640259 0.3753577768802643 0.3753577768802643 1.2999999523162842 0.0 Pedestrian 
-0.8886766885304809 -12.540719464783365 -5.896100163459778 0.3753577768802643 0.3753577768802643 1.8600000143051147 0.0 Pedestrian 
-2.29214971425575 -11.90457331964899 -5.8963717222213745 0.3753577768802643 0.3753577768802643 1.8600000143051147 0.0 Pedestrian 
-1.6727526394142558 -13.41608018481395 -6.276100039482117 0.5 0.5 1.100000023841858 0.0 Pedestrian 
32.8597294541079 2.428769085977251 -6.998150806524791 4.791779518127441 2.163450002670288 1.488319993019104 0.0 Vehicle 
29.377197455699772 2.978872443294165 -7.054832935333252 2.2094459533691406 0.8670341968536377 1.2511454820632935 0.0 Vehicle 
18.43534584749412 23.312420805966326 -6.999953689577524 5.006059646606445 2.097083806991577 1.5347249507904053 0.0 Vehicle 
