11.994036509296357 11.66069683271428 -6.428500056266785 0.5 0.5 1.100000023841858 0.0 Pedestrian 
10.798798843303658 0.9791176142990707 -6.048500061035156 0.3753577768802643 0.3753577768802643 1.8600000143051147 0.0 Pedestrian 
7.2311245031087665 12.22429578372612 -5.896100163459778 0.3753577768802643 0.3753577768802643 1.8600000143051147 0.0 Pedestrian 
5.7251787673987735 12.22759107508955 -5.896100163459778 0.3753577768802643 0.3753577768802643 1.8600000143051147 0.0 Pedestrian 
9.988759483477992 3.7058020444838036 -6.048500180244446 0.3753577768802643 0.3753577768802643 1.8600000143051147 0.0 Pedestrian 
10.033722345156065 9.863669098967648 -6.048500180244446 0.3753577768802643 0.3753577768802643 1.8600000143051147 0.0 Pedestrian 
9.451758280652435 13.209442189759102 -6.176100075244904 0.3753577768802643 0.3753577768802643 1.2999999523162842 0.0 Pedestrian 
13.627422429370512 -35.68699211515343 -6.176112174987793 0.3753577768802643 0.3753577768802643 1.2999999523162842 0.0 Pedestrian 
10.229133439363888 11.871099010604553 -6.317903101444244 0.3753577768802643 0.3753577768802643 1.2999999523162842 0.0 Pedestrian 
18.985450453241725 14.048280888692261 -6.328499913215637 0.3753577768802643 0.3753577768802643 1.2999999523162842 0.0 Pedestrian 
-1.6203242512643214 -12.946003738730951 -6.177496254444122 0.3753577768802643 0.3753577768802643 1.2999999523162842 0.0 Pedestrian 
-0.9927229534924891 13.175575262039729 -5.898186564445496 0.3753577768802643 0.3753577768802643 1.8600000143051147 0.0 Pedestrian 
10.63844342967301 -10.711885353431057 -6.428500056266785 0.5 0.5 1.100000023841858 0.0 Pedestrian 
33.09753951999592 -20.31092743342026 -6.9984935951652005 4.791779518127441 2.163450002670288 1.488319993019104 0.0 Vehicle 
22.66507938469279 -19.921710897588355 -6.961410887539387 3.987684965133667 1.8508483171463013 1.6171096563339233 0.0 Vehicle 
29.58305363922028 -18.956401456673348 -7.054836176335812 2.2094459533691406 0.8670341968536377 1.2511454820632935 0.0 Vehicle 
