10.918423851955367 6.119974850765175 -6.428500056266785 0.5 0.5 1.100000023841858 0.0 Pedestrian 
10.076793833338627 8.723391051914064 -6.027930676937103 0.3753577768802643 0.3753577768802643 1.8600000143051147 0.0 Pedestrian 
-1.4107610030023068 12.451472718944387 -5.896100163459778 0.3753577768802643 0.3753577768802643 1.8600000143051147 0.0 Pedestrian 
-2.3435395940862236 12.763358939718728 -5.896100163459778 0.3753577768802643 0.3753577768802643 1.8600000143051147 0.0 Pedestrian 
10.394485987775987 -4.885805025325908 -6.048500180244446 0.3753577768802643 0.3753577768802643 1.8600000143051147 0.0 Pedestrian 
9.961292576063634 2.3464711340867552 -6.048500180244446 0.3753577768802643 0.3753577768802643 1.8600000143051147 0.0 Pedestrian 
9.619811387993572 13.823816650212848 -6.179500043392181 0.3753577768802643 0.3753577768802643 1.2999999523162842 0.0 Pedestrian 
13.8384323433217 -41.623281055842654 -6.176112174987793 0.3753577768802643 0.3753577768802643 1.2999999523162842 0.0 Pedestrian 
10.115233178150175 8.311255131989299 -6.328499972820282 0.3753577768802643 0.3753577768802643 1.2999999523162842 0.0 Pedestrian 
24.81763595890999 14.655026682487346 -6.328499913215637 0.3753577768802643 0.3753577768802643 1.2999999523162842 0.0 Pedestrian 
4.313807040284033 -13.030962850625883 -6.177496254444122 0.3753577768802643 0.3753577768802643 1.2999999523162842 0.0 Pedestrian 
7.27242732210734 12.3615076932507 -5.898186564445496 0.3753577768802643 0.3753577768802643 1.8600000143051147 0.0 Pedestrian 
11.04465285460153 -5.90513258545775 -6.428500056266785 0.5 0.5 1.100000023841858 0.0 Pedestrian 
33.12203974230626 -22.664342665432628 -6.998319988255389 4.791779518127441 2.163450002670288 1.488319993019104 0.0 Vehicle 
22.568488379370365 -11.158346944827713 -6.96141092479229 3.987684965133667 1.8508483171463013 1.6171096563339233 0.0 Vehicle 
29.616726413381983 -22.580715655595895 -7.054859675467014 2.2094459533691406 0.8670341968536377 1.2511454820632935 0.0 Vehicle 
29.01530261256758 39.04990084536587 -7.005206699483097 4.1928300857543945 1.8161858320236206 1.4738311767578125 0.0 Vehicle 
