9.498790472059163 12.858168411134443 -5.896100044250488 0.3753577768802643 0.3753577768802643 1.8600000143051147 0.0 Pedestrian 
10.188820752869702 26.70483422228574 -6.279619514942169 0.5 0.5 1.100000023841858 0.0 Pedestrian 
10.179922077089032 -6.270005230580978 -6.0485000014305115 0.3753577768802643 0.3753577768802643 1.8600000143051147 0.0 Pedestrian 
11.209012574517722 -7.734428514259321 -6.048500061035156 0.3753577768802643 0.3753577768802643 1.8600000143051147 0.0 Pedestrian 
10.629862066217687 4.573377887634965 -6.048500180244446 0.3753577768802643 0.3753577768802643 1.8600000143051147 0.0 Pedestrian 
10.135196225129526 -5.430380251780434 -6.0485000014305115 0.3753577768802643 0.3753577768802643 1.8600000143051147 0.0 Pedestrian 
4.4612782555072386 12.702642288097877 -5.896100163459778 0.3753577768802643 0.3753577768802643 1.8600000143051147 0.0 Pedestrian 
36.643913806798025 17.109673672142208 -6.0485000014305115 0.3753577768802643 0.3753577768802643 1.8600000143051147 0.0 Pedestrian 
10.640035710859078 -2.2994436671259564 -6.3285000920295715 0.3753577768802643 0.3753577768802643 1.2999999523162842 0.0 Pedestrian 
12.631860510008693 -17.606420832609842 -6.176112174987793 0.3753577768802643 0.3753577768802643 1.2999999523162842 0.0 Pedestrian 
10.08314903097078 12.291883027649533 -6.176100015640259 0.3753577768802643 0.3753577768802643 1.2999999523162842 0.0 Pedestrian 
2.7097307155802213 -12.74908414094648 -5.896100163459778 0.3753577768802643 0.3753577768802643 1.8600000143051147 0.0 Pedestrian 
1.7111124121051375 -12.137595420919183 -5.8963717222213745 0.3753577768802643 0.3753577768802643 1.8600000143051147 0.0 Pedestrian 
32.83283229697373 5.06593624549944 -6.998230953235179 4.791779518127441 2.163450002670288 1.488319993019104 0.0 Vehicle 
29.349732779367375 5.900744870638718 -7.054836731404066 2.2094459533691406 0.8670341968536377 1.2511454820632935 0.0 Vehicle 
18.456647166556387 19.623083885102233 -6.999914131163678 5.006059646606445 2.097083806991577 1.5347249507904053 0.0 Vehicle 
