-1.8684112469446035 12.225995847212062 -5.896100044250488 0.3753577768802643 0.3753577768802643 1.8600000143051147 0.0 Pedestrian 
12.210093832525786 17.99038474788074 -6.276100039482117 0.5 0.5 1.100000023841858 0.0 Pedestrian 
10.465543726609937 -9.633151101788826 -6.048500061035156 0.3753577768802643 0.3753577768802643 1.8600000143051147 0.0 Pedestrian 
11.11662713440018 7.74139230660046 -6.048500061035156 0.3753577768802643 0.3753577768802643 1.8600000143051147 0.0 Pedestrian 
4.271715975448423 12.318581124759248 -5.89617383480072 0.3753577768802643 0.3753577768802643 1.8600000143051147 0.0 Pedestrian 
10.03477179759193 8.885284540986845 -6.0485000014305115 0.3753577768802643 0.3753577768802643 1.8600000143051147 0.0 Pedestrian 
9.672061102563596 8.18928453240926 -6.048500239849091 0.3753577768802643 0.3753577768802643 1.8600000143051147 0.0 Pedestrian 
19.166914812079526 14.80545854249192 -6.0485000014305115 0.3753577768802643 0.3753577768802643 1.8600000143051147 0.0 Pedestrian 
10.792374635369145 7.19454543017838 -6.3285000920295715 0.3753577768802643 0.3753577768802643 1.2999999523162842 0.0 Pedestrian 
12.85047354483737 -28.56724144949726 -6.176112174987793 0.3753577768802643 0.3753577768802643 1.2999999523162842 0.0 Pedestrian 
4.594249072760931 12.723599685491195 -6.176175236701965 0.3753577768802643 0.3753577768802643 1.2999999523162842 0.0 Pedestrian 
13.18240238108121 13.409448514182259 -6.328499913215637 0.3753577768802643 0.3753577768802643 1.2999999523162842 0.0 Pedestrian 
4.440390903462259 -12.91892340281504 -6.277773976325989 0.5 0.5 1.100000023841858 0.0 Pedestrian 
32.991920104430086 -10.28122941045433 -6.99833177565597 4.791779518127441 2.163450002670288 1.488319993019104 0.0 Vehicle 
22.753214543460672 -31.130528057381298 -6.961410887539387 3.987684965133667 1.8508483171463013 1.6171096563339233 0.0 Vehicle 
29.486341311430948 -8.56572479396948 -7.054857559502125 2.2094459533691406 0.8670341968536377 1.2511454820632935 0.0 Vehicle 
18.51602032527279 35.75097914056278 -6.999912643434072 5.006059646606445 2.097083806991577 1.5347249507904053 0.0 Vehicle 
