11.518286958770297 8.7670502635209 -6.428500056266785 0.5 0.5 1.100000023841858 0.0 Pedestrian 
10.763415979100612 5.214231266507866 -6.048500061035156 0.3753577768802643 0.3753577768802643 1.8600000143051147 0.0 Pedestrian 
3.017880441531389 12.15388344777216 -5.896100163459778 0.3753577768802643 0.3753577768802643 1.8600000143051147 0.0 Pedestrian 
1.7195955902750342 12.385419799613032 -5.896100163459778 0.3753577768802643 0.3753577768802643 1.8600000143051147 0.0 Pedestrian 
10.1763541274942 -0.4769650507877259 -6.048500180244446 0.3753577768802643 0.3753577768802643 1.8600000143051147 0.0 Pedestrian 
9.929934233923635 5.342679788894571 -6.048500180244446 0.3753577768802643 0.3753577768802643 1.8600000143051147 0.0 Pedestrian 
7.00742661057847 13.284702651069665 -6.176100075244904 0.3753577768802643 0.3753577768802643 1.2999999523162842 0.0 Pedestrian 
13.732919695033587 -38.65513494557331 -6.176112174987793 0.3753577768802643 0.3753577768802643 1.2999999523162842 0.0 Pedestrian 
9.891888124484044 10.204082724472073 -6.328499972820282 0.3753577768802643 0.3753577768802643 1.2999999523162842 0.0 Pedestrian 
21.864389428031892 14.339379544551434 -6.328499913215637 0.3753577768802643 0.3753577768802643 1.2999999523162842 0.0 Pedestrian 
1.3492989501043269 -12.993078423790053 -6.177496254444122 0.3753577768802643 0.3753577768802643 1.2999999523162842 0.0 Pedestrian 
3.2799920588487907 12.817461284819387 -5.898186564445496 0.3753577768802643 0.3753577768802643 1.8600000143051147 0.0 Pedestrian 
10.772327288874067 -8.318480102406284 -6.428500056266785 0.5 0.5 1.100000023841858 0.0 Pedestrian 
33.11993053071592 -22.43036604089366 -6.99851240159478 4.791779518127441 2.163450002670288 1.488319993019104 0.0 Vehicle 
22.62108931330887 -15.53893099639538 -6.9614108093082905 3.987684965133667 1.8508483171463013 1.6171096563339233 0.0 Vehicle 
29.612218666549325 -22.10666336534075 -7.054788913577795 2.2094459533691406 0.8670341968536377 1.2511454820632935 0.0 Vehicle 
