7.196419399277257 12.118509365348018 -5.896100044250488 0.3753577768802643 0.3753577768802643 1.8600000143051147 0.0 Pedestrian 
10.987612352764685 25.05707291820181 -6.280460238456726 0.5 0.5 1.100000023841858 0.0 Pedestrian 
10.294783788434685 -8.71887583891828 -6.0485000014305115 0.3753577768802643 0.3753577768802643 1.8600000143051147 0.0 Pedestrian 
11.455303806890754 -4.427337307301968 -6.048500061035156 0.3753577768802643 0.3753577768802643 1.8600000143051147 0.0 Pedestrian 
10.662680060752532 7.902618481816262 -6.048500180244446 0.3753577768802643 0.3753577768802643 1.8600000143051147 0.0 Pedestrian 
10.01402670358609 -3.101685575990359 -6.0485000014305115 0.3753577768802643 0.3753577768802643 1.8600000143051147 0.0 Pedestrian 
6.957087609584924 12.71806742527258 -5.896100163459778 0.3753577768802643 0.3753577768802643 1.8600000143051147 0.0 Pedestrian 
33.900085497471224 17.05020658639296 -6.0485000014305115 0.3753577768802643 0.3753577768802643 1.8600000143051147 0.0 Pedestrian 
10.739778617070971 -0.4656381404124659 -6.3285000920295715 0.3753577768802643 0.3753577768802643 1.2999999523162842 0.0 Pedestrian 
12.554461446152658 -19.32018036304453 -6.176112174987793 0.3753577768802643 0.3753577768802643 1.2999999523162842 0.0 Pedestrian 
8.178569537288915 13.051110136175225 -6.176100015640259 0.3753577768802643 0.3753577768802643 1.2999999523162842 0.0 Pedestrian 
-0.3995927284861267 -12.592346683139112 -5.896100163459778 0.3753577768802643 0.3753577768802643 1.8600000143051147 0.0 Pedestrian 
-1.7946207513533494 -11.906407437928465 -5.8963717222213745 0.3753577768802643 0.3753577768802643 1.8600000143051147 0.0 Pedestrian 
-1.9786442231574881 -13.44025914551446 -6.276100039482117 0.5 0.5 1.100000023841858 0.0 Pedestrian 
32.85575141785418 2.8159482186906644 -6.998178424895741 4.791779518127441 2.163450002670288 1.488319993019104 0.0 Vehicle 
29.374408936393962 3.2773356510787153 -7.05481668189168 2.2094459533691406 0.8670341968536377 1.2511454820632935 0.0 Vehicle 
18.437018766114136 22.85134091503437 -6.9999371719386545 5.006059646606445 2.097083806991577 1.5347249507904053 0.0 Vehicle 
