12.05051779797375 11.986294027674148 -6.428500056266785 0.5 0.5 1.100000023841858 0.0 Pedestrian 
10.794252474926742 0.5251814305013909 -6.048500061035156 0.3753577768802643 0.3753577768802643 1.8600000143051147 0.0 Pedestrian 
7.728987140208087 12.205473730579342 -5.896100163459778 0.3753577768802643 0.3753577768802643 1.8600000143051147 0.0 Pedestrian 
6.132250665910565 12.216830128471884 -5.896100163459778 0.3753577768802643 0.3753577768802643 1.8600000143051147 0.0 Pedestrian 
9.953802049785505 4.224160123337693 -6.048500180244446 0.3753577768802643 0.3753577768802643 1.8600000143051147 0.0 Pedestrian 
10.1167800293289 10.331516281853283 -6.048500180244446 0.3753577768802643 0.3753577768802643 1.8600000143051147 0.0 Pedestrian 
9.552476061800746 12.972634821380211 -6.176100075244904 0.3753577768802643 0.3753577768802643 1.2999999523162842 0.0 Pedestrian 
13.615707288516404 -35.35719823065165 -6.176112174987793 0.3753577768802643 0.3753577768802643 1.2999999523162842 0.0 Pedestrian 
9.7920973612317 12.196019012575334 -6.176175236701965 0.3753577768802643 0.3753577768802643 1.2999999523162842 0.0 Pedestrian 
18.699439725208393 14.02798530507414 -6.328499913215637 0.3753577768802643 0.3753577768802643 1.2999999523162842 0.0 Pedestrian 
-1.9502823181842217 -12.940775124355582 -6.177496254444122 0.3753577768802643 0.3753577768802643 1.2999999523162842 0.0 Pedestrian 
-1.5108697825768829 13.219115594174468 -5.898186564445496 0.3753577768802643 0.3753577768802643 1.8600000143051147 0.0 Pedestrian 
10.617951108042242 -11.14466119383394 -6.428500056266785 0.5 0.5 1.100000023841858 0.0 Pedestrian 
33.093855147292814 -19.960577084575675 -6.99847932823468 4.791779518127441 2.163450002670288 1.488319993019104 0.0 Vehicle 
22.66949299183689 -20.40880733279448 -6.9614107348024845 3.987684965133667 1.8508483171463013 1.6171096563339233 0.0 Vehicle 
29.579117972795288 -18.531522975475127 -7.05483964830637 2.2094459533691406 0.8670341968536377 1.2511454820632935 0.0 Vehicle 
18.615175488654955 45.87121186078764 -6.9999095535313245 5.006059646606445 2.097083806991577 1.5347249507904053 0.0 Vehicle 
