9.926822540637971 6.427776280988155 -6.0485000014305115 0.3753577768802643 0.3753577768802643 1.8600000143051147 0.0 Pedestrian 
10.834068679980817 32.594546480582835 -6.279619514942169 0.5 0.5 1.100000023841858 0.0 Pedestrian 
11.72064269746244 1.967606136842221 -6.0485000014305115 0.3753577768802643 0.3753577768802643 1.8600000143051147 0.0 Pedestrian 
7.007340054848541 -12.832396349279406 -5.896100163459778 0.3753577768802643 0.3753577768802643 1.8600000143051147 0.0 Pedestrian 
10.249464022354516 -4.204453185413968 -6.048500180244446 0.3753577768802643 0.3753577768802643 1.8600000143051147 0.0 Pedestrian 
10.119934877433778 -11.522809600435949 -5.896100044250488 0.3753577768802643 0.3753577768802643 1.8600000143051147 0.0 Pedestrian 
37.57216156727242 26.461135584039425 -5.896100163459778 0.3753577768802643 0.3753577768802643 1.8600000143051147 0.0 Pedestrian 
1.343401485547318 -12.665923154848656 -5.8960617780685425 0.3753577768802643 0.3753577768802643 1.8600000143051147 0.0 Pedestrian 
10.285384453162337 -7.572211698657384 -6.3285000920295715 0.3753577768802643 0.3753577768802643 1.2999999523162842 0.0 Pedestrian 
12.243361093185996 -13.131382772353277 -6.176112174987793 0.3753577768802643 0.3753577768802643 1.2999999523162842 0.0 Pedestrian 
10.555238012261674 6.663111438536646 -6.328499913215637 0.3753577768802643 0.3753577768802643 1.2999999523162842 0.0 Pedestrian 
9.95074910968394 -12.059715154487208 -5.896100163459778 0.3753577768802643 0.3753577768802643 1.8600000143051147 0.0 Pedestrian 
5.954679118880151 -12.093422585888788 -5.896167874336243 0.3753577768802643 0.3753577768802643 1.8600000143051147 0.0 Pedestrian 
8.29301683867665 -11.806581990360996 -5.8963717222213745 0.3753577768802643 0.3753577768802643 1.8600000143051147 0.0 Pedestrian 
32.76026318218878 12.298878515626825 -6.998348407796584 4.791779518127441 2.163450002670288 1.488319993019104 0.0 Vehicle 
29.272853127960616 14.02707080135815 -7.054856948554516 2.2094459533691406 0.8670341968536377 1.2511454820632935 0.0 Vehicle 
18.554105878580234 11.316252292853392 -6.999913330080744 5.006059646606445 2.097083806991577 1.5347249507904053 0.0 Vehicle 
