8.896594818795762 12.650686313559277 -5.896100044250488 0.3753577768802643 0.3753577768802643 1.8600000143051147 0.0 Pedestrian 
10.21292534398296 26.29307873827065 -6.279732763767242 0.5 0.5 1.100000023841858 0.0 Pedestrian 
10.333334820670629 -6.504763468425153 -6.0485000014305115 0.3753577768802643 0.3753577768802643 1.8600000143051147 0.0 Pedestrian 
11.23628930288384 -7.28344330651646 -6.048500061035156 0.3753577768802643 0.3753577768802643 1.8600000143051147 0.0 Pedestrian 
10.685324105633667 5.058454397487068 -6.048500180244446 0.3753577768802643 0.3753577768802643 1.8600000143051147 0.0 Pedestrian 
10.30568200409975 -5.128326004915493 -6.0485000014305115 0.3753577768802643 0.3753577768802643 1.8600000143051147 0.0 Pedestrian 
5.020165686764152 12.710103954894976 -5.896100163459778 0.3753577768802643 0.3753577768802643 1.8600000143051147 0.0 Pedestrian 
36.07730248348527 17.39160180811541 -6.0485000014305115 0.3753577768802643 0.3753577768802643 1.8600000143051147 0.0 Pedestrian 
10.647468380383597 -2.06807103161907 -6.3285000920295715 0.3753577768802643 0.3753577768802643 1.2999999523162842 0.0 Pedestrian 
12.506074368528687 -17.974342791301865 -6.176112174987793 0.3753577768802643 0.3753577768802643 1.2999999523162842 0.0 Pedestrian 
10.021189850424093 12.693725436844261 -6.176100015640259 0.3753577768802643 0.3753577768802643 1.2999999523162842 0.0 Pedestrian 
2.259356391384628 -12.737825208786717 -5.896100163459778 0.3753577768802643 0.3753577768802643 1.8600000143051147 0.0 Pedestrian 
1.214435601272541 -12.081463981074762 -5.8963717222213745 0.3753577768802643 0.3753577768802643 1.8600000143051147 0.0 Pedestrian 
32.835611690960775 4.790032619476655 -6.99816537857987 4.791779518127441 2.163450002670288 1.488319993019104 0.0 Vehicle 
29.353656453806387 5.483205329690094 -7.054834458976984 2.2094459533691406 0.8670341968536377 1.2511454820632935 0.0 Vehicle 
18.453090106351944 20.084340361294835 -6.999914627078397 5.006059646606445 2.097083806991577 1.5347249507904053 0.0 Vehicle 
