11.466366975598113 8.450745056415485 -6.428500056266785 0.5 0.5 1.100000023841858 0.0 Pedestrian 
10.493940653823248 5.6683186291838865 -6.048500061035156 0.3753577768802643 0.3753577768802643 1.8600000143051147 0.0 Pedestrian 
2.529623358830065 12.177022565895186 -5.896100163459778 0.3753577768802643 0.3753577768802643 1.8600000143051147 0.0 Pedestrian 
1.2961923571059728 12.414385900249272 -5.896100163459778 0.3753577768802643 0.3753577768802643 1.8600000143051147 0.0 Pedestrian 
10.235661075971588 -0.9348981843189677 -6.048500180244446 0.3753577768802643 0.3753577768802643 1.8600000143051147 0.0 Pedestrian 
10.225811786446787 4.8989797932020025 -6.048500180244446 0.3753577768802643 0.3753577768802643 1.8600000143051147 0.0 Pedestrian 
7.287221868502556 13.37499245262461 -6.176100075244904 0.3753577768802643 0.3753577768802643 1.2999999523162842 0.0 Pedestrian 
13.744634969018705 -38.9849326424486 -6.176112174987793 0.3753577768802643 0.3753577768802643 1.2999999523162842 0.0 Pedestrian 
9.897084346056747 9.89394788175639 -6.328499972820282 0.3753577768802643 0.3753577768802643 1.2999999523162842 0.0 Pedestrian 
22.19252793146279 14.374451448766536 -6.328499913215637 0.3753577768802643 0.3753577768802643 1.2999999523162842 0.0 Pedestrian 
1.6792732650008304 -12.99833509844268 -6.177496254444122 0.3753577768802643 0.3753577768802643 1.2999999523162842 0.0 Pedestrian 
3.7940374083280517 12.759331249794968 -5.898186564445496 0.3753577768802643 0.3753577768802643 1.8600000143051147 0.0 Pedestrian 
10.800325025240376 -8.05297414937047 -6.428500056266785 0.5 0.5 1.100000023841858 0.0 Pedestrian 
33.1209754975805 -22.531556987708996 -6.998475780477747 4.791779518127441 2.163450002670288 1.488319993019104 0.0 Vehicle 
22.615691877824105 -15.052080761981529 -6.961410999298096 3.987684965133667 1.8508483171463013 1.6171096563339233 0.0 Vehicle 
29.613988571310003 -22.298569165189747 -7.054796867072582 2.2094459533691406 0.8670341968536377 1.2511454820632935 0.0 Vehicle 
