6.664463894717841 12.275033731451458 -5.896100044250488 0.3753577768802643 0.3753577768802643 1.8600000143051147 0.0 Pedestrian 
11.615575056791599 23.88396844001113 -6.280460238456726 0.5 0.5 1.100000023841858 0.0 Pedestrian 
9.725095360679063 -12.275949240735258 -5.896100163459778 0.3753577768802643 0.3753577768802643 1.8600000143051147 0.0 Pedestrian 
11.59755109838499 -1.248146380585922 -6.048500061035156 0.3753577768802643 0.3753577768802643 1.8600000143051147 0.0 Pedestrian 
9.981631313653107 11.631247539784681 -6.048500180244446 0.3753577768802643 0.3753577768802643 1.8600000143051147 0.0 Pedestrian 
10.020552733416753 0.19302354093406393 -6.0485000014305115 0.3753577768802643 0.3753577768802643 1.8600000143051147 0.0 Pedestrian 
7.658119829863985 12.198273038649063 -5.896100163459778 0.3753577768802643 0.3753577768802643 1.8600000143051147 0.0 Pedestrian 
30.16579404460122 16.464522126265706 -6.0485000014305115 0.3753577768802643 0.3753577768802643 1.8600000143051147 0.0 Pedestrian 
10.83104703406794 1.3485124665440935 -6.3285000920295715 0.3753577768802643 0.3753577768802643 1.2999999523162842 0.0 Pedestrian 
12.637158324941325 -21.628409974757346 -6.176112174987793 0.3753577768802643 0.3753577768802643 1.2999999523162842 0.0 Pedestrian 
-1.521402893305691 13.247481361313703 -6.176175236701965 0.3753577768802643 0.3753577768802643 1.2999999523162842 0.0 Pedestrian 
7.253230462736859 13.253577824806825 -6.176100015640259 0.3753577768802643 0.3753577768802643 1.2999999523162842 0.0 Pedestrian 
-1.428815782791304 -13.192182408417239 -6.277773976325989 0.5 0.5 1.100000023841858 0.0 Pedestrian 
32.88793972326436 -0.30633717042576336 -6.998324565938674 4.791779518127441 2.163450002670288 1.488319993019104 0.0 Vehicle 
22.82381490099064 -41.37463445309095 -6.961410887539387 3.987684965133667 1.8508483171463013 1.6171096563339233 0.0 Vehicle 
29.39496566045785 1.1024305766314342 -7.0548577681183815 2.2094459533691406 0.8670341968536377 1.2511454820632935 0.0 Vehicle 
18.43337317603124 26.078368756170676 -6.99993141174491 5.006059646606445 2.097083806991577 1.5347249507904053 0.0 Vehicle 
