6.761217574630447 12.104960737196848 -5.896100044250488 0.3753577768802643 0.3753577768802643 1.8600000143051147 0.0 Pedestrian 
11.491756234516643 25.055566177787114 -6.280460238456726 0.5 0.5 1.100000023841858 0.0 Pedestrian 
10.289529137606948 -10.071567835427345 -6.0485000014305115 0.3753577768802643 0.3753577768802643 1.8600000143051147 0.0 Pedestrian 
11.535372399784542 -3.0265596066699345 -6.048500061035156 0.3753577768802643 0.3753577768802643 1.8600000143051147 0.0 Pedestrian 
10.308564527726176 9.500738758330385 -6.048500180244446 0.3753577768802643 0.3753577768802643 1.8600000143051147 0.0 Pedestrian 
10.014119207425011 -1.7292747528416612 -6.0485000014305115 0.3753577768802643 0.3753577768802643 1.8600000143051147 0.0 Pedestrian 
6.986266720369386 12.675605724174943 -5.896100163459778 0.3753577768802643 0.3753577768802643 1.8600000143051147 0.0 Pedestrian 
32.299686214248204 16.799186542315965 -6.0485000014305115 0.3753577768802643 0.3753577768802643 1.8600000143051147 0.0 Pedestrian 
10.785926536649956 0.32900752662317245 -6.3285000920295715 0.3753577768802643 0.3753577768802643 1.2999999523162842 0.0 Pedestrian 
12.589865910416918 -20.30954724508092 -6.176112174987793 0.3753577768802643 0.3753577768802643 1.2999999523162842 0.0 Pedestrian 
-2.7371882252741315 13.28690510881222 -6.176175236701965 0.3753577768802643 0.3753577768802643 1.2999999523162842 0.0 Pedestrian 
7.688802195111663 13.11837187103231 -6.176100015640259 0.3753577768802643 0.3753577768802643 1.2999999523162842 0.0 Pedestrian 
-1.8020249585073032 -12.79617538957018 -5.896100163459778 0.3753577768802643 0.3753577768802643 1.8600000143051147 0.0 Pedestrian 
-1.5810862677134594 -13.359585855971318 -6.276100039482117 0.5 0.5 1.100000023841858 0.0 Pedestrian 
32.868319602081456 1.5929684031859779 -6.998285884852521 4.791779518127441 2.163450002670288 1.488319993019104 0.0 Vehicle 
22.837270805487634 -43.32696093000868 -6.9614108465611935 3.987684965133667 1.8508483171463013 1.6171096563339233 0.0 Vehicle 
29.381470507987174 2.5320903089343005 -7.055021837353706 2.2094459533691406 0.8670341968536377 1.2511454820632935 0.0 Vehicle 
18.43322403027203 24.234506912361553 -6.99993927001924 5.006059646606445 2.097083806991577 1.5347249507904053 0.0 Vehicle 
