9.894803295590663 11.192668832960067 -6.0485000014305115 0.3753577768802643 0.3753577768802643 1.8600000143051147 0.0 Pedestrian 
10.315449176243192 28.337563648029686 -6.279619514942169 0.5 0.5 1.100000023841858 0.0 Pedestrian 
11.230264337315099 -4.371284587160858 -6.0485000014305115 0.3753577768802643 0.3753577768802643 1.8600000143051147 0.0 Pedestrian 
10.684745099896894 -9.985914003934795 -6.048500061035156 0.3753577768802643 0.3753577768802643 1.8600000143051147 0.0 Pedestrian 
10.578553848329301 2.0635055059615866 -6.048500180244446 0.3753577768802643 0.3753577768802643 1.8600000143051147 0.0 Pedestrian 
10.111989464712089 -6.9676700937941405 -6.0485000014305115 0.3753577768802643 0.3753577768802643 1.8600000143051147 0.0 Pedestrian 
2.2527160093455265 12.822074220234185 -5.896100163459778 0.3753577768802643 0.3753577768802643 1.8600000143051147 0.0 Pedestrian 
37.440524400046755 19.215824439108246 -5.896100163459778 0.3753577768802643 0.3753577768802643 1.8600000143051147 0.0 Pedestrian 
10.492862173130344 -3.586932797273562 -6.3285000920295715 0.3753577768802643 0.3753577768802643 1.2999999523162842 0.0 Pedestrian 
12.618045325291888 -16.03905362557191 -6.176112174987793 0.3753577768802643 0.3753577768802643 1.2999999523162842 0.0 Pedestrian 
10.327957021851926 10.743262772977914 -6.328499913215637 0.3753577768802643 0.3753577768802643 1.2999999523162842 0.0 Pedestrian 
5.190065838575947 -12.478539977100013 -5.896100163459778 0.3753577768802643 0.3753577768802643 1.8600000143051147 0.0 Pedestrian 
-0.5005086858294874 -12.474472252365558 -5.896167874336243 0.3753577768802643 0.3753577768802643 1.8600000143051147 0.0 Pedestrian 
4.202555156563278 -12.177699177914633 -5.8963717222213745 0.3753577768802643 0.3753577768802643 1.8600000143051147 0.0 Pedestrian 
32.81622117087663 6.710308195387341 -6.998445720761083 4.791779518127441 2.163450002670288 1.488319993019104 0.0 Vehicle 
29.329057927791318 8.087777092959357 -7.054849300533533 2.2094459533691406 0.8670341968536377 1.2511454820632935 0.0 Vehicle 
18.478567437541898 17.316441099233998 -6.999913864136033 5.006059646606445 2.097083806991577 1.5347249507904053 0.0 Vehicle 
