12.401316112023167 14.103792899124983 -6.276100039482117 0.5 0.5 1.100000023841858 0.0 Pedestrian 
10.6841904038948 -2.5783727508338643 -6.048500061035156 0.3753577768802643 0.3753577768802643 1.8600000143051147 0.0 Pedestrian 
9.668852513466014 12.782793076954135 -5.896100163459778 0.3753577768802643 0.3753577768802643 1.8600000143051147 0.0 Pedestrian 
-1.2941783206694453 12.152103943080078 -5.89617383480072 0.3753577768802643 0.3753577768802643 1.8600000143051147 0.0 Pedestrian 
8.673421859446925 12.91649616413497 -5.896100163459778 0.3753577768802643 0.3753577768802643 1.8600000143051147 0.0 Pedestrian 
9.913790599422306 7.467724167581196 -6.048500180244446 0.3753577768802643 0.3753577768802643 1.8600000143051147 0.0 Pedestrian 
12.132593972295794 13.16562427115855 -5.896132946014404 0.3753577768802643 0.3753577768802643 1.8600000143051147 0.0 Pedestrian 
10.178698893658737 11.322502559621512 -6.3285000920295715 0.3753577768802643 0.3753577768802643 1.2999999523162842 0.0 Pedestrian 
13.533625055067517 -33.048643701759374 -6.176112174987793 0.3753577768802643 0.3753577768802643 1.2999999523162842 0.0 Pedestrian 
7.983143671238643 12.174756528336161 -6.176175236701965 0.3753577768802643 0.3753577768802643 1.2999999523162842 0.0 Pedestrian 
16.74981230094931 13.846515300951637 -6.328499913215637 0.3753577768802643 0.3753577768802643 1.2999999523162842 0.0 Pedestrian 
8.500924364606973 -12.004261457309212 -6.277773976325989 0.5 0.5 1.100000023841858 0.0 Pedestrian 
33.06421989391174 -17.151873048245307 -6.9983875846955925 4.791779518127441 2.163450002670288 1.488319993019104 0.0 Vehicle 
22.69862368786849 -23.81910700964238 -6.9614108465611935 3.987684965133667 1.8508483171463013 1.6171096563339233 0.0 Vehicle 
29.55032545114146 -15.430403674942113 -7.054853096604347 2.2094459533691406 0.8670341968536377 1.2511454820632935 0.0 Vehicle 
18.591292473039488 42.65249806438362 -6.99991165161191 5.006059646606445 2.097083806991577 1.5347249507904053 0.0 Vehicle 
