12.22019347371031 17.093431775517843 -6.276100039482117 0.5 0.5 1.100000023841858 0.0 Pedestrian 
10.482138382324749 -8.257603742954075 -6.048500061035156 0.3753577768802643 0.3753577768802643 1.8600000143051147 0.0 Pedestrian 
10.938102512909502 8.606067607050932 -6.048500061035156 0.3753577768802643 0.3753577768802643 1.8600000143051147 0.0 Pedestrian 
4.052214150252915 12.47051902461078 -5.89617383480072 0.3753577768802643 0.3753577768802643 1.8600000143051147 0.0 Pedestrian 
10.004352189203054 9.289873472975614 -6.048500061035156 0.3753577768802643 0.3753577768802643 1.8600000143051147 0.0 Pedestrian 
9.966953664811516 8.818311741778757 -6.048500180244446 0.3753577768802643 0.3753577768802643 1.8600000143051147 0.0 Pedestrian 
17.689774528492507 14.566251834926902 -6.0485000014305115 0.3753577768802643 0.3753577768802643 1.8600000143051147 0.0 Pedestrian 
10.77483137881199 8.011280431785679 -6.3285000920295715 0.3753577768802643 0.3753577768802643 1.2999999523162842 0.0 Pedestrian 
12.99867304630476 -29.50966495773457 -6.176112174987793 0.3753577768802643 0.3753577768802643 1.2999999523162842 0.0 Pedestrian 
5.053630925810509 12.547964139970986 -6.176175236701965 0.3753577768802643 0.3753577768802643 1.2999999523162842 0.0 Pedestrian 
14.093954580914996 13.417715274013972 -6.328499913215637 0.3753577768802643 0.3753577768802643 1.2999999523162842 0.0 Pedestrian 
5.241914609029806 -12.80028692819053 -6.277773976325989 0.5 0.5 1.100000023841858 0.0 Pedestrian 
33.006592123352036 -11.690812017217013 -6.998335781157948 4.791779518127441 2.163450002670288 1.488319993019104 0.0 Vehicle 
22.742963639320237 -29.66785182198055 -6.9614108093082905 3.987684965133667 1.8508483171463013 1.6171096563339233 0.0 Vehicle 
29.499318726258245 -9.944706344025576 -7.05485725402832 2.2094459533691406 0.8670341968536377 1.2511454820632935 0.0 Vehicle 
18.532493323217693 37.13175920594483 -6.999912643434072 5.006059646606445 2.097083806991577 1.5347249507904053 0.0 Vehicle 
