12.528318070078356 12.950784525029007 -6.428500056266785 0.5 0.5 1.100000023841858 0.0 Pedestrian 
10.744753131858356 -1.1926539796496627 -6.048500061035156 0.3753577768802643 0.3753577768802643 1.8600000143051147 0.0 Pedestrian 
8.283025392776828 12.565598741827671 -5.896100163459778 0.3753577768802643 0.3753577768802643 1.8600000143051147 0.0 Pedestrian 
-2.5822592321896636 12.262391057365562 -5.89617383480072 0.3753577768802643 0.3753577768802643 1.8600000143051147 0.0 Pedestrian 
7.590869324425945 12.703107652840458 -5.896100163459778 0.3753577768802643 0.3753577768802643 1.8600000143051147 0.0 Pedestrian 
9.95877135522112 6.128488944036576 -6.048500180244446 0.3753577768802643 0.3753577768802643 1.8600000143051147 0.0 Pedestrian 
10.990321890186163 12.065287664200241 -6.048500180244446 0.3753577768802643 0.3753577768802643 1.8600000143051147 0.0 Pedestrian 
10.008246860920835 12.234518877756273 -6.176100075244904 0.3753577768802643 0.3753577768802643 1.2999999523162842 0.0 Pedestrian 
13.568800976617894 -34.03802429021664 -6.176112174987793 0.3753577768802643 0.3753577768802643 1.2999999523162842 0.0 Pedestrian 
8.820564671411713 12.231687162832031 -6.176175236701965 0.3753577768802643 0.3753577768802643 1.2999999523162842 0.0 Pedestrian 
17.56339562290553 13.928924718942199 -6.328499913215637 0.3753577768802643 0.3753577768802643 1.2999999523162842 0.0 Pedestrian 
9.457702625087506 -11.749895950303312 -6.277773976325989 0.5 0.5 1.100000023841858 0.0 Pedestrian 
33.07755351743657 -18.41600989875792 -6.998419399256818 4.791779518127441 2.163450002670288 1.488319993019104 0.0 Vehicle 
22.686590178512347 -22.3574129266176 -6.9614107720553875 3.987684965133667 1.8508483171463013 1.6171096563339233 0.0 Vehicle 
29.56282173125949 -16.778555713159903 -7.054849375039339 2.2094459533691406 0.8670341968536377 1.2511454820632935 0.0 Vehicle 
18.603348430970357 44.03209710427245 -6.999911193852313 5.006059646606445 2.097083806991577 1.5347249507904053 0.0 Vehicle 
