12.185616443142457 16.256879432169285 -6.278620898723602 0.5 0.5 1.100000023841858 0.0 Pedestrian 
10.490427950033187 -6.436112612412671 -6.048500061035156 0.3753577768802643 0.3753577768802643 1.8600000143051147 0.0 Pedestrian 
10.517019782406113 9.727655855717785 -6.048500061035156 0.3753577768802643 0.3753577768802643 1.8600000143051147 0.0 Pedestrian 
2.427762515266899 12.16980211963687 -5.89617383480072 0.3753577768802643 0.3753577768802643 1.8600000143051147 0.0 Pedestrian 
10.154972821174944 10.755411575667381 -6.048500061035156 0.3753577768802643 0.3753577768802643 1.8600000143051147 0.0 Pedestrian 
9.944717576759178 9.060696753149045 -6.048500180244446 0.3753577768802643 0.3753577768802643 1.8600000143051147 0.0 Pedestrian 
15.776335725657262 14.236033716515408 -6.0485000014305115 0.3753577768802643 0.3753577768802643 1.8600000143051147 0.0 Pedestrian 
10.732124336296764 9.116200527596106 -6.3285000920295715 0.3753577768802643 0.3753577768802643 1.2999999523162842 0.0 Pedestrian 
13.438456578339327 -30.74879092322533 -6.176112174987793 0.3753577768802643 0.3753577768802643 1.2999999523162842 0.0 Pedestrian 
6.37010436716875 12.239791143286766 -6.176175236701965 0.3753577768802643 0.3753577768802643 1.2999999523162842 0.0 Pedestrian 
15.447391402687856 13.485134114620564 -6.328499913215637 0.3753577768802643 0.3753577768802643 1.2999999523162842 0.0 Pedestrian 
6.4687245699469 -12.55204989074764 -6.277773976325989 0.5 0.5 1.100000023841858 0.0 Pedestrian 
33.02627019069186 -13.552864290044226 -6.998344860156067 4.791779518127441 2.163450002670288 1.488319993019104 0.0 Vehicle 
22.72867530640798 -27.717920968079397 -6.961410887539387 3.987684965133667 1.8508483171463013 1.6171096563339233 0.0 Vehicle 
29.51653628731715 -11.780895466113293 -7.054856736212969 2.2094459533691406 0.8670341968536377 1.2511454820632935 0.0 Vehicle 
18.553259198436677 38.972422828136246 -6.999912490849965 5.006059646606445 2.097083806991577 1.5347249507904053 0.0 Vehicle 
