11.880442341026079 11.010537225271605 -6.428500056266785 0.5 0.5 1.100000023841858 0.0 Pedestrian 
10.807475611866012 1.8958412065153993 -6.048500061035156 0.3753577768802643 0.3753577768802643 1.8600000143051147 0.0 Pedestrian 
6.378957805525943 12.197002310610742 -5.896100163459778 0.3753577768802643 0.3753577768802643 1.8600000143051147 0.0 Pedestrian 
4.8271778888488726 12.23788068210365 -5.896100163459778 0.3753577768802643 0.3753577768802643 1.8600000143051147 0.0 Pedestrian 
10.012448352450283 2.7130797209469506 -6.048500180244446 0.3753577768802643 0.3753577768802643 1.8600000143051147 0.0 Pedestrian 
9.947071177485089 8.797423472286596 -6.048500180244446 0.3753577768802643 0.3753577768802643 1.8600000143051147 0.0 Pedestrian 
8.641979136759865 13.027276999384185 -6.176100075244904 0.3753577768802643 0.3753577768802643 1.2999999523162842 0.0 Pedestrian 
13.650868093703764 -36.34658316400646 -6.176112174987793 0.3753577768802643 0.3753577768802643 1.2999999523162842 0.0 Pedestrian 
10.406288286683662 11.898666922809525 -6.328499972820282 0.3753577768802643 0.3753577768802643 1.2999999523162842 0.0 Pedestrian 
19.589087965354643 14.111289412511042 -6.328499913215637 0.3753577768802643 0.3753577768802643 1.2999999523162842 0.0 Pedestrian 
-0.960392668233979 -12.956466153517908 -6.177496254444122 0.3753577768802643 0.3753577768802643 1.2999999523162842 0.0 Pedestrian 
0.02471639054979846 13.1111791920099 -5.898186564445496 0.3753577768802643 0.3753577768802643 1.8600000143051147 0.0 Pedestrian 
10.45411026252296 -9.871940601593565 -6.428500056266785 0.5 0.5 1.100000023841858 0.0 Pedestrian 
33.10434218659948 -20.952132883513514 -6.998506603296846 4.791779518127441 2.163450002670288 1.488319993019104 0.0 Vehicle 
22.65593406112619 -18.947590208157067 -6.9614107720553875 3.987684965133667 1.8508483171463013 1.6171096563339233 0.0 Vehicle 
29.590684262656126 -19.780464903528923 -7.054826810956001 2.2094459533691406 0.8670341968536377 1.2511454820632935 0.0 Vehicle 
