12.121025947825899 12.30196439687495 -6.428500056266785 0.5 0.5 1.100000023841858 0.0 Pedestrian 
10.78879289030763 0.08253082833357439 -6.048500061035156 0.3753577768802643 0.3753577768802643 1.8600000143051147 0.0 Pedestrian 
8.00610884594387 12.384566239044148 -5.896100163459778 0.3753577768802643 0.3753577768802643 1.8600000143051147 0.0 Pedestrian 
6.528853047185635 12.375147888780361 -5.896100163459778 0.3753577768802643 0.3753577768802643 1.8600000143051147 0.0 Pedestrian 
9.957289707216349 4.722404892729635 -6.048500180244446 0.3753577768802643 0.3753577768802643 1.8600000143051147 0.0 Pedestrian 
10.310536216142953 10.77736356531193 -6.048500180244446 0.3753577768802643 0.3753577768802643 1.8600000143051147 0.0 Pedestrian 
9.864089235858039 12.759078529886665 -6.176100075244904 0.3753577768802643 0.3753577768802643 1.2999999523162842 0.0 Pedestrian 
13.60397689816827 -35.027404878673906 -6.176112174987793 0.3753577768802643 0.3753577768802643 1.2999999523162842 0.0 Pedestrian 
9.790803506912994 12.240065688975506 -6.176175236701965 0.3753577768802643 0.3753577768802643 1.2999999523162842 0.0 Pedestrian 
18.392603151419337 13.999824634774086 -6.328499913215637 0.3753577768802643 0.3753577768802643 1.2999999523162842 0.0 Pedestrian 
-2.2802252687411055 -12.935542165082666 -6.177496254444122 0.3753577768802643 0.3753577768802643 1.2999999523162842 0.0 Pedestrian 
-2.0781238920579597 13.218642727051588 -5.898186564445496 0.3753577768802643 0.3753577768802643 1.8600000143051147 0.0 Pedestrian 
10.484828256129248 -11.464696204998972 -6.284296274185181 0.5 0.5 1.100000023841858 0.0 Pedestrian 
33.089985805753926 -19.593999398106234 -6.998462963150814 4.791779518127441 2.163450002670288 1.488319993019104 0.0 Vehicle 
22.673876832213494 -20.895925801102976 -6.9614107348024845 3.987684965133667 1.8508483171463013 1.6171096563339233 0.0 Vehicle 
29.57512372808722 -18.100157601551132 -7.054842833429575 2.2094459533691406 0.8670341968536377 1.2511454820632935 0.0 Vehicle 
18.61283175086507 45.41147652689915 -6.999909935002506 5.006059646606445 2.097083806991577 1.5347249507904053 0.0 Vehicle 
