1.0278182855881397 12.148314534252222 -5.896100044250488 0.3753577768802643 0.3753577768802643 1.8600000143051147 0.0 Pedestrian 
12.239425854297835 20.07849399066231 -6.276100039482117 0.5 0.5 1.100000023841858 0.0 Pedestrian 
9.93840599815617 -11.774461133131467 -5.896100163459778 0.3753577768802643 0.3753577768802643 1.8600000143051147 0.0 Pedestrian 
11.508407980738578 4.869240777377371 -6.048500061035156 0.3753577768802643 0.3753577768802643 1.8600000143051147 0.0 Pedestrian 
8.056909314233522 12.217009476317912 -5.89617383480072 0.3753577768802643 0.3753577768802643 1.8600000143051147 0.0 Pedestrian 
10.283197913092005 7.030184242590792 -6.0485000014305115 0.3753577768802643 0.3753577768802643 1.8600000143051147 0.0 Pedestrian 
9.934537078611694 10.697119633583839 -6.048500239849091 0.3753577768802643 0.3753577768802643 1.8600000143051147 0.0 Pedestrian 
22.694602386361147 15.291344446226049 -6.0485000014305115 0.3753577768802643 0.3753577768802643 1.8600000143051147 0.0 Pedestrian 
10.77729473428926 5.32965583572215 -6.3285000920295715 0.3753577768802643 0.3753577768802643 1.2999999523162842 0.0 Pedestrian 
12.802740062866505 -26.245442821191546 -6.176112174987793 0.3753577768802643 0.3753577768802643 1.2999999523162842 0.0 Pedestrian 
2.5764500594667155 13.06241015702858 -6.176175236701965 0.3753577768802643 0.3753577768802643 1.2999999523162842 0.0 Pedestrian 
11.606359417145576 13.342392079713363 -6.176100015640259 0.3753577768802643 0.3753577768802643 1.2999999523162842 0.0 Pedestrian 
2.5218993389660938 -13.073406666591609 -6.277773976325989 0.5 0.5 1.100000023841858 0.0 Pedestrian 
32.95694478048862 -6.968954577741215 -6.998326854780316 4.791779518127441 2.163450002670288 1.488319993019104 0.0 Vehicle 
22.776782993018344 -34.54419200936968 -6.9614108093082905 3.987684965133667 1.8508483171463013 1.6171096563339233 0.0 Vehicle 
29.45595495971756 -5.34507383490984 -7.0548575185239315 2.2094459533691406 0.8670341968536377 1.2511454820632935 0.0 Vehicle 
18.477683071165885 32.528197400507224 -6.9999134826648515 5.006059646606445 2.097083806991577 1.5347249507904053 0.0 Vehicle 
