10.2036443266527 -8.551736273213692 -6.0485000014305115 0.3753577768802643 0.3753577768802643 1.8600000143051147 0.0 Pedestrian 
10.809474151803329 44.435732871225014 -6.277060329914093 0.5 0.5 1.100000023841858 0.0 Pedestrian 
12.447682496891929 19.37894359745792 -5.896100163459778 0.3753577768802643 0.3753577768802643 1.8600000143051147 0.0 Pedestrian 
7.4530620851869145 -12.843783389910072 -5.898530006408691 0.3753577768802643 0.3753577768802643 1.8600000143051147 0.0 Pedestrian 
10.797462543820792 -6.365965413165895 -6.0485000014305115 0.3753577768802643 0.3753577768802643 1.8600000143051147 0.0 Pedestrian 
1.8007396025125786 -12.193659956217857 -6.176100075244904 0.3753577768802643 0.3753577768802643 1.2999999523162842 0.0 Pedestrian 
10.41363503312472 -11.573618092134211 -6.176100015640259 0.3753577768802643 0.3753577768802643 1.2999999523162842 0.0 Pedestrian 
4.76188512983385 12.273041782955033 -5.898589372634888 0.3753577768802643 0.3753577768802643 1.8600000143051147 0.0 Pedestrian 
10.00477875530904 -11.111702065596319 -6.328500151634216 0.3753577768802643 0.3753577768802643 1.2999999523162842 0.0 Pedestrian 
10.027780551143692 -4.142631215101346 -6.328499913215637 0.3753577768802643 0.3753577768802643 1.2999999523162842 0.0 Pedestrian 
10.287448766684387 5.916401454159143 -6.048500180244446 0.3753577768802643 0.3753577768802643 1.8600000143051147 0.0 Pedestrian 
10.782004662675517 0.5899704204201157 -6.048500061035156 0.3753577768802643 0.3753577768802643 1.8600000143051147 0.0 Pedestrian 
9.377907028909917 12.664213374639758 -5.896100044250488 0.3753577768802643 0.3753577768802643 1.8600000143051147 0.0 Pedestrian 
10.36509154351997 10.169556583206486 -6.048500180244446 0.3753577768802643 0.3753577768802643 1.8600000143051147 0.0 Pedestrian 
10.600847399168135 -0.4658787619882787 -6.0485000014305115 0.3753577768802643 0.3753577768802643 1.8600000143051147 0.0 Pedestrian 
32.5847471937481 30.34456354258407 -6.998324298881926 4.791779518127441 2.163450002670288 1.488319993019104 0.0 Vehicle 
18.698601135990913 40.60005349119126 -6.9983259964501485 4.791779518127441 2.163450002670288 1.488319993019104 0.0 Vehicle 
29.103314841299905 31.594647753758636 -7.054857596755028 2.2094459533691406 0.8670341968536377 1.2511454820632935 0.0 Vehicle 
18.79561950317153 -6.248308809887362 -6.999912605286227 5.006059646606445 2.097083806991577 1.5347249507904053 0.0 Vehicle 
