10.257224706385536 -11.37238161031064 -6.309645652770996 0.5 0.5 1.100000023841858 0.0 Pedestrian 
12.118376041832676 45.87465395875029 -5.897026896476746 0.3753577768802643 0.3753577768802643 1.8600000143051147 0.0 Pedestrian 
6.444240366116233 12.175687102900042 -5.897533178329468 0.3753577768802643 0.3753577768802643 1.8600000143051147 0.0 Pedestrian 
9.079918912227598 13.512007664419798 -5.896100163459778 0.3753577768802643 0.3753577768802643 1.8600000143051147 0.0 Pedestrian 
11.353162392470587 -4.766243908227921 -6.3285000920295715 0.3753577768802643 0.3753577768802643 1.2999999523162842 0.0 Pedestrian 
10.185680637488787 -8.82563281124169 -6.048500061035156 0.3753577768802643 0.3753577768802643 1.8600000143051147 0.0 Pedestrian 
10.814243013721288 5.008312744627091 -6.328500151634216 0.3753577768802643 0.3753577768802643 1.2999999523162842 0.0 Pedestrian 
-2.162634234317615 12.603077573590781 -6.276099920272827 0.5 0.5 1.100000023841858 0.0 Pedestrian 
10.064646681465575 -12.257270828600326 -5.896100163459778 0.3753577768802643 0.3753577768802643 1.8600000143051147 0.0 Pedestrian 
2.261355632729334 -13.211747527694683 -6.178474068641663 0.3753577768802643 0.3753577768802643 1.2999999523162842 0.0 Pedestrian 
10.391869193527171 9.897679058419158 -6.048500061035156 0.3753577768802643 0.3753577768802643 1.8600000143051147 0.0 Pedestrian 
10.631243903306036 -10.452376931249205 -6.048500180244446 0.3753577768802643 0.3753577768802643 1.8600000143051147 0.0 Pedestrian 
6.876664142778296 -12.773913891114148 -5.896108269691467 0.3753577768802643 0.3753577768802643 1.8600000143051147 0.0 Pedestrian 
2.5451604297412302 12.155766116594236 -5.896100163459778 0.3753577768802643 0.3753577768802643 1.8600000143051147 0.0 Pedestrian 
-2.015344348886778 13.269879005314124 -5.896498918533325 0.3753577768802643 0.3753577768802643 1.8600000143051147 0.0 Pedestrian 
5.163742558154098 12.155829495521175 -5.896220564842224 0.3753577768802643 0.3753577768802643 1.8600000143051147 0.0 Pedestrian 
18.556953270603145 22.814072438176026 -6.998321342514828 4.791779518127441 2.163450002670288 1.488319993019104 0.0 Vehicle 
1.6715806938778641 -6.821788109215277 -7.023599602282047 4.974244117736816 2.0384013652801514 1.5542958974838257 0.0 Vehicle 
19.04493457372041 -33.13265530132969 -6.999913024905254 5.006059646606445 2.097083806991577 1.5347249507904053 0.0 Vehicle 
