10.125507116903144 -4.038444361951292 -6.0485000014305115 0.3753577768802643 0.3753577768802643 1.8600000143051147 0.0 Pedestrian 
11.57720525322219 40.479594117053466 -6.279619514942169 0.5 0.5 1.100000023841858 0.0 Pedestrian 
12.013116728295849 13.320090353742216 -5.896100163459778 0.3753577768802643 0.3753577768802643 1.8600000143051147 0.0 Pedestrian 
10.94245422642809 -11.569500461843404 -5.904507160186768 0.3753577768802643 0.3753577768802643 1.8600000143051147 0.0 Pedestrian 
0.5071549259394175 -12.981654141099398 -5.896230578422546 0.3753577768802643 0.3753577768802643 1.8600000143051147 0.0 Pedestrian 
10.522656062126117 -12.070060426118175 -5.896100163459778 0.3753577768802643 0.3753577768802643 1.8600000143051147 0.0 Pedestrian 
-2.326719991141644 -11.923278725859177 -6.176100075244904 0.3753577768802643 0.3753577768802643 1.2999999523162842 0.0 Pedestrian 
10.282670870975032 -11.41375317579741 -6.197123885154724 0.3753577768802643 0.3753577768802643 1.2999999523162842 0.0 Pedestrian 
-1.5701776159383343 12.2176306436927 -5.898589372634888 0.3753577768802643 0.3753577768802643 1.8600000143051147 0.0 Pedestrian 
9.175467958255709 -12.742709538544318 -6.176112174987793 0.3753577768802643 0.3753577768802643 1.2999999523162842 0.0 Pedestrian 
9.986485000975016 -0.16361633514588902 -6.328499913215637 0.3753577768802643 0.3753577768802643 1.2999999523162842 0.0 Pedestrian 
10.955884090403266 -0.8867083726793226 -6.048500180244446 0.3753577768802643 0.3753577768802643 1.8600000143051147 0.0 Pedestrian 
11.17871480955354 -6.6368357994714415 -6.048500061035156 0.3753577768802643 0.3753577768802643 1.8600000143051147 0.0 Pedestrian 
3.173659560575814 12.15522961754732 -5.896100044250488 0.3753577768802643 0.3753577768802643 1.8600000143051147 0.0 Pedestrian 
6.136208265207419 12.182199072527055 -5.896100163459778 0.3753577768802643 0.3753577768802643 1.8600000143051147 0.0 Pedestrian 
10.104517535941305 -6.5315938127275786 -6.0485000014305115 0.3753577768802643 0.3753577768802643 1.8600000143051147 0.0 Pedestrian 
32.648823406523476 23.65301084285727 -6.998324985499494 4.791779518127441 2.163450002670288 1.488319993019104 0.0 Vehicle 
29.167033782175764 25.116196488997502 -7.054857689887285 2.2094459533691406 0.8670341968536377 1.2511454820632935 0.0 Vehicle 
18.71210224583483 0.22739323018174673 -6.9999127960254555 5.006059646606445 2.097083806991577 1.5347249507904053 0.0 Vehicle 
