10.148937969856583 -3.8502771295702587 -6.0485000014305115 0.3753577768802643 0.3753577768802643 1.8600000143051147 0.0 Pedestrian 
11.546232969194534 40.151050177083334 -6.279619514942169 0.5 0.5 1.100000023841858 0.0 Pedestrian 
11.996821528422046 12.810846757811078 -5.896100163459778 0.3753577768802643 0.3753577768802643 1.8600000143051147 0.0 Pedestrian 
-2.7907638094177827 -13.060031532396124 -5.896100163459778 0.3753577768802643 0.3753577768802643 1.8600000143051147 0.0 Pedestrian 
10.882666907752053 -10.902373574712442 -6.048500061035156 0.3753577768802643 0.3753577768802643 1.8600000143051147 0.0 Pedestrian 
1.003324236252439 -12.984777226073675 -5.896230578422546 0.3753577768802643 0.3753577768802643 1.8600000143051147 0.0 Pedestrian 
9.928915225277287 -11.553398570880177 -5.896100163459778 0.3753577768802643 0.3753577768802643 1.8600000143051147 0.0 Pedestrian 
-2.611938466481085 -11.95970314557701 -6.176100075244904 0.3753577768802643 0.3753577768802643 1.2999999523162842 0.0 Pedestrian 
10.519608278121275 -11.476481484453302 -6.185146868228912 0.3753577768802643 0.3753577768802643 1.2999999523162842 0.0 Pedestrian 
-2.019685001458811 12.237292488966432 -5.898589372634888 0.3753577768802643 0.3753577768802643 1.8600000143051147 0.0 Pedestrian 
8.784438707076049 -12.751068461471164 -6.176112174987793 0.3753577768802643 0.3753577768802643 1.2999999523162842 0.0 Pedestrian 
9.984229764046773 0.0880957566039342 -6.328499913215637 0.3753577768802643 0.3753577768802643 1.2999999523162842 0.0 Pedestrian 
10.966061697189197 -1.4155678704381671 -6.048500180244446 0.3753577768802643 0.3753577768802643 1.8600000143051147 0.0 Pedestrian 
11.133479985149101 -7.1917987743678395 -6.048500061035156 0.3753577768802643 0.3753577768802643 1.8600000143051147 0.0 Pedestrian 
2.6371006403357597 12.155012761433568 -5.896100044250488 0.3753577768802643 0.3753577768802643 1.8600000143051147 0.0 Pedestrian 
5.661872274347665 12.185323574911877 -5.896100163459778 0.3753577768802643 0.3753577768802643 1.8600000143051147 0.0 Pedestrian 
10.158108551349379 -6.779935835108063 -6.0485000014305115 0.3753577768802643 0.3753577768802643 1.8600000143051147 0.0 Pedestrian 
32.653388708544625 23.17556150389828 -6.998325023683719 4.791779518127441 2.163450002670288 1.488319993019104 0.0 Vehicle 
29.17146024525617 24.65365350024331 -7.054857786744833 2.2094459533691406 0.8670341968536377 1.2511454820632935 0.0 Vehicle 
18.7057284155768 0.6897372437927629 -6.9999127960254555 5.006059646606445 2.097083806991577 1.5347249507904053 0.0 Vehicle 
