10.147322732407527 -2.415846364534673 -6.0485000014305115 0.3753577768802643 0.3753577768802643 1.8600000143051147 0.0 Pedestrian 
11.422389581565994 38.83687601477493 -6.279619514942169 0.5 0.5 1.100000023841858 0.0 Pedestrian 
11.734277034318648 10.745255221387765 -6.0485000014305115 0.3753577768802643 0.3753577768802643 1.8600000143051147 0.0 Pedestrian 
-0.759014302748156 -13.026636964335239 -5.896100163459778 0.3753577768802643 0.3753577768802643 1.8600000143051147 0.0 Pedestrian 
10.246773311813207 -9.393727268723637 -6.048500061035156 0.3753577768802643 0.3753577768802643 1.8600000143051147 0.0 Pedestrian 
3.0111820138459677 -12.98381810517742 -5.896230578422546 0.3753577768802643 0.3753577768802643 1.8600000143051147 0.0 Pedestrian 
9.410542168969798 -12.040287225500379 -5.8960617780685425 0.3753577768802643 0.3753577768802643 1.8600000143051147 0.0 Pedestrian 
10.9349010803707 -11.257892488053926 -6.3284987807273865 0.3753577768802643 0.3753577768802643 1.2999999523162842 0.0 Pedestrian 
7.76297509344441 -12.81802498047864 -6.176112174987793 0.3753577768802643 0.3753577768802643 1.2999999523162842 0.0 Pedestrian 
9.967101319409077 1.1273025104321164 -6.328499913215637 0.3753577768802643 0.3753577768802643 1.2999999523162842 0.0 Pedestrian 
11.079490710820458 -3.5326594718601427 -6.048500180244446 0.3753577768802643 0.3753577768802643 1.8600000143051147 0.0 Pedestrian 
10.95469817731589 -9.48786139105755 -6.048500061035156 0.3753577768802643 0.3753577768802643 1.8600000143051147 0.0 Pedestrian 
0.49132181246262263 12.149369973091098 -5.896100044250488 0.3753577768802643 0.3753577768802643 1.8600000143051147 0.0 Pedestrian 
3.7603619558252035 12.172410265659664 -5.896100163459778 0.3753577768802643 0.3753577768802643 1.8600000143051147 0.0 Pedestrian 
10.026748752482725 -8.260124771720143 -6.0485000014305115 0.3753577768802643 0.3753577768802643 1.8600000143051147 0.0 Pedestrian 
32.67172744682402 21.26704174100587 -6.998325901106 4.791779518127441 2.163450002670288 1.488319993019104 0.0 Vehicle 
29.189156179317536 22.80376556705278 -7.054857712239027 2.2094459533691406 0.8670341968536377 1.2511454820632935 0.0 Vehicle 
18.680059078638866 2.5388498110099817 -6.999912910461717 5.006059646606445 2.097083806991577 1.5347249507904053 0.0 Vehicle 
