3.9090791283909 -13.05584499556619 -5.896100163459778 0.3753577768802643 0.3753577768802643 1.8600000143051147 0.0 Pedestrian 
1.4996685740592852 -12.374244844171358 -6.276015996932983 0.5 0.5 1.100000023841858 0.0 Pedestrian 
11.562845269058712 30.464403051996783 -5.899577260017395 0.3753577768802643 0.3753577768802643 1.8600000143051147 0.0 Pedestrian 
0.015933723841285996 -12.647153309753094 -5.898530006408691 0.3753577768802643 0.3753577768802643 1.8600000143051147 0.0 Pedestrian 
-1.0432980405513277 12.109836054970401 -5.897533178329468 0.3753577768802643 0.3753577768802643 1.8600000143051147 0.0 Pedestrian 
10.782991055270575 5.99681706068543 -6.0485000014305115 0.3753577768802643 0.3753577768802643 1.8600000143051147 0.0 Pedestrian 
8.194907752033785 -11.700879360474232 -6.176100075244904 0.3753577768802643 0.3753577768802643 1.2999999523162842 0.0 Pedestrian 
3.5673740994121346 -12.287936989732884 -6.176100015640259 0.3753577768802643 0.3753577768802643 1.2999999523162842 0.0 Pedestrian 
10.261770691300882 7.459709615234715 -6.048500061035156 0.3753577768802643 0.3753577768802643 1.8600000143051147 0.0 Pedestrian 
11.003811027775292 -4.9756099171223696 -6.328500151634216 0.3753577768802643 0.3753577768802643 1.2999999523162842 0.0 Pedestrian 
-0.052670392926586374 -13.366250347607547 -5.896100163459778 0.3753577768802643 0.3753577768802643 1.8600000143051147 0.0 Pedestrian 
10.809801131815135 -10.980014205084785 -6.328499913215637 0.3753577768802643 0.3753577768802643 1.2999999523162842 0.0 Pedestrian 
5.562082510441606 12.438840876114796 -5.896178364753723 0.3753577768802643 0.3753577768802643 1.8600000143051147 0.0 Pedestrian 
-0.830937528604835 13.206482171477205 -5.896100044250488 0.3753577768802643 0.3753577768802643 1.8600000143051147 0.0 Pedestrian 
10.503009336850258 11.847577970088992 -6.048500061035156 0.3753577768802643 0.3753577768802643 1.8600000143051147 0.0 Pedestrian 
9.984173321802231 5.909122467653816 -6.048500180244446 0.3753577768802643 0.3753577768802643 1.8600000143051147 0.0 Pedestrian 
10.836180593753134 -1.6408666426528953 -6.048500180244446 0.3753577768802643 0.3753577768802643 1.8600000143051147 0.0 Pedestrian 
10.28305846065853 10.930690457849437 -6.0485000014305115 0.3753577768802643 0.3753577768802643 1.8600000143051147 0.0 Pedestrian 
18.56736345075548 28.57147358087218 -6.996514473110437 4.791779518127441 2.163450002670288 1.488319993019104 0.0 Vehicle 
1.6738690166161803 -6.821733964130317 -7.026721078902483 4.974244117736816 2.0384013652801514 1.5542958974838257 0.0 Vehicle 
18.917820062504333 -17.825331599174888 -6.999912681581918 5.006059646606445 2.097083806991577 1.5347249507904053 0.0 Vehicle 
