9.959141889602733 2.983441467082372 -6.0485000014305115 0.3753577768802643 0.3753577768802643 1.8600000143051147 0.0 Pedestrian 
11.050813670198295 34.894351930277594 -6.279619514942169 0.5 0.5 1.100000023841858 0.0 Pedestrian 
11.914343216173002 5.18702816544635 -6.0485000014305115 0.3753577768802643 0.3753577768802643 1.8600000143051147 0.0 Pedestrian 
4.686021743717632 -12.97482483858414 -5.896100163459778 0.3753577768802643 0.3753577768802643 1.8600000143051147 0.0 Pedestrian 
10.10881517059618 -7.2641479324588545 -6.048500180244446 0.3753577768802643 0.3753577768802643 1.8600000143051147 0.0 Pedestrian 
8.348196329668525 -12.637756512056285 -5.896230578422546 0.3753577768802643 0.3753577768802643 1.8600000143051147 0.0 Pedestrian 
37.54358359209563 30.241236255296258 -5.896100163459778 0.3753577768802643 0.3753577768802643 1.8600000143051147 0.0 Pedestrian 
4.527787277472086 -12.314299158872927 -5.8960617780685425 0.3753577768802643 0.3753577768802643 1.8600000143051147 0.0 Pedestrian 
10.354729229859565 -9.203837437425364 -6.3285000920295715 0.3753577768802643 0.3753577768802643 1.2999999523162842 0.0 Pedestrian 
10.856802027488754 -13.215251167972497 -6.176112174987793 0.3753577768802643 0.3753577768802643 1.2999999523162842 0.0 Pedestrian 
10.222639145270668 4.7786546504255725 -6.328499913215637 0.3753577768802643 0.3753577768802643 1.2999999523162842 0.0 Pedestrian 
10.913604933131786 -9.398473210036286 -6.048500180244446 0.3753577768802643 0.3753577768802643 1.8600000143051147 0.0 Pedestrian 
8.255569244766974 -11.819842695190573 -5.896167874336243 0.3753577768802643 0.3753577768802643 1.8600000143051147 0.0 Pedestrian 
-1.3681984593086796 12.281096641363547 -5.896100163459778 0.3753577768802643 0.3753577768802643 1.8600000143051147 0.0 Pedestrian 
10.378622556310262 -11.334816834600929 -6.014905393123627 0.3753577768802643 0.3753577768802643 1.8600000143051147 0.0 Pedestrian 
32.72774767082213 15.568695667866677 -6.9983333016280085 4.791779518127441 2.163450002670288 1.488319993019104 0.0 Vehicle 
29.242123730916653 17.25754529385108 -7.054857689887285 2.2094459533691406 0.8670341968536377 1.2511454820632935 0.0 Vehicle 
18.600332403339287 8.083591232224535 -6.999913177489361 5.006059646606445 2.097083806991577 1.5347249507904053 0.0 Vehicle 
