0.718466302700719 -13.318780355253125 -5.896100163459778 0.3753577768802643 0.3753577768802643 1.8600000143051147 0.0 Pedestrian 
3.7036132201327376 -12.525403848629708 -6.276015996932983 0.5 0.5 1.100000023841858 0.0 Pedestrian 
11.243916959004778 34.134677197347514 -5.899577260017395 0.3753577768802643 0.3753577768802643 1.8600000143051147 0.0 Pedestrian 
2.338606472581077 12.166029331522623 -5.897533178329468 0.3753577768802643 0.3753577768802643 1.8600000143051147 0.0 Pedestrian 
10.406641069298686 10.129624797514793 -6.0485000014305115 0.3753577768802643 0.3753577768802643 1.8600000143051147 0.0 Pedestrian 
9.819773352873284 -12.422434428233487 -6.176100075244904 0.3753577768802643 0.3753577768802643 1.2999999523162842 0.0 Pedestrian 
1.8580229086633366 -11.833753597598616 -6.176100015640259 0.3753577768802643 0.3753577768802643 1.2999999523162842 0.0 Pedestrian 
10.223912751241343 3.1546341928529102 -6.048500061035156 0.3753577768802643 0.3753577768802643 1.8600000143051147 0.0 Pedestrian 
11.150785601200056 -2.3834398475776197 -6.328500151634216 0.3753577768802643 0.3753577768802643 1.2999999523162842 0.0 Pedestrian 
2.147657097316042 -12.514464128671648 -5.896100163459778 0.3753577768802643 0.3753577768802643 1.8600000143051147 0.0 Pedestrian 
9.085041575183865 -11.697938111088206 -6.178474068641663 0.3753577768802643 0.3753577768802643 1.2999999523162842 0.0 Pedestrian 
2.8588816460062603 12.448481701217133 -5.896178364753723 0.3753577768802643 0.3753577768802643 1.8600000143051147 0.0 Pedestrian 
2.3010153955780623 12.780791694857726 -5.896100044250488 0.3753577768802643 0.3753577768802643 1.8600000143051147 0.0 Pedestrian 
6.630180751700344 12.289641873870778 -5.896100163459778 0.3753577768802643 0.3753577768802643 1.8600000143051147 0.0 Pedestrian 
10.004302928287652 1.7041895336666926 -6.048500180244446 0.3753577768802643 0.3753577768802643 1.8600000143051147 0.0 Pedestrian 
10.490883998032068 -5.550245911932052 -6.048500180244446 0.3753577768802643 0.3753577768802643 1.8600000143051147 0.0 Pedestrian 
8.365032856165797 12.324179742407864 -5.896498918533325 0.3753577768802643 0.3753577768802643 1.8600000143051147 0.0 Pedestrian 
-0.0752937253573478 12.269647057162047 -5.896220564842224 0.3753577768802643 0.3753577768802643 1.8600000143051147 0.0 Pedestrian 
18.549913300395914 24.719957955336895 -6.997445945860818 4.791779518127441 2.163450002670288 1.488319993019104 0.0 Vehicle 
1.6715959100891382 -6.821786623597859 -7.023631244897842 4.974244117736816 2.0384013652801514 1.5542958974838257 0.0 Vehicle 
18.950696715286966 -21.533529767531263 -6.99991275787761 5.006059646606445 2.097083806991577 1.5347249507904053 0.0 Vehicle 
