1.8121224555288364 -13.251530049997541 -5.896100163459778 0.3753577768802643 0.3753577768802643 1.8600000143051147 0.0 Pedestrian 
2.8264067169111797 -12.551381714300533 -6.276015996932983 0.5 0.5 1.100000023841858 0.0 Pedestrian 
11.138035761385837 32.603880633405765 -5.899577260017395 0.3753577768802643 0.3753577768802643 1.8600000143051147 0.0 Pedestrian 
-2.2824237553833484 -12.709502339454275 -5.898530006408691 0.3753577768802643 0.3753577768802643 1.8600000143051147 0.0 Pedestrian 
1.2187148309825773 12.090612428532154 -5.897533178329468 0.3753577768802643 0.3753577768802643 1.8600000143051147 0.0 Pedestrian 
10.710512007866122 8.554600189324788 -6.0485000014305115 0.3753577768802643 0.3753577768802643 1.8600000143051147 0.0 Pedestrian 
9.033993986896334 -12.03529045198104 -6.176100075244904 0.3753577768802643 0.3753577768802643 1.2999999523162842 0.0 Pedestrian 
2.493296411421838 -11.826723892836526 -6.176100015640259 0.3753577768802643 0.3753577768802643 1.2999999523162842 0.0 Pedestrian 
10.240986961675874 4.770037032980625 -6.048500061035156 0.3753577768802643 0.3753577768802643 1.8600000143051147 0.0 Pedestrian 
11.169864945249376 -3.3748916961693567 -6.328500151634216 0.3753577768802643 0.3753577768802643 1.2999999523162842 0.0 Pedestrian 
1.1542403027711856 -12.793891040379208 -5.896100163459778 0.3753577768802643 0.3753577768802643 1.8600000143051147 0.0 Pedestrian 
9.776792014350086 -11.640198535990407 -6.178474068641663 0.3753577768802643 0.3753577768802643 1.2999999523162842 0.0 Pedestrian 
3.6859569088612645 12.558143452566469 -5.896178364753723 0.3753577768802643 0.3753577768802643 1.8600000143051147 0.0 Pedestrian 
1.369847863748042 13.217059370586867 -5.896100044250488 0.3753577768802643 0.3753577768802643 1.8600000143051147 0.0 Pedestrian 
7.881085925072277 12.437693290457219 -5.896100163459778 0.3753577768802643 0.3753577768802643 1.8600000143051147 0.0 Pedestrian 
9.987103154848441 3.2416846189750004 -6.048500180244446 0.3753577768802643 0.3753577768802643 1.8600000143051147 0.0 Pedestrian 
10.469136700474536 -4.022874682700035 -6.048500180244446 0.3753577768802643 0.3753577768802643 1.8600000143051147 0.0 Pedestrian 
10.022901999045821 12.40072664080185 -5.896498918533325 0.3753577768802643 0.3753577768802643 1.8600000143051147 0.0 Pedestrian 
-1.3870820091020803 12.405616467627624 -5.896220564842224 0.3753577768802643 0.3753577768802643 1.8600000143051147 0.0 Pedestrian 
18.55346666429689 26.164653308333186 -6.998031883267686 4.791779518127441 2.163450002670288 1.488319993019104 0.0 Vehicle 
1.6715666092801769 -6.821822000007501 -7.023426989093423 4.974244117736816 2.0384013652801514 1.5542958974838257 0.0 Vehicle 
18.938574798538653 -20.142757142112373 -6.999912910461717 5.006059646606445 2.097083806991577 1.5347249507904053 0.0 Vehicle 
