10.536857847205624 -10.002513185640737 -6.0485000014305115 0.3753577768802643 0.3753577768802643 1.8600000143051147 0.0 Pedestrian 
10.899579458320972 45.32086736583676 -6.277060329914093 0.5 0.5 1.100000023841858 0.0 Pedestrian 
12.503933990196316 20.787121950055393 -5.896100163459778 0.3753577768802643 0.3753577768802643 1.8600000143051147 0.0 Pedestrian 
7.017888767917782 -12.852027269737164 -5.898530006408691 0.3753577768802643 0.3753577768802643 1.8600000143051147 0.0 Pedestrian 
10.868735909868391 -4.809951179950417 -6.0485000014305115 0.3753577768802643 0.3753577768802643 1.8600000143051147 0.0 Pedestrian 
2.723323492047612 -12.344337162077181 -6.176100075244904 0.3753577768802643 0.3753577768802643 1.2999999523162842 0.0 Pedestrian 
9.912227250462323 -11.670575144140912 -6.176100015640259 0.3753577768802643 0.3753577768802643 1.2999999523162842 0.0 Pedestrian 
6.121205080290906 12.31058888354346 -5.898589372634888 0.3753577768802643 0.3753577768802643 1.8600000143051147 0.0 Pedestrian 
10.065246286677187 -10.894134838465106 -6.328500151634216 0.3753577768802643 0.3753577768802643 1.2999999523162842 0.0 Pedestrian 
10.093351060099764 -4.8870483862149285 -6.328499913215637 0.3753577768802643 0.3753577768802643 1.2999999523162842 0.0 Pedestrian 
10.09448426891712 7.375152967451356 -6.048500180244446 0.3753577768802643 0.3753577768802643 1.8600000143051147 0.0 Pedestrian 
10.7369490852061 2.100552751582768 -6.048500061035156 0.3753577768802643 0.3753577768802643 1.8600000143051147 0.0 Pedestrian 
10.038625764019148 11.390376907641212 -6.048500180244446 0.3753577768802643 0.3753577768802643 1.8600000143051147 0.0 Pedestrian 
10.51599501883522 8.763635320909657 -6.048500180244446 0.3753577768802643 0.3753577768802643 1.8600000143051147 0.0 Pedestrian 
10.487939005054873 1.054363204698575 -6.0485000014305115 0.3753577768802643 0.3753577768802643 1.8600000143051147 0.0 Pedestrian 
32.570973412037034 31.779578847252992 -6.998324184445664 4.791779518127441 2.163450002670288 1.488319993019104 0.0 Vehicle 
18.683509399443324 39.157421005925585 -6.998326187138446 4.791779518127441 2.163450002670288 1.488319993019104 0.0 Vehicle 
29.089410373914674 32.9835622220337 -7.054857559502125 2.2094459533691406 0.8670341968536377 1.2511454820632935 0.0 Vehicle 
18.812084427105482 -7.636654828724431 -6.999912605286227 5.006059646606445 2.097083806991577 1.5347249507904053 0.0 Vehicle 
