9.97120196934127 1.7448436177604663 -6.0485000014305115 0.3753577768802643 0.3753577768802643 1.8600000143051147 0.0 Pedestrian 
11.143700023293206 35.87998268513991 -6.279619514942169 0.5 0.5 1.100000023841858 0.0 Pedestrian 
11.95537993840162 6.662323342842569 -6.0485000014305115 0.3753577768802643 0.3753577768802643 1.8600000143051147 0.0 Pedestrian 
3.4485693259503023 -13.007932060016287 -5.896100163459778 0.3753577768802643 0.3753577768802643 1.8600000143051147 0.0 Pedestrian 
10.144854239657704 -8.290925239439503 -6.048500180244446 0.3753577768802643 0.3753577768802643 1.8600000143051147 0.0 Pedestrian 
6.714069753939 -12.786027312030683 -5.896230578422546 0.3753577768802643 0.3753577768802643 1.8600000143051147 0.0 Pedestrian 
37.540831666301486 31.861244838454923 -5.896100163459778 0.3753577768802643 0.3753577768802643 1.8600000143051147 0.0 Pedestrian 
5.873658074208976 -12.150890672184119 -5.8960617780685425 0.3753577768802643 0.3753577768802643 1.8600000143051147 0.0 Pedestrian 
10.29176254550336 -9.649771832894658 -6.3285000920295715 0.3753577768802643 0.3753577768802643 1.2999999523162842 0.0 Pedestrian 
10.064269297337106 -13.248574304315866 -6.176112174987793 0.3753577768802643 0.3753577768802643 1.2999999523162842 0.0 Pedestrian 
10.020331181398074 3.8261154745065085 -6.328499913215637 0.3753577768802643 0.3753577768802643 1.2999999523162842 0.0 Pedestrian 
11.127220621122014 -7.940774040907172 -6.048500180244446 0.3753577768802643 0.3753577768802643 1.8600000143051147 0.0 Pedestrian 
10.211970372095024 -12.199174526961428 -5.896167874336243 0.3753577768802643 0.3753577768802643 1.8600000143051147 0.0 Pedestrian 
-0.09071347417332731 12.23901231919126 -5.896100163459778 0.3753577768802643 0.3753577768802643 1.8600000143051147 0.0 Pedestrian 
10.132821617352995 -10.069063559502979 -6.0485000014305115 0.3753577768802643 0.3753577768802643 1.8600000143051147 0.0 Pedestrian 
32.71392108392379 16.9868598367741 -6.998330020927824 4.791779518127441 2.163450002670288 1.488319993019104 0.0 Vehicle 
29.228903618257732 18.64347680080982 -7.054857712239027 2.2094459533691406 0.8670341968536377 1.2511454820632935 0.0 Vehicle 
18.620388865700622 6.697767245696809 -6.999912910461717 5.006059646606445 2.097083806991577 1.5347249507904053 0.0 Vehicle 
