9.982595399728607 1.3569302947510664 -6.0485000014305115 0.3753577768802643 0.3753577768802643 1.8600000143051147 0.0 Pedestrian 
11.174672307320861 36.20852662511004 -6.279619514942169 0.5 0.5 1.100000023841858 0.0 Pedestrian 
11.930680575602493 7.106850813338895 -6.0485000014305115 0.3753577768802643 0.3753577768802643 1.8600000143051147 0.0 Pedestrian 
3.015661729876186 -12.996236850824289 -5.896100163459778 0.3753577768802643 0.3753577768802643 1.8600000143051147 0.0 Pedestrian 
10.27511534155878 -8.556576767822662 -6.048500180244446 0.3753577768802643 0.3753577768802643 1.8600000143051147 0.0 Pedestrian 
7.144149003512624 -12.744274188499048 -5.896230578422546 0.3753577768802643 0.3753577768802643 1.8600000143051147 0.0 Pedestrian 
37.53652526454974 32.40123559023334 -5.896100163459778 0.3753577768802643 0.3753577768802643 1.8600000143051147 0.0 Pedestrian 
6.324036306365855 -12.061700702613166 -5.8960617780685425 0.3753577768802643 0.3753577768802643 1.8600000143051147 0.0 Pedestrian 
10.283336970709627 -9.654650304511165 -6.3285000920295715 0.3753577768802643 0.3753577768802643 1.2999999523162842 0.0 Pedestrian 
9.804005645151634 -13.219172055564513 -6.176112174987793 0.3753577768802643 0.3753577768802643 1.2999999523162842 0.0 Pedestrian 
10.000197558760645 3.492810288777548 -6.328499913215637 0.3753577768802643 0.3753577768802643 1.2999999523162842 0.0 Pedestrian 
11.111743382559183 -7.458214013966199 -6.048500180244446 0.3753577768802643 0.3753577768802643 1.8600000143051147 0.0 Pedestrian 
10.531037317441253 -11.502083931192487 -5.899239659309387 0.3753577768802643 0.3753577768802643 1.8600000143051147 0.0 Pedestrian 
0.3381023622596331 12.224691249445982 -5.896100163459778 0.3753577768802643 0.3753577768802643 1.8600000143051147 0.0 Pedestrian 
10.231327338489379 -10.079005190865246 -6.0485000014305115 0.3753577768802643 0.3753577768802643 1.8600000143051147 0.0 Pedestrian 
32.7092923396215 17.46087927403562 -6.998329219873995 4.791779518127441 2.163450002670288 1.488319993019104 0.0 Vehicle 
29.224492931202036 19.105568023303476 -7.054857634007931 2.2094459533691406 0.8670341968536377 1.2511454820632935 0.0 Vehicle 
18.627147413189974 6.235774115356179 -6.999913215637207 5.006059646606445 2.097083806991577 1.5347249507904053 0.0 Vehicle 
