9.93103506574412 5.243824067238222 -6.0485000014305115 0.3753577768802643 0.3753577768802643 1.8600000143051147 0.0 Pedestrian 
10.895982749048073 33.25163329547502 -6.279619514942169 0.5 0.5 1.100000023841858 0.0 Pedestrian 
11.778275710546357 2.9488452040535833 -6.0485000014305115 0.3753577768802643 0.3753577768802643 1.8600000143051147 0.0 Pedestrian 
6.969471729709284 -12.826613352805566 -5.896100163459778 0.3753577768802643 0.3753577768802643 1.8600000143051147 0.0 Pedestrian 
10.207364830395164 -5.12859309591488 -6.048500180244446 0.3753577768802643 0.3753577768802643 1.8600000143051147 0.0 Pedestrian 
9.653058762141008 -11.634058845885988 -5.896230578422546 0.3753577768802643 0.3753577768802643 1.8600000143051147 0.0 Pedestrian 
37.56380461032661 27.541223356029377 -5.896100163459778 0.3753577768802643 0.3753577768802643 1.8600000143051147 0.0 Pedestrian 
2.2860576225374842 -12.710204159666091 -5.8960617780685425 0.3753577768802643 0.3753577768802643 1.8600000143051147 0.0 Pedestrian 
10.286187216297733 -8.106311081168883 -6.3285000920295715 0.3753577768802643 0.3753577768802643 1.2999999523162842 0.0 Pedestrian 
11.812669210909647 -13.109246972527785 -6.176112174987793 0.3753577768802643 0.3753577768802643 1.2999999523162842 0.0 Pedestrian 
10.513536966971934 6.0961473323740165 -6.328499913215637 0.3753577768802643 0.3753577768802643 1.2999999523162842 0.0 Pedestrian 
10.550287346709055 -12.389555556616642 -5.896100163459778 0.3753577768802643 0.3753577768802643 1.8600000143051147 0.0 Pedestrian 
6.885870974169791 -11.982111763418857 -5.896167874336243 0.3753577768802643 0.3753577768802643 1.8600000143051147 0.0 Pedestrian 
9.308392003693598 -12.169951635953225 -5.8963717222213745 0.3753577768802643 0.3753577768802643 1.8600000143051147 0.0 Pedestrian 
32.750986217057516 13.225176858116583 -6.998342380509712 4.791779518127441 2.163450002670288 1.488319993019104 0.0 Vehicle 
29.26409778683029 14.949362309086155 -7.054857272654772 2.2094459533691406 0.8670341968536377 1.2511454820632935 0.0 Vehicle 
18.567193272854524 10.392766086173083 -6.9999131393487914 5.006059646606445 2.097083806991577 1.5347249507904053 0.0 Vehicle 
