9.941753492120526 3.8626366852197904 -6.0485000014305115 0.3753577768802643 0.3753577768802643 1.8600000143051147 0.0 Pedestrian 
10.988884418202517 34.23726267667462 -6.279619514942169 0.5 0.5 1.100000023841858 0.0 Pedestrian 
11.834591321932582 4.263371062185506 -6.0485000014305115 0.3753577768802643 0.3753577768802643 1.8600000143051147 0.0 Pedestrian 
5.559816435806354 -12.880002061168398 -5.896100163459778 0.3753577768802643 0.3753577768802643 1.8600000143051147 0.0 Pedestrian 
10.184810272633918 -6.478628526949933 -6.048500180244446 0.3753577768802643 0.3753577768802643 1.8600000143051147 0.0 Pedestrian 
8.841471425274378 -12.049074979368925 -5.896230578422546 0.3753577768802643 0.3753577768802643 1.8600000143051147 0.0 Pedestrian 
37.54639559697354 29.161223949411692 -5.896100163459778 0.3753577768802643 0.3753577768802643 1.8600000143051147 0.0 Pedestrian 
3.6347621268291306 -12.505520587042724 -5.8960617780685425 0.3753577768802643 0.3753577768802643 1.8600000143051147 0.0 Pedestrian 
10.305898385988051 -8.906864450961507 -6.3285000920295715 0.3753577768802643 0.3753577768802643 1.2999999523162842 0.0 Pedestrian 
11.457241478337906 -13.081648751563648 -6.176112174987793 0.3753577768802643 0.3753577768802643 1.2999999523162842 0.0 Pedestrian 
10.371440202582056 5.3125514912405265 -6.328499913215637 0.3753577768802643 0.3753577768802643 1.2999999523162842 0.0 Pedestrian 
10.735940960601518 -10.524626139921224 -6.048500180244446 0.3753577768802643 0.3753577768802643 1.8600000143051147 0.0 Pedestrian 
8.105380353089899 -12.040296863163007 -5.896167874336243 0.3753577768802643 0.3753577768802643 1.8600000143051147 0.0 Pedestrian 
-2.216346611666232 12.314927113859198 -5.896100163459778 0.3753577768802643 0.3753577768802643 1.8600000143051147 0.0 Pedestrian 
10.433668506728054 -12.313445691989955 -5.8963717222213745 0.3753577768802643 0.3753577768802643 1.8600000143051147 0.0 Pedestrian 
32.73716117838421 14.627556738615112 -6.998336086282507 4.791779518127441 2.163450002670288 1.488319993019104 0.0 Vehicle 
29.250924503004214 16.333952813663927 -7.0548574812710285 2.2094459533691406 0.8670341968536377 1.2511454820632935 0.0 Vehicle 
18.586884785117906 9.007336822464254 -6.9999131393487914 5.006059646606445 2.097083806991577 1.5347249507904053 0.0 Vehicle 
