3.1272756577388776 -13.088173191765918 -5.896100163459778 0.3753577768802643 0.3753577768802643 1.8600000143051147 0.0 Pedestrian 
1.9158682941249339 -12.402860361710168 -6.276015996932983 0.5 0.5 1.100000023841858 0.0 Pedestrian 
11.36055748407938 31.347176662198194 -5.899577260017395 0.3753577768802643 0.3753577768802643 1.8600000143051147 0.0 Pedestrian 
-1.014519765621472 -12.694958855665618 -5.898530006408691 0.3753577768802643 0.3753577768802643 1.8600000143051147 0.0 Pedestrian 
-0.08208269843851923 12.141826002483754 -5.897533178329468 0.3753577768802643 0.3753577768802643 1.8600000143051147 0.0 Pedestrian 
11.044155285333515 6.919251606837008 -6.0485000014305115 0.3753577768802643 0.3753577768802643 1.8600000143051147 0.0 Pedestrian 
8.218585862209942 -11.699490446115874 -6.176100075244904 0.3753577768802643 0.3753577768802643 1.2999999523162842 0.0 Pedestrian 
3.2488373370496078 -12.163369203657453 -6.176100015640259 0.3753577768802643 0.3753577768802643 1.2999999523162842 0.0 Pedestrian 
10.239516894898488 6.3555240795348595 -6.048500061035156 0.3753577768802643 0.3753577768802643 1.8600000143051147 0.0 Pedestrian 
11.079426301463172 -4.342297052631693 -6.328500151634216 0.3753577768802643 0.3753577768802643 1.2999999523162842 0.0 Pedestrian 
0.07454325568171782 -13.295855525293632 -5.896100163459778 0.3753577768802643 0.3753577768802643 1.8600000143051147 0.0 Pedestrian 
10.605806968688114 -11.35741574380279 -6.328499913215637 0.3753577768802643 0.3753577768802643 1.2999999523162842 0.0 Pedestrian 
5.506731508187109 12.699106889190602 -5.896178364753723 0.3753577768802643 0.3753577768802643 1.8600000143051147 0.0 Pedestrian 
0.13462561827246589 13.158563808327244 -5.896100044250488 0.3753577768802643 0.3753577768802643 1.8600000143051147 0.0 Pedestrian 
9.592830644339422 12.51221198000701 -5.896100163459778 0.3753577768802643 0.3753577768802643 1.8600000143051147 0.0 Pedestrian 
9.98750171019407 4.745241966961572 -6.048500180244446 0.3753577768802643 0.3753577768802643 1.8600000143051147 0.0 Pedestrian 
10.687405374381704 -2.6044171057047834 -6.048500180244446 0.3753577768802643 0.3753577768802643 1.8600000143051147 0.0 Pedestrian 
10.553620474487087 11.026113784029235 -6.0485000014305115 0.3753577768802643 0.3753577768802643 1.8600000143051147 0.0 Pedestrian 
-2.7346242539780903 12.475453664606334 -5.896220564842224 0.3753577768802643 0.3753577768802643 1.8600000143051147 0.0 Pedestrian 
18.56054451915881 27.60898125186327 -6.997915725689381 4.791779518127441 2.163450002670288 1.488319993019104 0.0 Vehicle 
1.6719012993627018 -6.821787410237562 -7.023501552641392 4.974244117736816 2.0384013652801514 1.5542958974838257 0.0 Vehicle 
18.926354123192766 -18.75221698677217 -6.999912872313871 5.006059646606445 2.097083806991577 1.5347249507904053 0.0 Vehicle 
