4.385119113466828 -13.020321326630551 -5.896100163459778 0.3753577768802643 0.3753577768802643 1.8600000143051147 0.0 Pedestrian 
1.405979318611756 -12.369750812546386 -6.276015996932983 0.5 0.5 1.100000023841858 0.0 Pedestrian 
11.616734130711734 30.010782415675862 -5.899577260017395 0.3753577768802643 0.3753577768802643 1.8600000143051147 0.0 Pedestrian 
0.1871918826252994 -12.907184961443818 -5.898530006408691 0.3753577768802643 0.3753577768802643 1.8600000143051147 0.0 Pedestrian 
-1.4923912389191827 12.106706608534182 -5.897533178329468 0.3753577768802643 0.3753577768802643 1.8600000143051147 0.0 Pedestrian 
10.560302417220573 5.658072303215363 -6.0485000014305115 0.3753577768802643 0.3753577768802643 1.8600000143051147 0.0 Pedestrian 
7.917440035770952 -11.699110044505687 -6.176100075244904 0.3753577768802643 0.3753577768802643 1.2999999523162842 0.0 Pedestrian 
3.6640624653618943 -12.43646469541386 -6.176100015640259 0.3753577768802643 0.3753577768802643 1.2999999523162842 0.0 Pedestrian 
10.292344497881267 7.854317071577157 -6.048500061035156 0.3753577768802643 0.3753577768802643 1.8600000143051147 0.0 Pedestrian 
10.969690646281244 -5.283085041489244 -6.328500151634216 0.3753577768802643 0.3753577768802643 1.2999999523162842 0.0 Pedestrian 
-0.1168252985387852 -13.369794199372109 -5.896100163459778 0.3753577768802643 0.3753577768802643 1.8600000143051147 0.0 Pedestrian 
10.799962462209685 -10.648865593401979 -6.328499913215637 0.3753577768802643 0.3753577768802643 1.2999999523162842 0.0 Pedestrian 
6.063318821763076 12.552950410800463 -5.896178364753723 0.3753577768802643 0.3753577768802643 1.8600000143051147 0.0 Pedestrian 
-1.2958118628626494 13.250836001604398 -5.896100044250488 0.3753577768802643 0.3753577768802643 1.8600000143051147 0.0 Pedestrian 
10.65871547657462 11.21922976796452 -6.048500061035156 0.3753577768802643 0.3753577768802643 1.8600000143051147 0.0 Pedestrian 
10.088737793948006 6.258653198551173 -6.048500180244446 0.3753577768802643 0.3753577768802643 1.8600000143051147 0.0 Pedestrian 
10.891245760519595 -1.1623512441883577 -6.048500180244446 0.3753577768802643 0.3753577768802643 1.8600000143051147 0.0 Pedestrian 
10.329720675102475 10.372275416646858 -6.0485000014305115 0.3753577768802643 0.3753577768802643 1.8600000143051147 0.0 Pedestrian 
18.57076063521812 29.053071436832624 -6.997595329303294 4.791779518127441 2.163450002670288 1.488319993019104 0.0 Vehicle 
1.674692056617836 -6.821692817618214 -7.027939451858401 4.974244117736816 2.0384013652801514 1.5542958974838257 0.0 Vehicle 
18.913561888368974 -17.361923903569163 -6.999912872313871 5.006059646606445 2.097083806991577 1.5347249507904053 0.0 Vehicle 
