7.868386744854391 -12.419301176503268 -5.896100163459778 0.3753577768802643 0.3753577768802643 1.8600000143051147 0.0 Pedestrian 
12.26971148647337 47.25894879627003 -6.277060329914093 0.5 0.5 1.100000023841858 0.0 Pedestrian 
-1.4304839094333914 -12.86240601713996 -6.276015996932983 0.5 0.5 1.100000023841858 0.0 Pedestrian 
12.404829963931107 25.001461529663743 -5.896100163459778 0.3753577768802643 0.3753577768802643 1.8600000143051147 0.0 Pedestrian 
1.9112960104281171 -12.803587917666732 -5.898530006408691 0.3753577768802643 0.3753577768802643 1.8600000143051147 0.0 Pedestrian 
10.624641759862273 0.3930691601809144 -6.0485000014305115 0.3753577768802643 0.3753577768802643 1.8600000143051147 0.0 Pedestrian 
5.452857159605188 -11.950727072760401 -6.176100075244904 0.3753577768802643 0.3753577768802643 1.2999999523162842 0.0 Pedestrian 
6.604656721662607 -12.103471105311769 -6.176100015640259 0.3753577768802643 0.3753577768802643 1.2999999523162842 0.0 Pedestrian 
10.260748592274453 12.394597401465035 -5.898589372634888 0.3753577768802643 0.3753577768802643 1.8600000143051147 0.0 Pedestrian 
10.608325384462404 -8.517642426288944 -6.328500151634216 0.3753577768802643 0.3753577768802643 1.2999999523162842 0.0 Pedestrian 
-1.9583421702594705 -13.455432813042762 -5.896057963371277 0.3753577768802643 0.3753577768802643 1.8600000143051147 0.0 Pedestrian 
10.066853434665646 -7.791729708051093 -6.328499913215637 0.3753577768802643 0.3753577768802643 1.2999999523162842 0.0 Pedestrian 
10.42243193267629 10.721079944032908 -6.048500180244446 0.3753577768802643 0.3753577768802643 1.8600000143051147 0.0 Pedestrian 
10.045602801868053 7.121802813792556 -6.048500061035156 0.3753577768802643 0.3753577768802643 1.8600000143051147 0.0 Pedestrian 
9.990815203896991 7.987663183533243 -6.048500180244446 0.3753577768802643 0.3753577768802643 1.8600000143051147 0.0 Pedestrian 
11.205357373897998 3.9290521465437465 -6.048500180244446 0.3753577768802643 0.3753577768802643 1.8600000143051147 0.0 Pedestrian 
10.07728072932775 5.713173224379119 -6.0485000014305115 0.3753577768802643 0.3753577768802643 1.8600000143051147 0.0 Pedestrian 
32.52502174237091 36.56481054325786 -6.9983241081936285 4.791779518127441 2.163450002670288 1.488319993019104 0.0 Vehicle 
18.628433875990993 34.34721733011156 -6.99832611088641 4.791779518127441 2.163450002670288 1.488319993019104 0.0 Vehicle 
-0.8635656337113673 -6.846212380497036 -7.02455504797399 4.974244117736816 2.0384013652801514 1.5542958974838257 0.0 Vehicle 
29.04298126421739 37.61501040080179 -7.054857615381479 2.2094459533691406 0.8670341968536377 1.2511454820632935 0.0 Vehicle 
18.863410678606655 -12.266242008809172 -6.99991275787761 5.006059646606445 2.097083806991577 1.5347249507904053 0.0 Vehicle 
