6.758249801667958 -11.784187948975955 -6.276015996932983 0.5 0.5 1.100000023841858 0.0 Pedestrian 
11.634967563033882 39.22074561545128 -5.897026896476746 0.3753577768802643 0.3753577768802643 1.8600000143051147 0.0 Pedestrian 
1.8428124112392545 12.025054311467102 -5.897533178329468 0.3753577768802643 0.3753577768802643 1.8600000143051147 0.0 Pedestrian 
8.100281210269692 12.201842713459087 -5.896100163459778 0.3753577768802643 0.3753577768802643 1.8600000143051147 0.0 Pedestrian 
10.96520883068797 -9.306155243961939 -6.3285000920295715 0.3753577768802643 0.3753577768802643 1.2999999523162842 0.0 Pedestrian 
-1.298692376801803 -11.88820273480053 -6.176100015640259 0.3753577768802643 0.3753577768802643 1.2999999523162842 0.0 Pedestrian 
10.053177797215973 -1.6156779287847485 -6.048500061035156 0.3753577768802643 0.3753577768802643 1.8600000143051147 0.0 Pedestrian 
11.279636567565888 0.6026772658757409 -6.328500151634216 0.3753577768802643 0.3753577768802643 1.2999999523162842 0.0 Pedestrian 
6.1481909862252735 -12.131577998652574 -5.896100163459778 0.3753577768802643 0.3753577768802643 1.8600000143051147 0.0 Pedestrian 
6.911632956998602 -12.588672187924317 -6.178474068641663 0.3753577768802643 0.3753577768802643 1.2999999523162842 0.0 Pedestrian 
1.727994600400244 12.679624789621357 -5.896178483963013 0.3753577768802643 0.3753577768802643 1.8600000143051147 0.0 Pedestrian 
6.115630645558326 12.996633801010375 -5.896100044250488 0.3753577768802643 0.3753577768802643 1.8600000143051147 0.0 Pedestrian 
2.9183090035187647 12.582595394007171 -5.896100163459778 0.3753577768802643 0.3753577768802643 1.8600000143051147 0.0 Pedestrian 
10.13364704396507 -3.5238936163822245 -6.048500180244446 0.3753577768802643 0.3753577768802643 1.8600000143051147 0.0 Pedestrian 
10.172975038619448 -10.225104008574135 -6.048500180244446 0.3753577768802643 0.3753577768802643 1.8600000143051147 0.0 Pedestrian 
4.943823819420722 12.355121131944315 -5.896498918533325 0.3753577768802643 0.3753577768802643 1.8600000143051147 0.0 Pedestrian 
0.9861492519003079 12.51171429072383 -5.896220564842224 0.3753577768802643 0.3753577768802643 1.8600000143051147 0.0 Pedestrian 
18.55694801192824 22.81422302692954 -6.998191833496094 4.791779518127441 2.163450002670288 1.488319993019104 0.0 Vehicle 
1.6715806938778641 -6.821788109215277 -7.023599602282047 4.974244117736816 2.0384013652801514 1.5542958974838257 0.0 Vehicle 
18.98911343299028 -26.171195123746998 -6.999912910461717 5.006059646606445 2.097083806991577 1.5347249507904053 0.0 Vehicle 
