7.136631242259909 -11.857859554179527 -6.276100039482117 0.5 0.5 1.100000023841858 0.0 Pedestrian 
11.6767318901652 39.729058847365195 -5.897026896476746 0.3753577768802643 0.3753577768802643 1.8600000143051147 0.0 Pedestrian 
1.9358017652066302 12.074706068430487 -5.897533178329468 0.3753577768802643 0.3753577768802643 1.8600000143051147 0.0 Pedestrian 
7.867714419775776 12.164334523120033 -5.896100163459778 0.3753577768802643 0.3753577768802643 1.8600000143051147 0.0 Pedestrian 
10.987356871079633 -8.978943369652711 -6.3285000920295715 0.3753577768802643 0.3753577768802643 1.2999999523162842 0.0 Pedestrian 
-1.6078171840674003 -11.905052362444394 -6.176100015640259 0.3753577768802643 0.3753577768802643 1.2999999523162842 0.0 Pedestrian 
10.056062994828302 -2.1123473914494753 -6.048500061035156 0.3753577768802643 0.3753577768802643 1.8600000143051147 0.0 Pedestrian 
11.268964895748587 0.8719846410996865 -6.328500151634216 0.3753577768802643 0.3753577768802643 1.2999999523162842 0.0 Pedestrian 
6.452489636896885 -12.04385734328514 -5.896100163459778 0.3753577768802643 0.3753577768802643 1.8600000143051147 0.0 Pedestrian 
6.5000735015911175 -12.703866993597558 -6.178474068641663 0.3753577768802643 0.3753577768802643 1.2999999523162842 0.0 Pedestrian 
1.734062075203255 12.811492457824329 -5.896178483963013 0.3753577768802643 0.3753577768802643 1.8600000143051147 0.0 Pedestrian 
6.551836464724168 12.919783637058572 -5.896100044250488 0.3753577768802643 0.3753577768802643 1.8600000143051147 0.0 Pedestrian 
2.610907549814371 12.266742230889008 -5.896100163459778 0.3753577768802643 0.3753577768802643 1.8600000143051147 0.0 Pedestrian 
10.085670389351982 -4.068110085559283 -6.048500180244446 0.3753577768802643 0.3753577768802643 1.8600000143051147 0.0 Pedestrian 
10.203450124993644 -9.869205562466504 -6.048500180244446 0.3753577768802643 0.3753577768802643 1.8600000143051147 0.0 Pedestrian 
4.559271748127088 12.417928715344146 -5.896498918533325 0.3753577768802643 0.3753577768802643 1.8600000143051147 0.0 Pedestrian 
1.1186413677940692 12.512713891473823 -5.896220564842224 0.3753577768802643 0.3753577768802643 1.8600000143051147 0.0 Pedestrian 
18.55695020858991 22.81416012276668 -6.998250541742891 4.791779518127441 2.163450002670288 1.488319993019104 0.0 Vehicle 
1.6715806938778641 -6.821788109215277 -7.023599602282047 4.974244117736816 2.0384013652801514 1.5542958974838257 0.0 Vehicle 
18.9927938510624 -26.635109665412415 -6.999912834166025 5.006059646606445 2.097083806991577 1.5347249507904053 0.0 Vehicle 
