8.753101526435586 -12.091974377734687 -5.896100163459778 0.3753577768802643 0.3753577768802643 1.8600000143051147 0.0 Pedestrian 
12.307444316911614 47.14774063109223 -6.277060329914093 0.5 0.5 1.100000023841858 0.0 Pedestrian 
-1.986250904484038 -13.002072939621371 -6.276015996932983 0.5 0.5 1.100000023841858 0.0 Pedestrian 
12.395350254259583 24.871118886059776 -5.896100163459778 0.3753577768802643 0.3753577768802643 1.8600000143051147 0.0 Pedestrian 
2.774734665533657 -13.007701918432758 -5.898530006408691 0.3753577768802643 0.3753577768802643 1.8600000143051147 0.0 Pedestrian 
10.668246994749673 -0.610777734922749 -6.0485000014305115 0.3753577768802643 0.3753577768802643 1.8600000143051147 0.0 Pedestrian 
5.057418345952044 -12.036557589641234 -6.176100075244904 0.3753577768802643 0.3753577768802643 1.2999999523162842 0.0 Pedestrian 
7.19848379069127 -12.049842924826521 -6.176100015640259 0.3753577768802643 0.3753577768802643 1.2999999523162842 0.0 Pedestrian 
9.28041868012 12.847891778324652 -5.898589372634888 0.3753577768802643 0.3753577768802643 1.8600000143051147 0.0 Pedestrian 
10.461656629399464 -9.145829206978533 -6.328500151634216 0.3753577768802643 0.3753577768802643 1.2999999523162842 0.0 Pedestrian 
-2.523093287325878 -13.47686438179926 -5.896057963371277 0.3753577768802643 0.3753577768802643 1.8600000143051147 0.0 Pedestrian 
10.054876012041895 -7.283034456214409 -6.328499913215637 0.3753577768802643 0.3753577768802643 1.2999999523162842 0.0 Pedestrian 
10.337410235575309 10.599789424890446 -6.048500180244446 0.3753577768802643 0.3753577768802643 1.8600000143051147 0.0 Pedestrian 
10.251302821121723 6.102402932391982 -6.048500061035156 0.3753577768802643 0.3753577768802643 1.8600000143051147 0.0 Pedestrian 
10.177276439903093 9.087064209237155 -6.048500180244446 0.3753577768802643 0.3753577768802643 1.8600000143051147 0.0 Pedestrian 
11.156968382206088 4.857835774395767 -6.048500180244446 0.3753577768802643 0.3753577768802643 1.8600000143051147 0.0 Pedestrian 
10.179572015702334 4.800833996153656 -6.0485000014305115 0.3753577768802643 0.3753577768802643 1.8600000143051147 0.0 Pedestrian 
32.53420412238947 35.60755475346468 -6.99832422262989 4.791779518127441 2.163450002670288 1.488319993019104 0.0 Vehicle 
18.640071907968746 35.30943326267982 -6.998326187138446 4.791779518127441 2.163450002670288 1.488319993019104 0.0 Vehicle 
-1.5141323307506198 -6.852523197696428 -7.0242152120918036 4.974244117736816 2.0384013652801514 1.5542958974838257 0.0 Vehicle 
29.052280601351725 36.68850862885347 -7.054857596755028 2.2094459533691406 0.8670341968536377 1.2511454820632935 0.0 Vehicle 
18.85368128763298 -11.340104512233893 -6.9999127960254555 5.006059646606445 2.097083806991577 1.5347249507904053 0.0 Vehicle 
