10.0881099716606 -4.2892490232964064 -6.0485000014305115 0.3753577768802643 0.3753577768802643 1.8600000143051147 0.0 Pedestrian 
11.45095600885179 40.94996956262719 -6.277060329914093 0.5 0.5 1.100000023841858 0.0 Pedestrian 
12.10335914378954 14.321534313213192 -5.896100163459778 0.3753577768802643 0.3753577768802643 1.8600000143051147 0.0 Pedestrian 
11.177380501370074 -11.204748580119258 -6.048500061035156 0.3753577768802643 0.3753577768802643 1.8600000143051147 0.0 Pedestrian 
-0.41233193179633076 -12.9581397671883 -5.896230578422546 0.3753577768802643 0.3753577768802643 1.8600000143051147 0.0 Pedestrian 
10.523600432924233 -11.390117444589805 -5.896100163459778 0.3753577768802643 0.3753577768802643 1.8600000143051147 0.0 Pedestrian 
-1.6455189495645115 -11.886112952661051 -6.176100075244904 0.3753577768802643 0.3753577768802643 1.2999999523162842 0.0 Pedestrian 
10.069072158925643 -11.381015142427373 -6.2047683000564575 0.3753577768802643 0.3753577768802643 1.2999999523162842 0.0 Pedestrian 
-0.6694062945990709 12.207142917676606 -5.898589372634888 0.3753577768802643 0.3753577768802643 1.8600000143051147 0.0 Pedestrian 
9.757725205213845 -12.547518865659526 -6.176112174987793 0.3753577768802643 0.3753577768802643 1.2999999523162842 0.0 Pedestrian 
9.98726198680317 -0.6641859832850514 -6.328499913215637 0.3753577768802643 0.3753577768802643 1.2999999523162842 0.0 Pedestrian 
10.856705238343746 0.10614411013011704 -6.048500180244446 0.3753577768802643 0.3753577768802643 1.8600000143051147 0.0 Pedestrian 
11.128339708042766 -5.555426044129831 -6.048500061035156 0.3753577768802643 0.3753577768802643 1.8600000143051147 0.0 Pedestrian 
4.234109942088249 12.149834676443788 -5.896100044250488 0.3753577768802643 0.3753577768802643 1.8600000143051147 0.0 Pedestrian 
7.086843405143419 12.182255160458453 -5.896100163459778 0.3753577768802643 0.3753577768802643 1.8600000143051147 0.0 Pedestrian 
10.103593656600005 -5.923633547931331 -6.0485000014305115 0.3753577768802643 0.3753577768802643 1.8600000143051147 0.0 Pedestrian 
32.63968281765541 24.60819544878825 -6.998324718559161 4.791779518127441 2.163450002670288 1.488319993019104 0.0 Vehicle 
29.158177794001716 26.041370151096544 -7.054857671260834 2.2094459533691406 0.8670341968536377 1.2511454820632935 0.0 Vehicle 
18.724669608325527 -0.6973783878922859 -6.999912643434072 5.006059646606445 2.097083806991577 1.5347249507904053 0.0 Vehicle 
