6.152534085965442 -12.005857743652541 -6.276015996932983 0.5 0.5 1.100000023841858 0.0 Pedestrian 
11.559904229803465 38.203487230655924 -5.899577260017395 0.3753577768802643 0.3753577768802643 1.8600000143051147 0.0 Pedestrian 
1.4694888790018688 12.014222851836394 -5.897533178329468 0.3753577768802643 0.3753577768802643 1.8600000143051147 0.0 Pedestrian 
9.174196693826161 12.287865703080683 -5.896100163459778 0.3753577768802643 0.3753577768802643 1.8600000143051147 0.0 Pedestrian 
10.781334593844377 -9.941419286519476 -6.3285000920295715 0.3753577768802643 0.3753577768802643 1.2999999523162842 0.0 Pedestrian 
-0.683108143396872 -11.858188374882047 -6.176100015640259 0.3753577768802643 0.3753577768802643 1.2999999523162842 0.0 Pedestrian 
10.066545539752564 -0.5993730706720726 -6.048500061035156 0.3753577768802643 0.3753577768802643 1.8600000143051147 0.0 Pedestrian 
11.230174030292655 0.07740098132956064 -6.328500151634216 0.3753577768802643 0.3753577768802643 1.2999999523162842 0.0 Pedestrian 
5.550015004838386 -12.331746586583904 -5.896100163459778 0.3753577768802643 0.3753577768802643 1.8600000143051147 0.0 Pedestrian 
6.980017569067243 -12.623616533750464 -6.178474068641663 0.3753577768802643 0.3753577768802643 1.2999999523162842 0.0 Pedestrian 
1.7012335174491113 12.519490850056286 -5.896178483963013 0.3753577768802643 0.3753577768802643 1.8600000143051147 0.0 Pedestrian 
5.182481674102512 13.097455323072268 -5.896100044250488 0.3753577768802643 0.3753577768802643 1.8600000143051147 0.0 Pedestrian 
3.9650747343026325 12.313683439728607 -5.896100163459778 0.3753577768802643 0.3753577768802643 1.8600000143051147 0.0 Pedestrian 
10.109632986331068 -2.4527782025082843 -6.048500180244446 0.3753577768802643 0.3753577768802643 1.8600000143051147 0.0 Pedestrian 
10.242894514357047 -9.432619811962923 -6.048500180244446 0.3753577768802643 0.3753577768802643 1.8600000143051147 0.0 Pedestrian 
6.124708593439195 12.246987946055924 -5.896498918533325 0.3753577768802643 0.3753577768802643 1.8600000143051147 0.0 Pedestrian 
0.9458786899323215 12.424516613084165 -5.896220564842224 0.3753577768802643 0.3753577768802643 1.8600000143051147 0.0 Pedestrian 
18.55693716175091 22.814533735370333 -6.997914085397497 4.791779518127441 2.163450002670288 1.488319993019104 0.0 Vehicle 
1.6715806938778641 -6.821788109215277 -7.023599602282047 4.974244117736816 2.0384013652801514 1.5542958974838257 0.0 Vehicle 
18.981633396645037 -25.24345036045213 -6.999912872313871 5.006059646606445 2.097083806991577 1.5347249507904053 0.0 Vehicle 
