10.394419295177038 -9.486957022190154 -6.0485000014305115 0.3753577768802643 0.3753577768802643 1.8600000143051147 0.0 Pedestrian 
10.850344508524813 45.028233670411396 -6.277060329914093 0.5 0.5 1.100000023841858 0.0 Pedestrian 
12.480900422673912 20.32699428387582 -5.896100163459778 0.3753577768802643 0.3753577768802643 1.8600000143051147 0.0 Pedestrian 
6.634591066704161 -12.875420552891683 -5.898530006408691 0.3753577768802643 0.3753577768802643 1.8600000143051147 0.0 Pedestrian 
10.93674708573797 -5.375918428909358 -6.0485000014305115 0.3753577768802643 0.3753577768802643 1.8600000143051147 0.0 Pedestrian 
2.410920421516991 -12.268184049980732 -6.176100075244904 0.3753577768802643 0.3753577768802643 1.2999999523162842 0.0 Pedestrian 
10.312676833236573 -11.58613748936466 -6.176100015640259 0.3753577768802643 0.3753577768802643 1.2999999523162842 0.0 Pedestrian 
5.669838935693342 12.285103920514189 -5.898589372634888 0.3753577768802643 0.3753577768802643 1.8600000143051147 0.0 Pedestrian 
10.03081623194354 -10.931283972219717 -6.328500151634216 0.3753577768802643 0.3753577768802643 1.2999999523162842 0.0 Pedestrian 
10.114389896783543 -4.539440815962848 -6.328499913215637 0.3753577768802643 0.3753577768802643 1.2999999523162842 0.0 Pedestrian 
10.139411114276271 6.977049289440174 -6.048500180244446 0.3753577768802643 0.3753577768802643 1.8600000143051147 0.0 Pedestrian 
10.75388225625638 1.5959752125215232 -6.048500061035156 0.3753577768802643 0.3753577768802643 1.8600000143051147 0.0 Pedestrian 
10.36130603110816 12.045643651368323 -5.899675726890564 0.3753577768802643 0.3753577768802643 1.8600000143051147 0.0 Pedestrian 
10.519284331280982 9.256629424851212 -6.048500180244446 0.3753577768802643 0.3753577768802643 1.8600000143051147 0.0 Pedestrian 
10.541502703155547 0.5427220133078663 -6.0485000014305115 0.3753577768802643 0.3753577768802643 1.8600000143051147 0.0 Pedestrian 
32.57555554913762 31.301210193754855 -6.998324146261439 4.791779518127441 2.163450002670288 1.488319993019104 0.0 Vehicle 
18.688625770813957 39.63831930972674 -6.9983259964501485 4.791779518127441 2.163450002670288 1.488319993019104 0.0 Vehicle 
29.094051189269663 32.52056485889773 -7.054857596755028 2.2094459533691406 0.8670341968536377 1.2511454820632935 0.0 Vehicle 
18.806671412492058 -7.173842837815073 -6.999912643434072 5.006059646606445 2.097083806991577 1.5347249507904053 0.0 Vehicle 
