10.316340780361166 -11.099936531215803 -6.428500056266785 0.5 0.5 1.100000023841858 0.0 Pedestrian 
12.200676066693603 46.46781902413875 -5.897026896476746 0.3753577768802643 0.3753577768802643 1.8600000143051147 0.0 Pedestrian 
6.929128641493801 12.189993185163871 -5.897533178329468 0.3753577768802643 0.3753577768802643 1.8600000143051147 0.0 Pedestrian 
9.771848503018418 13.544504845758524 -5.899855017662048 0.3753577768802643 0.3753577768802643 1.8600000143051147 0.0 Pedestrian 
11.35293356775314 -4.488177035371336 -6.3285000920295715 0.3753577768802643 0.3753577768802643 1.2999999523162842 0.0 Pedestrian 
10.51183027430094 -9.293687211886436 -6.048500061035156 0.3753577768802643 0.3753577768802643 1.8600000143051147 0.0 Pedestrian 
10.736280666769247 5.296978162139823 -6.328500151634216 0.3753577768802643 0.3753577768802643 1.2999999523162842 0.0 Pedestrian 
-1.8340400064664735 12.565637192442864 -6.276099920272827 0.5 0.5 1.100000023841858 0.0 Pedestrian 
10.48749018399748 -12.023615742524498 -5.896100163459778 0.3753577768802643 0.3753577768802643 1.8600000143051147 0.0 Pedestrian 
1.9562853442591006 -13.244142576828153 -6.178474068641663 0.3753577768802643 0.3753577768802643 1.2999999523162842 0.0 Pedestrian 
10.25318123643207 9.387668302887619 -6.048500061035156 0.3753577768802643 0.3753577768802643 1.8600000143051147 0.0 Pedestrian 
10.844758823403012 -11.066842623180264 -6.048500180244446 0.3753577768802643 0.3753577768802643 1.8600000143051147 0.0 Pedestrian 
7.2869169340698505 -12.838599915282089 -5.896108269691467 0.3753577768802643 0.3753577768802643 1.8600000143051147 0.0 Pedestrian 
3.0448571672910063 12.164870944829545 -5.896100163459778 0.3753577768802643 0.3753577768802643 1.8600000143051147 0.0 Pedestrian 
-2.4811145093331888 13.292228862229763 -5.896498918533325 0.3753577768802643 0.3753577768802643 1.8600000143051147 0.0 Pedestrian 
5.67696251621209 12.158062136498529 -5.896220564842224 0.3753577768802643 0.3753577768802643 1.8600000143051147 0.0 Pedestrian 
18.556953270603145 22.814072438176026 -6.998321342514828 4.791779518127441 2.163450002670288 1.488319993019104 0.0 Vehicle 
1.6715806938778641 -6.821788109215277 -7.023599602282047 4.974244117736816 2.0384013652801514 1.5542958974838257 0.0 Vehicle 
19.048644086911622 -33.59696579731576 -6.999912910461717 5.006059646606445 2.097083806991577 1.5347249507904053 0.0 Vehicle 
