1.6335899796788738 -13.266755537743734 -5.896100163459778 0.3753577768802643 0.3753577768802643 1.8600000143051147 0.0 Pedestrian 
3.1241313465043277 -12.59676309205679 -6.276015996932983 0.5 0.5 1.100000023841858 0.0 Pedestrian 
11.118680054116751 33.0326731917346 -5.899577260017395 0.3753577768802643 0.3753577768802643 1.8600000143051147 0.0 Pedestrian 
-2.699096479711031 -12.744292632971792 -5.898530006408691 0.3753577768802643 0.3753577768802643 1.8600000143051147 0.0 Pedestrian 
1.4982358521199899 12.386379199404587 -5.897533178329468 0.3753577768802643 0.3753577768802643 1.8600000143051147 0.0 Pedestrian 
10.610697605613566 9.082523335064593 -6.0485000014305115 0.3753577768802643 0.3753577768802643 1.8600000143051147 0.0 Pedestrian 
9.366518801859414 -12.207586393291649 -6.176100075244904 0.3753577768802643 0.3753577768802643 1.2999999523162842 0.0 Pedestrian 
2.6778321791949367 -11.87060720436807 -6.176100015640259 0.3753577768802643 0.3753577768802643 1.2999999523162842 0.0 Pedestrian 
10.220338460334816 4.231116702312779 -6.048500061035156 0.3753577768802643 0.3753577768802643 1.8600000143051147 0.0 Pedestrian 
11.194210525717217 -3.0380304666613256 -6.328500151634216 0.3753577768802643 0.3753577768802643 1.2999999523162842 0.0 Pedestrian 
1.5675735838719334 -12.594390695298557 -5.896100163459778 0.3753577768802643 0.3753577768802643 1.8600000143051147 0.0 Pedestrian 
9.562026486540574 -11.633946535161499 -6.178474068641663 0.3753577768802643 0.3753577768802643 1.2999999523162842 0.0 Pedestrian 
3.4103509540013306 12.644323484077972 -5.896178364753723 0.3753577768802643 0.3753577768802643 1.8600000143051147 0.0 Pedestrian 
1.519194469930099 12.951833850247908 -5.896100044250488 0.3753577768802643 0.3753577768802643 1.8600000143051147 0.0 Pedestrian 
7.345309116726781 12.502523862557496 -5.896100163459778 0.3753577768802643 0.3753577768802643 1.8600000143051147 0.0 Pedestrian 
10.001087523948595 2.733231097982838 -6.048500180244446 0.3753577768802643 0.3753577768802643 1.8600000143051147 0.0 Pedestrian 
10.49590866587095 -4.516260426874624 -6.048500180244446 0.3753577768802643 0.3753577768802643 1.8600000143051147 0.0 Pedestrian 
9.364516755995663 12.248420801446741 -5.896498918533325 0.3753577768802643 0.3753577768802643 1.8600000143051147 0.0 Pedestrian 
-0.944018544172998 12.28541633473742 -5.896220564842224 0.3753577768802643 0.3753577768802643 1.8600000143051147 0.0 Pedestrian 
18.55197946681473 25.683450414523463 -6.996327476575971 4.791779518127441 2.163450002670288 1.488319993019104 0.0 Vehicle 
1.671580993422637 -6.8217966870556666 -7.023564964532852 4.974244117736816 2.0384013652801514 1.5542958974838257 0.0 Vehicle 
18.942655237420595 -20.6063218167601 -6.999912834166025 5.006059646606445 2.097083806991577 1.5347249507904053 0.0 Vehicle 
