5.546889896830109 -12.950553084851435 -5.896100163459778 0.3753577768802643 0.3753577768802643 1.8600000143051147 0.0 Pedestrian 
0.5337776094572462 -12.539047235453154 -6.276015996932983 0.5 0.5 1.100000023841858 0.0 Pedestrian 
12.30620911283333 28.515527941128198 -5.896100163459778 0.3753577768802643 0.3753577768802643 1.8600000143051147 0.0 Pedestrian 
0.36117194534337216 -13.27620443241483 -5.898530006408691 0.3753577768802643 0.3753577768802643 1.8600000143051147 0.0 Pedestrian 
-2.833045864420498 12.102167261273394 -5.897533178329468 0.3753577768802643 0.3753577768802643 1.8600000143051147 0.0 Pedestrian 
10.291653584846001 4.27621130020141 -6.0485000014305115 0.3753577768802643 0.3753577768802643 1.8600000143051147 0.0 Pedestrian 
7.103263429223865 -11.685830248676098 -6.176100075244904 0.3753577768802643 0.3753577768802643 1.2999999523162842 0.0 Pedestrian 
4.582040367934994 -12.599963809652309 -6.176100015640259 0.3753577768802643 0.3753577768802643 1.2999999523162842 0.0 Pedestrian 
10.182403830873106 9.510808233664306 -6.048500061035156 0.3753577768802643 0.3753577768802643 1.8600000143051147 0.0 Pedestrian 
10.864673917911873 -6.186740378462673 -6.328500151634216 0.3753577768802643 0.3753577768802643 1.2999999523162842 0.0 Pedestrian 
-0.26472573019226786 -13.325242277379516 -5.896057963371277 0.3753577768802643 0.3753577768802643 1.8600000143051147 0.0 Pedestrian 
10.276126178877455 -9.616927507866535 -6.328499913215637 0.3753577768802643 0.3753577768802643 1.2999999523162842 0.0 Pedestrian 
7.5525461556901945 12.573697775206142 -5.896178364753723 0.3753577768802643 0.3753577768802643 1.8600000143051147 0.0 Pedestrian 
-2.6910087511750618 13.218884743496801 -5.896100044250488 0.3753577768802643 0.3753577768802643 1.8600000143051147 0.0 Pedestrian 
10.54529107556974 10.670453344920588 -6.048500061035156 0.3753577768802643 0.3753577768802643 1.8600000143051147 0.0 Pedestrian 
10.087065316490836 7.547379653718735 -6.048500180244446 0.3753577768802643 0.3753577768802643 1.8600000143051147 0.0 Pedestrian 
11.108512727131547 0.23407385149926085 -6.048500180244446 0.3753577768802643 0.3753577768802643 1.8600000143051147 0.0 Pedestrian 
10.782926162316297 9.148414844028025 -6.0485000014305115 0.3753577768802643 0.3753577768802643 1.8600000143051147 0.0 Pedestrian 
18.58440296158605 30.49742249753092 -6.998325958265923 4.791779518127441 2.163450002670288 1.488319993019104 0.0 Vehicle 
1.3231862801923526 -6.825081640755798 -7.024155076593161 4.974244117736816 2.0384013652801514 1.5542958974838257 0.0 Vehicle 
18.900518333441838 -15.9718667094985 -6.999912681581918 5.006059646606445 2.097083806991577 1.5347249507904053 0.0 Vehicle 
