10.016131783363882 -6.307771680427436 -6.0485000014305115 0.3753577768802643 0.3753577768802643 1.8600000143051147 0.0 Pedestrian 
10.89834637072542 42.833850901126425 -6.277060329914093 0.5 0.5 1.100000023841858 0.0 Pedestrian 
12.277757540037022 16.769354675256864 -5.896100163459778 0.3753577768802643 0.3753577768802643 1.8600000143051147 0.0 Pedestrian 
9.791145221254581 -12.542656935215177 -5.898530006408691 0.3753577768802643 0.3753577768802643 1.8600000143051147 0.0 Pedestrian 
10.647980005733643 -9.02054358983446 -6.0485000014305115 0.3753577768802643 0.3753577768802643 1.8600000143051147 0.0 Pedestrian 
0.35683991966421047 -11.943672825102908 -6.176100075244904 0.3753577768802643 0.3753577768802643 1.2999999523162842 0.0 Pedestrian 
10.482473747582766 -11.177786997991689 -6.326468825340271 0.3753577768802643 0.3753577768802643 1.2999999523162842 0.0 Pedestrian 
2.4949408874316887 12.217494267796269 -5.898589372634888 0.3753577768802643 0.3753577768802643 1.8600000143051147 0.0 Pedestrian 
10.083712900744949 -11.601772856320508 -6.176112174987793 0.3753577768802643 0.3753577768802643 1.2999999523162842 0.0 Pedestrian 
10.01379883465118 -2.6045983933237267 -6.328499913215637 0.3753577768802643 0.3753577768802643 1.2999999523162842 0.0 Pedestrian 
10.608723633971334 3.3078351082830295 -6.048500180244446 0.3753577768802643 0.3753577768802643 1.8600000143051147 0.0 Pedestrian 
10.944938883673885 -1.8412193076442236 -6.048500061035156 0.3753577768802643 0.3753577768802643 1.8600000143051147 0.0 Pedestrian 
7.537785415184505 12.256612305740418 -5.896100044250488 0.3753577768802643 0.3753577768802643 1.8600000143051147 0.0 Pedestrian 
9.823121089969717 12.681363740981737 -5.896100163459778 0.3753577768802643 0.3753577768802643 1.8600000143051147 0.0 Pedestrian 
10.766267355454811 -2.9800556034740566 -6.0485000014305115 0.3753577768802643 0.3753577768802643 1.8600000143051147 0.0 Pedestrian 
32.60765882315481 27.953567687059945 -6.9983242606977 4.791779518127441 2.163450002670288 1.488319993019104 0.0 Vehicle 
18.72110172370577 43.00402517147802 -6.998325958265923 4.791779518127441 2.163450002670288 1.488319993019104 0.0 Vehicle 
29.126480703481562 29.28031803998465 -7.054857596755028 2.2094459533691406 0.8670341968536377 1.2511454820632935 0.0 Vehicle 
18.767051813428708 -3.934941633400399 -6.999912605286227 5.006059646606445 2.097083806991577 1.5347249507904053 0.0 Vehicle 
