3.4980256413190745 -13.07840971445728 -5.896100163459778 0.3753577768802643 0.3753577768802643 1.8600000143051147 0.0 Pedestrian 
1.819541370858957 -12.386667656833083 -6.276015996932983 0.5 0.5 1.100000023841858 0.0 Pedestrian 
11.417209576874015 30.90405772348481 -5.899577260017395 0.3753577768802643 0.3753577768802643 1.8600000143051147 0.0 Pedestrian 
-0.4479344956493776 -12.550724968475265 -5.898530006408691 0.3753577768802643 0.3753577768802643 1.8600000143051147 0.0 Pedestrian 
-0.5532250855768552 12.136569629930705 -5.897533178329468 0.3753577768802643 0.3753577768802643 1.8600000143051147 0.0 Pedestrian 
10.89180557677799 6.452871615022559 -6.0485000014305115 0.3753577768802643 0.3753577768802643 1.8600000143051147 0.0 Pedestrian 
8.474174412027864 -11.699948293368607 -6.176100075244904 0.3753577768802643 0.3753577768802643 1.2999999523162842 0.0 Pedestrian 
3.5210861730331118 -12.293324617937856 -6.176100015640259 0.3753577768802643 0.3753577768802643 1.2999999523162842 0.0 Pedestrian 
10.30932060704879 6.941457271140621 -6.048500061035156 0.3753577768802643 0.3753577768802643 1.8600000143051147 0.0 Pedestrian 
11.042893396584759 -4.65763742462309 -6.328500151634216 0.3753577768802643 0.3753577768802643 1.2999999523162842 0.0 Pedestrian 
-0.02893917278667857 -13.364633420022756 -5.896100163459778 0.3753577768802643 0.3753577768802643 1.8600000143051147 0.0 Pedestrian 
10.718916783455342 -11.329979722507005 -6.328499913215637 0.3753577768802643 0.3753577768802643 1.2999999523162842 0.0 Pedestrian 
6.021922942003265 12.503224270992632 -5.896178364753723 0.3753577768802643 0.3753577768802643 1.8600000143051147 0.0 Pedestrian 
-0.3539134325925275 13.187591333991236 -5.896100044250488 0.3753577768802643 0.3753577768802643 1.8600000143051147 0.0 Pedestrian 
10.305339331644923 12.40005458710732 -5.896100163459778 0.3753577768802643 0.3753577768802643 1.8600000143051147 0.0 Pedestrian 
9.991815077799249 5.288047952741493 -6.048500180244446 0.3753577768802643 0.3753577768802643 1.8600000143051147 0.0 Pedestrian 
10.749727886487982 -2.1194866465270934 -6.048500180244446 0.3753577768802643 0.3753577768802643 1.8600000143051147 0.0 Pedestrian 
10.372440821045942 10.509999157172274 -6.0485000014305115 0.3753577768802643 0.3753577768802643 1.8600000143051147 0.0 Pedestrian 
18.564436743373847 28.09039409279717 -6.997734451433644 4.791779518127441 2.163450002670288 1.488319993019104 0.0 Vehicle 
1.6726334747724962 -6.82176756764386 -7.024724697694182 4.974244117736816 2.0384013652801514 1.5542958974838257 0.0 Vehicle 
18.922078968860248 -18.2887602628349 -6.999912681581918 5.006059646606445 2.097083806991577 1.5347249507904053 0.0 Vehicle 
