7.427877771906594 -12.587802038918994 -5.896100163459778 0.3753577768802643 0.3753577768802643 1.8600000143051147 0.0 Pedestrian 
12.23875122271167 47.73410990882678 -6.277060329914093 0.5 0.5 1.100000023841858 0.0 Pedestrian 
-1.1079238957136113 -12.934729041955052 -6.276015996932983 0.5 0.5 1.100000023841858 0.0 Pedestrian 
12.394555574047217 25.73727470149413 -5.896100163459778 0.3753577768802643 0.3753577768802643 1.8600000143051147 0.0 Pedestrian 
1.4387026612463245 -13.082967674382758 -5.898530006408691 0.3753577768802643 0.3753577768802643 1.8600000143051147 0.0 Pedestrian 
10.59660625583392 0.8867858030811817 -6.0485000014305115 0.3753577768802643 0.3753577768802643 1.8600000143051147 0.0 Pedestrian 
5.683169348451585 -11.85433940750329 -6.176100075244904 0.3753577768802643 0.3753577768802643 1.2999999523162842 0.0 Pedestrian 
6.462392270135894 -11.99120878432268 -6.176100015640259 0.3753577768802643 0.3753577768802643 1.2999999523162842 0.0 Pedestrian 
9.855090295771188 11.827096352078343 -6.027030527591705 0.3753577768802643 0.3753577768802643 1.8600000143051147 0.0 Pedestrian 
10.688129341314138 -8.211957695388378 -6.328500151634216 0.3753577768802643 0.3753577768802643 1.2999999523162842 0.0 Pedestrian 
-1.6127552935680853 -13.435138970365074 -5.896057963371277 0.3753577768802643 0.3753577768802643 1.8600000143051147 0.0 Pedestrian 
10.0721037702856 -8.0526965479321 -6.328499913215637 0.3753577768802643 0.3753577768802643 1.2999999523162842 0.0 Pedestrian 
10.756715202332096 11.160818136940179 -6.048500180244446 0.3753577768802643 0.3753577768802643 1.8600000143051147 0.0 Pedestrian 
10.280932753429397 7.4924837457735975 -6.048500061035156 0.3753577768802643 0.3753577768802643 1.8600000143051147 0.0 Pedestrian 
10.27659222721606 8.094662622821716 -6.048500180244446 0.3753577768802643 0.3753577768802643 1.8600000143051147 0.0 Pedestrian 
11.21874703613657 3.49140697556075 -6.048500180244446 0.3753577768802643 0.3753577768802643 1.8600000143051147 0.0 Pedestrian 
10.223013047872064 6.164431091936251 -6.0485000014305115 0.3753577768802643 0.3753577768802643 1.8600000143051147 0.0 Pedestrian 
32.5204139715575 37.04347602936548 -6.9983241081936285 4.791779518127441 2.163450002670288 1.488319993019104 0.0 Vehicle 
18.62260836686869 33.86607669239061 -6.998326072702184 4.791779518127441 2.163450002670288 1.488319993019104 0.0 Vehicle 
-0.5607791769697386 -6.843293883641991 -7.024360848590732 4.974244117736816 2.0384013652801514 1.5542958974838257 0.0 Vehicle 
29.038330131209108 38.07830322288453 -7.054857578128576 2.2094459533691406 0.8670341968536377 1.2511454820632935 0.0 Vehicle 
18.868253797879802 -12.729348726524563 -6.999912834166025 5.006059646606445 2.097083806991577 1.5347249507904053 0.0 Vehicle 
