10.041291872213364 -3.7097556245695387 -6.0485000014305115 0.3753577768802643 0.3753577768802643 1.8600000143051147 0.0 Pedestrian 
11.515275934660906 39.82250676963724 -6.279619514942169 0.5 0.5 1.100000023841858 0.0 Pedestrian 
11.96530556818507 12.29981059241777 -6.0485000014305115 0.3753577768802643 0.3753577768802643 1.8600000143051147 0.0 Pedestrian 
-2.2875836390753506 -13.032192303833881 -5.896100163459778 0.3753577768802643 0.3753577768802643 1.8600000143051147 0.0 Pedestrian 
10.664995436811822 -10.229653542064511 -6.048500061035156 0.3753577768802643 0.3753577768802643 1.8600000143051147 0.0 Pedestrian 
1.5117818868689596 -12.99876003694203 -5.896230578422546 0.3753577768802643 0.3753577768802643 1.8600000143051147 0.0 Pedestrian 
10.092284586360321 -11.210202950838948 -6.048500061035156 0.3753577768802643 0.3753577768802643 1.8600000143051147 0.0 Pedestrian 
-2.886715188685365 -11.980341205925129 -6.176100075244904 0.3753577768802643 0.3753577768802643 1.2999999523162842 0.0 Pedestrian 
10.521840221253782 -11.348455993362677 -6.318623125553131 0.3753577768802643 0.3753577768802643 1.2999999523162842 0.0 Pedestrian 
-2.4318269198463796 12.227533087822167 -5.898589372634888 0.3753577768802643 0.3753577768802643 1.8600000143051147 0.0 Pedestrian 
8.494355335295808 -12.725131349540675 -6.176112174987793 0.3753577768802643 0.3753577768802643 1.2999999523162842 0.0 Pedestrian 
9.973805555076474 0.33676287427829266 -6.328499913215637 0.3753577768802643 0.3753577768802643 1.2999999523162842 0.0 Pedestrian 
11.032866798045383 -1.9330065788489037 -6.048500180244446 0.3753577768802643 0.3753577768802643 1.8600000143051147 0.0 Pedestrian 
11.199329453510813 -7.70504445598749 -6.048500061035156 0.3753577768802643 0.3753577768802643 1.8600000143051147 0.0 Pedestrian 
2.101186512977364 12.158629718992302 -5.896100044250488 0.3753577768802643 0.3753577768802643 1.8600000143051147 0.0 Pedestrian 
5.1891220562976805 12.158777436385662 -5.896100163459778 0.3753577768802643 0.3753577768802643 1.8600000143051147 0.0 Pedestrian 
10.047532502202415 -7.07055773404079 -6.0485000014305115 0.3753577768802643 0.3753577768802643 1.8600000143051147 0.0 Pedestrian 
32.65793476714144 22.698226003620448 -6.998325252556242 4.791779518127441 2.163450002670288 1.488319993019104 0.0 Vehicle 
29.175885776419506 24.19113719810366 -7.054857652634382 2.2094459533691406 0.8670341968536377 1.2511454820632935 0.0 Vehicle 
18.699370733447118 1.15205605640665 -6.999912910461717 5.006059646606445 2.097083806991577 1.5347249507904053 0.0 Vehicle 
