10.11878154247961 -10.374431845592085 -6.428500056266785 0.5 0.5 1.100000023841858 0.0 Pedestrian 
12.238839448087816 47.39842112509075 -5.897026896476746 0.3753577768802643 0.3753577768802643 1.8600000143051147 0.0 Pedestrian 
8.460419572877743 12.202433093701416 -5.897533178329468 0.3753577768802643 0.3753577768802643 1.8600000143051147 0.0 Pedestrian 
11.328141238953918 13.999184924522524 -5.899855017662048 0.3753577768802643 0.3753577768802643 1.8600000143051147 0.0 Pedestrian 
11.315889185926636 -3.6516590159197904 -6.3285000920295715 0.3753577768802643 0.3753577768802643 1.2999999523162842 0.0 Pedestrian 
10.409460884027908 -9.800079363545706 -6.048500061035156 0.3753577768802643 0.3753577768802643 1.8600000143051147 0.0 Pedestrian 
10.749846028969149 6.128800577855571 -6.328500151634216 0.3753577768802643 0.3753577768802643 1.2999999523162842 0.0 Pedestrian 
-0.9336345456999098 12.462442206330593 -6.276099920272827 0.5 0.5 1.100000023841858 0.0 Pedestrian 
10.218182905526824 -10.934249187263617 -6.0485000014305115 0.3753577768802643 0.3753577768802643 1.8600000143051147 0.0 Pedestrian 
1.0403035105363045 -13.314877870159194 -6.178474068641663 0.3753577768802643 0.3753577768802643 1.2999999523162842 0.0 Pedestrian 
10.145013906454603 7.864187625190937 -6.048500061035156 0.3753577768802643 0.3753577768802643 1.8600000143051147 0.0 Pedestrian 
11.082623940121714 -10.664263526789 -6.048500180244446 0.3753577768802643 0.3753577768802643 1.8600000143051147 0.0 Pedestrian 
5.508569001761728 -12.999142202001508 -5.896108269691467 0.3753577768802643 0.3753577768802643 1.8600000143051147 0.0 Pedestrian 
4.555541318534768 12.139999839293523 -5.896100163459778 0.3753577768802643 0.3753577768802643 1.8600000143051147 0.0 Pedestrian 
7.171800246108063 12.1812321757659 -5.896220564842224 0.3753577768802643 0.3753577768802643 1.8600000143051147 0.0 Pedestrian 
18.556953270603145 22.814072438176026 -6.998321342514828 4.791779518127441 2.163450002670288 1.488319993019104 0.0 Vehicle 
1.6715806938778641 -6.821788109215277 -7.023599602282047 4.974244117736816 2.0384013652801514 1.5542958974838257 0.0 Vehicle 
19.06034244926667 -34.99003770157174 -6.9999130630531 5.006059646606445 2.097083806991577 1.5347249507904053 0.0 Vehicle 
