9.510992715973345 -12.080562572355461 -6.276100039482117 0.5 0.5 1.100000023841858 0.0 Pedestrian 
12.042178950524516 44.8159718238328 -5.897026896476746 0.3753577768802643 0.3753577768802643 1.8600000143051147 0.0 Pedestrian 
4.548200755604011 12.12547451667524 -5.897533178329468 0.3753577768802643 0.3753577768802643 1.8600000143051147 0.0 Pedestrian 
7.694691531406534 12.800631004349952 -5.896100163459778 0.3753577768802643 0.3753577768802643 1.8600000143051147 0.0 Pedestrian 
11.31018841491575 -5.848528800255167 -6.3285000920295715 0.3753577768802643 0.3753577768802643 1.2999999523162842 0.0 Pedestrian 
10.196412520599672 -7.004125099576868 -6.048500061035156 0.3753577768802643 0.3753577768802643 1.8600000143051147 0.0 Pedestrian 
10.984098016229087 3.7933474243136374 -6.328500151634216 0.3753577768802643 0.3753577768802643 1.2999999523162842 0.0 Pedestrian 
8.469129423244567 -12.229673365326107 -5.896100163459778 0.3753577768802643 0.3753577768802643 1.8600000143051147 0.0 Pedestrian 
3.4399997793015586 -13.12455126016414 -6.178474068641663 0.3753577768802643 0.3753577768802643 1.2999999523162842 0.0 Pedestrian 
10.23733534740531 12.00086932902775 -5.905317068099976 0.3753577768802643 0.3753577768802643 1.8600000143051147 0.0 Pedestrian 
-2.4234445821114505 13.279919363275212 -5.896100163459778 0.3753577768802643 0.3753577768802643 1.8600000143051147 0.0 Pedestrian 
10.264871945882241 -9.362854889421783 -6.048500180244446 0.3753577768802643 0.3753577768802643 1.8600000143051147 0.0 Pedestrian 
8.648367150543166 -12.842380713445209 -5.896108269691467 0.3753577768802643 0.3753577768802643 1.8600000143051147 0.0 Pedestrian 
0.5678382477897657 12.13514879824345 -5.896100163459778 0.3753577768802643 0.3753577768802643 1.8600000143051147 0.0 Pedestrian 
-0.045198809339780155 13.089393029292978 -5.896498918533325 0.3753577768802643 0.3753577768802643 1.8600000143051147 0.0 Pedestrian 
3.197607416236359 12.165071205491927 -5.896220564842224 0.3753577768802643 0.3753577768802643 1.8600000143051147 0.0 Pedestrian 
18.556953270603145 22.814072438176026 -6.998321342514828 4.791779518127441 2.163450002670288 1.488319993019104 0.0 Vehicle 
1.6715806938778641 -6.821788109215277 -7.023599602282047 4.974244117736816 2.0384013652801514 1.5542958974838257 0.0 Vehicle 
19.029770484388706 -31.275695711433286 -6.999912834166025 5.006059646606445 2.097083806991577 1.5347249507904053 0.0 Vehicle 
