9.954947132168137 2.571902972954291 -6.0485000014305115 0.3753577768802643 0.3753577768802643 1.8600000143051147 0.0 Pedestrian 
11.081770704731923 35.222895337723685 -6.279619514942169 0.5 0.5 1.100000023841858 0.0 Pedestrian 
11.933285709870416 5.737638387368008 -6.0485000014305115 0.3753577768802643 0.3753577768802643 1.8600000143051147 0.0 Pedestrian 
4.406107588822508 -13.001810610457369 -5.896100163459778 0.3753577768802643 0.3753577768802643 1.8600000143051147 0.0 Pedestrian 
10.110899043302268 -7.507892248284975 -6.048500180244446 0.3753577768802643 0.3753577768802643 1.8600000143051147 0.0 Pedestrian 
7.703828499853486 -12.616085838069012 -5.896230578422546 0.3753577768802643 0.3753577768802643 1.8600000143051147 0.0 Pedestrian 
37.54575009832023 30.781248835285396 -5.896100163459778 0.3753577768802643 0.3753577768802643 1.8600000143051147 0.0 Pedestrian 
4.937891401316705 -12.264985453796385 -5.8960617780685425 0.3753577768802643 0.3753577768802643 1.8600000143051147 0.0 Pedestrian 
10.265391736554541 -9.5054082554758 -6.3285000920295715 0.3753577768802643 0.3753577768802643 1.2999999523162842 0.0 Pedestrian 
10.57520771360602 -13.2605810587836 -6.176112174987793 0.3753577768802643 0.3753577768802643 1.2999999523162842 0.0 Pedestrian 
10.136726106207558 4.472585565181021 -6.328499913215637 0.3753577768802643 0.3753577768802643 1.2999999523162842 0.0 Pedestrian 
11.09032196902217 -8.906281589207424 -6.048500180244446 0.3753577768802643 0.3753577768802643 1.8600000143051147 0.0 Pedestrian 
8.742941445089002 -12.023573148495984 -5.896167874336243 0.3753577768802643 0.3753577768802643 1.8600000143051147 0.0 Pedestrian 
-0.9435382827243899 12.268602899184884 -5.896100163459778 0.3753577768802643 0.3753577768802643 1.8600000143051147 0.0 Pedestrian 
10.04044117059815 -10.859752757485012 -6.0485000014305115 0.3753577768802643 0.3753577768802643 1.8600000143051147 0.0 Pedestrian 
32.7231291536342 16.040673355205968 -6.9983318138401955 4.791779518127441 2.163450002670288 1.488319993019104 0.0 Vehicle 
29.237719301018437 17.719457334789922 -7.054857596755028 2.2094459533691406 0.8670341968536377 1.2511454820632935 0.0 Vehicle 
18.606889840929227 7.621673264238439 -6.999912986757408 5.006059646606445 2.097083806991577 1.5347249507904053 0.0 Vehicle 
