10.304684594293501 -3.2551288713381155 -6.0485000014305115 0.3753577768802643 0.3753577768802643 1.8600000143051147 0.0 Pedestrian 
11.484334149621304 39.49396389471519 -6.279619514942169 0.5 0.5 1.100000023841858 0.0 Pedestrian 
11.825736179237882 11.804984662724223 -6.0485000014305115 0.3753577768802643 0.3753577768802643 1.8600000143051147 0.0 Pedestrian 
-1.7737780901818638 -13.027491070740894 -5.896100163459778 0.3753577768802643 0.3753577768802643 1.8600000143051147 0.0 Pedestrian 
10.27564825235337 -9.752771036136323 -6.048500061035156 0.3753577768802643 0.3753577768802643 1.8600000143051147 0.0 Pedestrian 
2.0431968203933053 -13.002079884121486 -5.896230578422546 0.3753577768802643 0.3753577768802643 1.8600000143051147 0.0 Pedestrian 
10.160003712608315 -11.90815490710122 -5.8960617780685425 0.3753577768802643 0.3753577768802643 1.8600000143051147 0.0 Pedestrian 
10.64736860689598 -11.367526140768177 -6.322145640850067 0.3753577768802643 0.3753577768802643 1.2999999523162842 0.0 Pedestrian 
8.628358892241536 -12.643243018932367 -6.176112174987793 0.3753577768802643 0.3753577768802643 1.2999999523162842 0.0 Pedestrian 
9.973973460419414 0.6004083376844278 -6.328499913215637 0.3753577768802643 0.3753577768802643 1.2999999523162842 0.0 Pedestrian 
11.005540310833325 -2.4652016330830975 -6.048500180244446 0.3753577768802643 0.3753577768802643 1.8600000143051147 0.0 Pedestrian 
11.1031539240468 -8.305733608477453 -6.048500061035156 0.3753577768802643 0.3753577768802643 1.8600000143051147 0.0 Pedestrian 
1.558522007882253 12.151370043580755 -5.896100044250488 0.3753577768802643 0.3753577768802643 1.8600000143051147 0.0 Pedestrian 
4.7169992276888095 12.156238422189858 -5.896100163459778 0.3753577768802643 0.3753577768802643 1.8600000143051147 0.0 Pedestrian 
10.049403409284466 -7.297710210002833 -6.0485000014305115 0.3753577768802643 0.3753577768802643 1.8600000143051147 0.0 Pedestrian 
32.66249174847445 22.221014938005624 -6.9983254433609545 4.791779518127441 2.163450002670288 1.488319993019104 0.0 Vehicle 
29.180310309100264 23.728649488765313 -7.0548577308654785 2.2094459533691406 0.8670341968536377 1.2511454820632935 0.0 Vehicle 
18.69298341768095 1.614349023544662 -6.999912834166025 5.006059646606445 2.097083806991577 1.5347249507904053 0.0 Vehicle 
