10.065245735681202 -4.716187490804259 -6.0485000014305115 0.3753577768802643 0.3753577768802643 1.8600000143051147 0.0 Pedestrian 
11.062964559842186 41.94373666962724 -6.277060329914093 0.5 0.5 1.100000023841858 0.0 Pedestrian 
12.204922484812144 16.22956625042218 -5.898728013038635 0.3753577768802643 0.3753577768802643 1.8600000143051147 0.0 Pedestrian 
11.200608338981539 -11.697204589735406 -5.898530006408691 0.3753577768802643 0.3753577768802643 1.8600000143051147 0.0 Pedestrian 
-2.1724223246647085 -13.0573824558345 -5.896230578422546 0.3753577768802643 0.3753577768802643 1.8600000143051147 0.0 Pedestrian 
10.67320329933569 -11.010784909595259 -6.0485000014305115 0.3753577768802643 0.3753577768802643 1.8600000143051147 0.0 Pedestrian 
-0.444260341598806 -11.868941327261496 -6.176100075244904 0.3753577768802643 0.3753577768802643 1.2999999523162842 0.0 Pedestrian 
10.078273213798504 -11.292098832774059 -6.326468825340271 0.3753577768802643 0.3753577768802643 1.2999999523162842 0.0 Pedestrian 
1.1361569498342305 12.186021591454164 -5.898589372634888 0.3753577768802643 0.3753577768802643 1.8600000143051147 0.0 Pedestrian 
10.0876073466423 -11.87856470759641 -6.176112174987793 0.3753577768802643 0.3753577768802643 1.2999999523162842 0.0 Pedestrian 
10.00952215542037 -1.7655252335788418 -6.328499913215637 0.3753577768802643 0.3753577768802643 1.2999999523162842 0.0 Pedestrian 
10.696502093963515 1.9475775588818465 -6.048500180244446 0.3753577768802643 0.3753577768802643 1.8600000143051147 0.0 Pedestrian 
11.045484037595774 -3.4162259384431763 -6.048500061035156 0.3753577768802643 0.3753577768802643 1.8600000143051147 0.0 Pedestrian 
5.949919056973027 12.178794086892935 -5.896100044250488 0.3753577768802643 0.3753577768802643 1.8600000143051147 0.0 Pedestrian 
8.046981687686156 12.17250938770087 -5.896100163459778 0.3753577768802643 0.3753577768802643 1.8600000143051147 0.0 Pedestrian 
10.822224583860589 -4.537427289519201 -6.0485000014305115 0.3753577768802643 0.3753577768802643 1.8600000143051147 0.0 Pedestrian 
32.6214153038279 26.51948504023744 -6.998324527754448 4.791779518127441 2.163450002670288 1.488319993019104 0.0 Vehicle 
18.73152331485406 44.44616630774158 -6.998325920198113 4.791779518127441 2.163450002670288 1.488319993019104 0.0 Vehicle 
29.140377987785598 27.892046489169502 -7.054857671260834 2.2094459533691406 0.8670341968536377 1.2511454820632935 0.0 Vehicle 
18.749113623552145 -2.547254445853582 -6.9999127960254555 5.006059646606445 2.097083806991577 1.5347249507904053 0.0 Vehicle 
