7.081155629219552 -12.686640228614579 -5.896100163459778 0.3753577768802643 0.3753577768802643 1.8600000143051147 0.0 Pedestrian 
-0.5173376156558334 -12.568374681644741 -6.276015996932983 0.5 0.5 1.100000023841858 0.0 Pedestrian 
12.312294411183004 27.10393259062323 -5.896100163459778 0.3753577768802643 0.3753577768802643 1.8600000143051147 0.0 Pedestrian 
0.43931123066634825 -13.049206589012556 -5.898530006408691 0.3753577768802643 0.3753577768802643 1.8600000143051147 0.0 Pedestrian 
10.471394469727125 2.318194929503136 -6.0485000014305115 0.3753577768802643 0.3753577768802643 1.8600000143051147 0.0 Pedestrian 
5.888230759045818 -11.733105832611159 -6.176100075244904 0.3753577768802643 0.3753577768802643 1.2999999523162842 0.0 Pedestrian 
5.889904313277455 -12.446480394677906 -6.176100015640259 0.3753577768802643 0.3753577768802643 1.2999999523162842 0.0 Pedestrian 
10.137088330743872 10.791422817903822 -6.048500061035156 0.3753577768802643 0.3753577768802643 1.8600000143051147 0.0 Pedestrian 
10.775476922246789 -7.351036405358741 -6.328500151634216 0.3753577768802643 0.3753577768802643 1.2999999523162842 0.0 Pedestrian 
-0.7279858012349081 -13.245791808989566 -5.896057963371277 0.3753577768802643 0.3753577768802643 1.8600000143051147 0.0 Pedestrian 
10.12251022461836 -8.93344528753903 -6.328499913215637 0.3753577768802643 0.3753577768802643 1.2999999523162842 0.0 Pedestrian 
9.726145611748276 12.25792110879479 -5.896178364753723 0.3753577768802643 0.3753577768802643 1.8600000143051147 0.0 Pedestrian 
10.866700045871116 8.616377903070202 -6.048500061035156 0.3753577768802643 0.3753577768802643 1.8600000143051147 0.0 Pedestrian 
10.031159029093281 7.996249216089268 -6.048500180244446 0.3753577768802643 0.3753577768802643 1.8600000143051147 0.0 Pedestrian 
11.182337811762435 2.1022080502638687 -6.048500180244446 0.3753577768802643 0.3753577768802643 1.8600000143051147 0.0 Pedestrian 
10.303867754053945 7.300477063800429 -6.0485000014305115 0.3753577768802643 0.3753577768802643 1.8600000143051147 0.0 Pedestrian 
18.60538122321212 32.422508898485376 -6.998326072702184 4.791779518127441 2.163450002670288 1.488319993019104 0.0 Vehicle 
0.28930533785714374 -6.835074260170131 -7.024106591939926 4.974244117736816 2.0384013652801514 1.5542958974838257 0.0 Vehicle 
29.024386789568894 39.468330904223535 -7.054857596755028 2.2094459533691406 0.8670341968536377 1.2511454820632935 0.0 Vehicle 
18.882331062684358 -14.118839256518982 -6.999912528990535 5.006059646606445 2.097083806991577 1.5347249507904053 0.0 Vehicle 
