4.880662802648388 -12.988914570708971 -5.896100163459778 0.3753577768802643 0.3753577768802643 1.8600000143051147 0.0 Pedestrian 
1.100709732526937 -12.483882908012674 -6.276015996932983 0.5 0.5 1.100000023841858 0.0 Pedestrian 
11.878910712362782 29.560209902516817 -5.896100163459778 0.3753577768802643 0.3753577768802643 1.8600000143051147 0.0 Pedestrian 
0.33990660425600083 -13.137694418012757 -5.898530006408691 0.3753577768802643 0.3753577768802643 1.8600000143051147 0.0 Pedestrian 
-1.9243777332930634 12.126128146497422 -5.897533178329468 0.3753577768802643 0.3753577768802643 1.8600000143051147 0.0 Pedestrian 
10.33693760088429 5.120954742232698 -6.0485000014305115 0.3753577768802643 0.3753577768802643 1.8600000143051147 0.0 Pedestrian 
7.641179776702003 -11.69606566492314 -6.176100075244904 0.3753577768802643 0.3753577768802643 1.2999999523162842 0.0 Pedestrian 
3.970025358395162 -12.592713900181934 -6.176100015640259 0.3753577768802643 0.3753577768802643 1.2999999523162842 0.0 Pedestrian 
10.19780242630073 8.442000896143327 -6.048500061035156 0.3753577768802643 0.3753577768802643 1.8600000143051147 0.0 Pedestrian 
10.909872188790828 -5.585259672046959 -6.328500151634216 0.3753577768802643 0.3753577768802643 1.2999999523162842 0.0 Pedestrian 
-0.22097740251631137 -13.401906258993563 -5.877724528312683 0.3753577768802643 0.3753577768802643 1.8600000143051147 0.0 Pedestrian 
10.69081395761183 -10.265510820845293 -6.328499913215637 0.3753577768802643 0.3753577768802643 1.2999999523162842 0.0 Pedestrian 
6.583608158015373 12.542496416130916 -5.896178364753723 0.3753577768802643 0.3753577768802643 1.8600000143051147 0.0 Pedestrian 
-1.7930607014166426 13.255578930663205 -5.896100044250488 0.3753577768802643 0.3753577768802643 1.8600000143051147 0.0 Pedestrian 
10.558454905722982 10.697919901858086 -6.048500061035156 0.3753577768802643 0.3753577768802643 1.8600000143051147 0.0 Pedestrian 
10.198384893975994 6.569318407218248 -6.048500180244446 0.3753577768802643 0.3753577768802643 1.8600000143051147 0.0 Pedestrian 
10.993931150509248 -0.6737525592317297 -6.048500180244446 0.3753577768802643 0.3753577768802643 1.8600000143051147 0.0 Pedestrian 
10.457157358775799 10.084757732098979 -6.0485000014305115 0.3753577768802643 0.3753577768802643 1.8600000143051147 0.0 Pedestrian 
18.5753007329467 29.534732106337174 -6.998326034634374 4.791779518127441 2.163450002670288 1.488319993019104 0.0 Vehicle 
1.6400142199466643 -6.822015382305381 -7.026800824329257 4.974244117736816 2.0384013652801514 1.5542958974838257 0.0 Vehicle 
18.909304646150687 -16.898542894577986 -6.99991275787761 5.006059646606445 2.097083806991577 1.5347249507904053 0.0 Vehicle 
