9.66105524284059 -11.770794489615128 -5.896100163459778 0.3753577768802643 0.3753577768802643 1.8600000143051147 0.0 Pedestrian 
11.903000624292531 46.50173578382805 -6.277060329914093 0.5 0.5 1.100000023841858 0.0 Pedestrian 
-2.5970630991737096 -13.123269639801038 -6.276015996932983 0.5 0.5 1.100000023841858 0.0 Pedestrian 
12.420408424916133 23.85142707653756 -5.896100163459778 0.3753577768802643 0.3753577768802643 1.8600000143051147 0.0 Pedestrian 
3.725237624148761 -12.921225899066485 -5.898530006408691 0.3753577768802643 0.3753577768802643 1.8600000143051147 0.0 Pedestrian 
10.727980811162936 -1.6733691110405289 -6.0485000014305115 0.3753577768802643 0.3753577768802643 1.8600000143051147 0.0 Pedestrian 
4.575641766080437 -12.061708432425803 -6.176100075244904 0.3753577768802643 0.3753577768802643 1.2999999523162842 0.0 Pedestrian 
7.833539221292924 -12.07810443745052 -6.176100015640259 0.3753577768802643 0.3753577768802643 1.2999999523162842 0.0 Pedestrian 
8.027225914630357 12.415571697814016 -5.898589372634888 0.3753577768802643 0.3753577768802643 1.8600000143051147 0.0 Pedestrian 
10.313416071489009 -9.769666986470611 -6.328500151634216 0.3753577768802643 0.3753577768802643 1.2999999523162842 0.0 Pedestrian 
10.054009530661574 -6.702076667278789 -6.328499913215637 0.3753577768802643 0.3753577768802643 1.2999999523162842 0.0 Pedestrian 
10.643590161707465 9.656448645763703 -6.048500180244446 0.3753577768802643 0.3753577768802643 1.8600000143051147 0.0 Pedestrian 
10.456120409585745 5.17997679429736 -6.048500061035156 0.3753577768802643 0.3753577768802643 1.8600000143051147 0.0 Pedestrian 
9.958432950860967 9.57123822440576 -6.048500180244446 0.3753577768802643 0.3753577768802643 1.8600000143051147 0.0 Pedestrian 
11.138080006310584 5.880545567409371 -6.048500180244446 0.3753577768802643 0.3753577768802643 1.8600000143051147 0.0 Pedestrian 
10.257356662293834 3.9038363036703814 -6.0485000014305115 0.3753577768802643 0.3753577768802643 1.8600000143051147 0.0 Pedestrian 
32.54339822393028 34.65040052409347 -6.99832422262989 4.791779518127441 2.163450002670288 1.488319993019104 0.0 Vehicle 
18.65140761268617 36.27156229729712 -6.99832611088641 4.791779518127441 2.163450002670288 1.488319993019104 0.0 Vehicle 
-2.2373366040576954 -6.859500233788026 -7.0256207920610905 4.974244117736816 2.0384013652801514 1.5542958974838257 0.0 Vehicle 
29.061561027889255 35.76211116465254 -7.0548575185239315 2.2094459533691406 0.8670341968536377 1.2511454820632935 0.0 Vehicle 
18.84361993576249 -10.414079759085439 -6.999912605286227 5.006059646606445 2.097083806991577 1.5347249507904053 0.0 Vehicle 
