9.984658036882625 -0.5695064481157033 -6.0485000014305115 0.3753577768802643 0.3753577768802643 1.8600000143051147 0.0 Pedestrian 
11.298530944443428 37.522701319942485 -6.279619514942169 0.5 0.5 1.100000023841858 0.0 Pedestrian 
11.822700250852069 8.904828970254243 -6.0485000014305115 0.3753577768802643 0.3753577768802643 1.8600000143051147 0.0 Pedestrian 
1.1538327588285568 -13.0126359319745 -5.896100163459778 0.3753577768802643 0.3753577768802643 1.8600000143051147 0.0 Pedestrian 
10.503484620459268 -9.346325295692054 -6.048500180244446 0.3753577768802643 0.3753577768802643 1.8600000143051147 0.0 Pedestrian 
4.893317265708987 -12.921940055692971 -5.896230578422546 0.3753577768802643 0.3753577768802643 1.8600000143051147 0.0 Pedestrian 
8.236304402944256 -11.830435879850938 -5.8960617780685425 0.3753577768802643 0.3753577768802643 1.8600000143051147 0.0 Pedestrian 
11.23870101973774 -9.951784201030932 -6.3284987807273865 0.3753577768802643 0.3753577768802643 1.2999999523162842 0.0 Pedestrian 
9.168444633966644 -13.104728378096866 -6.176112174987793 0.3753577768802643 0.3753577768802643 1.2999999523162842 0.0 Pedestrian 
9.980738243227265 2.2596325445765615 -6.328499913215637 0.3753577768802643 0.3753577768802643 1.2999999523162842 0.0 Pedestrian 
11.093404351490022 -5.532197029957615 -6.048500180244446 0.3753577768802643 0.3753577768802643 1.8600000143051147 0.0 Pedestrian 
10.583265911696074 -9.996630874723792 -6.048500061035156 0.3753577768802643 0.3753577768802643 1.8600000143051147 0.0 Pedestrian 
-1.357579009534419 12.177679774972034 -5.896100044250488 0.3753577768802643 0.3753577768802643 1.8600000143051147 0.0 Pedestrian 
2.039517496768788 12.19320453476496 -5.896100163459778 0.3753577768802643 0.3753577768802643 1.8600000143051147 0.0 Pedestrian 
10.014549415377388 -9.589272551769454 -6.0485000014305115 0.3753577768802643 0.3753577768802643 1.8600000143051147 0.0 Pedestrian 
32.69057312146258 19.36149405616925 -6.998327007284388 4.791779518127441 2.163450002670288 1.488319993019104 0.0 Vehicle 
29.206834839630325 20.954372289324738 -7.054857671260834 2.2094459533691406 0.8670341968536377 1.2511454820632935 0.0 Vehicle 
18.653809461348928 4.387527818343294 -6.999912948609563 5.006059646606445 2.097083806991577 1.5347249507904053 0.0 Vehicle 
