9.809730350378928 -12.100737220040969 -6.276100039482117 0.5 0.5 1.100000023841858 0.0 Pedestrian 
12.078463589749731 45.324677705286604 -5.897026896476746 0.3753577768802643 0.3753577768802643 1.8600000143051147 0.0 Pedestrian 
5.014779199598159 12.184037024727559 -5.897533178329468 0.3753577768802643 0.3753577768802643 1.8600000143051147 0.0 Pedestrian 
8.102745329105183 13.247941803251592 -5.896100163459778 0.3753577768802643 0.3753577768802643 1.8600000143051147 0.0 Pedestrian 
11.337934184780892 -5.591547423378188 -6.3285000920295715 0.3753577768802643 0.3753577768802643 1.2999999523162842 0.0 Pedestrian 
10.203486652904132 -7.489583687326899 -6.048500061035156 0.3753577768802643 0.3753577768802643 1.8600000143051147 0.0 Pedestrian 
10.939003139291202 4.118000353103085 -6.328500151634216 0.3753577768802643 0.3753577768802643 1.2999999523162842 0.0 Pedestrian 
-3.134399379698472 12.734595447717993 -6.276099920272827 0.5 0.5 1.100000023841858 0.0 Pedestrian 
8.673374712964488 -12.1720761079265 -5.896100163459778 0.3753577768802643 0.3753577768802643 1.8600000143051147 0.0 Pedestrian 
3.1481566832517274 -13.150094709843415 -6.178474068641663 0.3753577768802643 0.3753577768802643 1.2999999523162842 0.0 Pedestrian 
10.004497558023537 11.368193886130598 -6.048500061035156 0.3753577768802643 0.3753577768802643 1.8600000143051147 0.0 Pedestrian 
-2.899254178004057 13.352350091500057 -5.896100163459778 0.3753577768802643 0.3753577768802643 1.8600000143051147 0.0 Pedestrian 
10.284133846436582 -9.896954741490504 -6.048500180244446 0.3753577768802643 0.3753577768802643 1.8600000143051147 0.0 Pedestrian 
8.632827557805754 -12.878765209641756 -5.896108269691467 0.3753577768802643 0.3753577768802643 1.8600000143051147 0.0 Pedestrian 
1.0402038607531097 12.128549273257022 -5.896100163459778 0.3753577768802643 0.3753577768802643 1.8600000143051147 0.0 Pedestrian 
-0.5361925566680981 13.140619566937744 -5.896498918533325 0.3753577768802643 0.3753577768802643 1.8600000143051147 0.0 Pedestrian 
3.667375077014377 12.167284163103659 -5.896220564842224 0.3753577768802643 0.3753577768802643 1.8600000143051147 0.0 Pedestrian 
18.556953270603145 22.814072438176026 -6.998321342514828 4.791779518127441 2.163450002670288 1.488319993019104 0.0 Vehicle 
1.6715806938778641 -6.821788109215277 -7.023599602282047 4.974244117736816 2.0384013652801514 1.5542958974838257 0.0 Vehicle 
19.033506768899684 -31.739898395913087 -6.999913101200946 5.006059646606445 2.097083806991577 1.5347249507904053 0.0 Vehicle 
