10.639608872638611 -10.486861712493237 -6.0485000014305115 0.3753577768802643 0.3753577768802643 1.8600000143051147 0.0 Pedestrian 
10.966633563350854 45.61084068045784 -6.277060329914093 0.5 0.5 1.100000023841858 0.0 Pedestrian 
12.494871526627833 21.27224295791723 -5.896100163459778 0.3753577768802643 0.3753577768802643 1.8600000143051147 0.0 Pedestrian 
6.461365205007979 -12.905757447441033 -5.898530006408691 0.3753577768802643 0.3753577768802643 1.8600000143051147 0.0 Pedestrian 
10.903585623666316 -4.2824526754070575 -6.0485000014305115 0.3753577768802643 0.3753577768802643 1.8600000143051147 0.0 Pedestrian 
3.056999607383986 -12.424556851519469 -6.176100075244904 0.3753577768802643 0.3753577768802643 1.2999999523162842 0.0 Pedestrian 
9.448499920471761 -11.764874682382924 -6.176100015640259 0.3753577768802643 0.3753577768802643 1.2999999523162842 0.0 Pedestrian 
6.570497715790147 12.347357080110555 -5.898589372634888 0.3753577768802643 0.3753577768802643 1.8600000143051147 0.0 Pedestrian 
10.073895266261765 -10.841438449509837 -6.328500151634216 0.3753577768802643 0.3753577768802643 1.2999999523162842 0.0 Pedestrian 
10.077468266127852 -5.175062993347069 -6.328499913215637 0.3753577768802643 0.3753577768802643 1.2999999523162842 0.0 Pedestrian 
10.45559265822903 7.563515328510903 -6.048500180244446 0.3753577768802643 0.3753577768802643 1.8600000143051147 0.0 Pedestrian 
10.663237525950663 2.606337741603028 -6.048500061035156 0.3753577768802643 0.3753577768802643 1.8600000143051147 0.0 Pedestrian 
10.171454056587091 10.951087063470482 -6.048500180244446 0.3753577768802643 0.3753577768802643 1.8600000143051147 0.0 Pedestrian 
10.721772345507503 8.286798908224682 -6.048500180244446 0.3753577768802643 0.3753577768802643 1.8600000143051147 0.0 Pedestrian 
10.463161956602884 1.551832927801172 -6.0485000014305115 0.3753577768802643 0.3753577768802643 1.8600000143051147 0.0 Pedestrian 
32.56637502695985 32.25797556102839 -6.998324031825177 4.791779518127441 2.163450002670288 1.488319993019104 0.0 Vehicle 
18.67827169777553 38.67649938006457 -6.998326034634374 4.791779518127441 2.163450002670288 1.488319993019104 0.0 Vehicle 
29.08476856007711 33.446588177970966 -7.054857615381479 2.2094459533691406 0.8670341968536377 1.2511454820632935 0.0 Vehicle 
18.817498240504968 -8.09948969387483 -6.999912605286227 5.006059646606445 2.097083806991577 1.5347249507904053 0.0 Vehicle 
