10.022697718735479 -0.9710719596279205 -6.0485000014305115 0.3753577768802643 0.3753577768802643 1.8600000143051147 0.0 Pedestrian 
11.329487978977056 37.851244727388575 -6.279619514942169 0.5 0.5 1.100000023841858 0.0 Pedestrian 
11.794453614759355 9.358246227416544 -6.0485000014305115 0.3753577768802643 0.3753577768802643 1.8600000143051147 0.0 Pedestrian 
0.6734123702631365 -13.014537643985022 -5.896100163459778 0.3753577768802643 0.3753577768802643 1.8600000143051147 0.0 Pedestrian 
10.51707755395445 -9.189924294848538 -6.048500180244446 0.3753577768802643 0.3753577768802643 1.8600000143051147 0.0 Pedestrian 
4.434825868261484 -12.975111550323163 -5.896230578422546 0.3753577768802643 0.3753577768802643 1.8600000143051147 0.0 Pedestrian 
8.73700634527873 -11.774914353907775 -5.8960617780685425 0.3753577768802643 0.3753577768802643 1.8600000143051147 0.0 Pedestrian 
11.44409356382274 -10.184563132359017 -6.3284987807273865 0.3753577768802643 0.3753577768802643 1.2999999523162842 0.0 Pedestrian 
8.757469148895225 -13.033338180205988 -6.176112174987793 0.3753577768802643 0.3753577768802643 1.2999999523162842 0.0 Pedestrian 
9.97531308907695 1.9567811182847095 -6.328499913215637 0.3753577768802643 0.3753577768802643 1.2999999523162842 0.0 Pedestrian 
11.1036043007419 -5.041222710001762 -6.048500180244446 0.3753577768802643 0.3753577768802643 1.8600000143051147 0.0 Pedestrian 
10.511907063720507 -9.866022250131891 -6.048500061035156 0.3753577768802643 0.3753577768802643 1.8600000143051147 0.0 Pedestrian 
-0.8796199655582342 12.16130933102977 -5.896100044250488 0.3753577768802643 0.3753577768802643 1.8600000143051147 0.0 Pedestrian 
2.4617698909067514 12.198068595488166 -5.896100163459778 0.3753577768802643 0.3753577768802643 1.8600000143051147 0.0 Pedestrian 
10.03657637967055 -9.513056085662697 -6.0485000014305115 0.3753577768802643 0.3753577768802643 1.8600000143051147 0.0 Pedestrian 
32.68587445009717 19.83751594261514 -6.9983265495393425 4.791779518127441 2.163450002670288 1.488319993019104 0.0 Vehicle 
29.202416930217325 21.41667033308113 -7.054857596755028 2.2094459533691406 0.8670341968536377 1.2511454820632935 0.0 Vehicle 
18.660374290830195 3.925398174275074 -6.999912719729764 5.006059646606445 2.097083806991577 1.5347249507904053 0.0 Vehicle 
