2.290315707411068 -13.184977043012964 -5.896100163459778 0.3753577768802643 0.3753577768802643 1.8600000143051147 0.0 Pedestrian 
2.440557547900056 -12.502584957780982 -6.276015996932983 0.5 0.5 1.100000023841858 0.0 Pedestrian 
11.207549286491798 32.184208386610635 -5.899577260017395 0.3753577768802643 0.3753577768802643 1.8600000143051147 0.0 Pedestrian 
-1.8707600556942623 -12.70878403362326 -5.898530006408691 0.3753577768802643 0.3753577768802643 1.8600000143051147 0.0 Pedestrian 
0.6452789595268626 12.282464803453877 -5.897533178329468 0.3753577768802643 0.3753577768802643 1.8600000143051147 0.0 Pedestrian 
10.793209920418409 8.020146238205143 -6.0485000014305115 0.3753577768802643 0.3753577768802643 1.8600000143051147 0.0 Pedestrian 
8.687115337165935 -11.814847805281943 -6.176100075244904 0.3753577768802643 0.3753577768802643 1.2999999523162842 0.0 Pedestrian 
2.7350431083231825 -11.925299773613006 -6.176100015640259 0.3753577768802643 0.3753577768802643 1.2999999523162842 0.0 Pedestrian 
10.22072217132014 5.302250428510746 -6.048500061035156 0.3753577768802643 0.3753577768802643 1.8600000143051147 0.0 Pedestrian 
11.144866974246042 -3.69175924143633 -6.328500151634216 0.3753577768802643 0.3753577768802643 1.2999999523162842 0.0 Pedestrian 
0.6436167643302753 -12.964040691037098 -5.896100163459778 0.3753577768802643 0.3753577768802643 1.8600000143051147 0.0 Pedestrian 
10.017398689999638 -11.666341374401554 -6.178474068641663 0.3753577768802643 0.3753577768802643 1.2999999523162842 0.0 Pedestrian 
4.2422536072969805 12.870209427795771 -5.896178364753723 0.3753577768802643 0.3753577768802643 1.8600000143051147 0.0 Pedestrian 
1.0038744865292983 13.101991683366464 -5.896100044250488 0.3753577768802643 0.3753577768802643 1.8600000143051147 0.0 Pedestrian 
8.420121771461467 12.439121710128802 -5.896100163459778 0.3753577768802643 0.3753577768802643 1.8600000143051147 0.0 Pedestrian 
9.992781799087712 3.742770869924044 -6.048500180244446 0.3753577768802643 0.3753577768802643 1.8600000143051147 0.0 Pedestrian 
10.542690772704596 -3.5539566174560377 -6.048500180244446 0.3753577768802643 0.3753577768802643 1.8600000143051147 0.0 Pedestrian 
10.495145753173826 11.91973423324373 -6.0485000014305115 0.3753577768802643 0.3753577768802643 1.8600000143051147 0.0 Pedestrian 
-1.8577140688719709 12.432091647903007 -5.896220564842224 0.3753577768802643 0.3753577768802643 1.8600000143051147 0.0 Pedestrian 
18.555618449227737 26.646062627129027 -6.9984368897276 4.791779518127441 2.163450002670288 1.488319993019104 0.0 Vehicle 
1.671550927110367 -6.821810142317645 -7.023231850937009 4.974244117736816 2.0384013652801514 1.5542958974838257 0.0 Vehicle 
18.934510474502304 -19.679216715368398 -6.9999127960254555 5.006059646606445 2.097083806991577 1.5347249507904053 0.0 Vehicle 
