10.004442119707697 -10.131868866095488 -6.428500056266785 0.5 0.5 1.100000023841858 0.0 Pedestrian 
12.208925263254486 47.96517387026165 -5.897026896476746 0.3753577768802643 0.3753577768802643 1.8600000143051147 0.0 Pedestrian 
7.997624305053204 12.196431887343579 -5.897533178329468 0.3753577768802643 0.3753577768802643 1.8600000143051147 0.0 Pedestrian 
11.81602138338058 14.02487812666243 -5.899855017662048 0.3753577768802643 0.3753577768802643 1.8600000143051147 0.0 Pedestrian 
11.3028361637503 -3.3793046022291264 -6.3285000920295715 0.3753577768802643 0.3753577768802643 1.2999999523162842 0.0 Pedestrian 
10.731395277131732 -9.864543038215857 -6.048500061035156 0.3753577768802643 0.3753577768802643 1.8600000143051147 0.0 Pedestrian 
10.71606973862472 6.386417478685701 -6.328500151634216 0.3753577768802643 0.3753577768802643 1.2999999523162842 0.0 Pedestrian 
-0.6313099965536964 12.436614798586447 -6.276099920272827 0.5 0.5 1.100000023841858 0.0 Pedestrian 
10.341421205283119 -10.686181009005395 -6.0485000014305115 0.3753577768802643 0.3753577768802643 1.8600000143051147 0.0 Pedestrian 
0.7330573878839459 -13.319505630147546 -6.178474068641663 0.3753577768802643 0.3753577768802643 1.2999999523162842 0.0 Pedestrian 
10.090859718261433 7.421233361762859 -6.048500061035156 0.3753577768802643 0.3753577768802643 1.8600000143051147 0.0 Pedestrian 
10.850002528192121 -11.13393071429391 -6.048500180244446 0.3753577768802643 0.3753577768802643 1.8600000143051147 0.0 Pedestrian 
5.011422376702711 -12.968032483114825 -5.896108269691467 0.3753577768802643 0.3753577768802643 1.8600000143051147 0.0 Pedestrian 
4.9557266264521225 12.146310036263799 -5.896100163459778 0.3753577768802643 0.3753577768802643 1.8600000143051147 0.0 Pedestrian 
7.453943450575032 12.343759055073065 -5.896220564842224 0.3753577768802643 0.3753577768802643 1.8600000143051147 0.0 Pedestrian 
18.556953270603145 22.814072438176026 -6.998321342514828 4.791779518127441 2.163450002670288 1.488319993019104 0.0 Vehicle 
1.6715806938778641 -6.821788109215277 -7.023599602282047 4.974244117736816 2.0384013652801514 1.5542958974838257 0.0 Vehicle 
19.064253933548514 -35.45444802120346 -6.9999130630531 5.006059646606445 2.097083806991577 1.5347249507904053 0.0 Vehicle 
