10.145421853324272 -4.118165955015797 -6.0485000014305115 0.3753577768802643 0.3753577768802643 1.8600000143051147 0.0 Pedestrian 
11.608162287755817 40.80813752449956 -6.277060329914093 0.5 0.5 1.100000023841858 0.0 Pedestrian 
12.063465997988033 13.822160047546731 -5.896100163459778 0.3753577768802643 0.3753577768802643 1.8600000143051147 0.0 Pedestrian 
11.084691597611439 -11.473744588164436 -6.048500061035156 0.3753577768802643 0.3753577768802643 1.8600000143051147 0.0 Pedestrian 
0.023176605278905527 -12.974360838290067 -5.896230578422546 0.3753577768802643 0.3753577768802643 1.8600000143051147 0.0 Pedestrian 
10.321137660112612 -11.761529081670915 -5.896100163459778 0.3753577768802643 0.3753577768802643 1.8600000143051147 0.0 Pedestrian 
-1.9868114877638163 -11.900837615984642 -6.176100075244904 0.3753577768802643 0.3753577768802643 1.2999999523162842 0.0 Pedestrian 
9.932299400723373 -11.447438174758986 -6.180340468883514 0.3753577768802643 0.3753577768802643 1.2999999523162842 0.0 Pedestrian 
-1.1198645399165343 12.22211669920398 -5.898589372634888 0.3753577768802643 0.3753577768802643 1.8600000143051147 0.0 Pedestrian 
9.52657255877665 -12.65394220493954 -6.176112174987793 0.3753577768802643 0.3753577768802643 1.2999999523162842 0.0 Pedestrian 
9.98040824413873 -0.43818944081704103 -6.328499913215637 0.3753577768802643 0.3753577768802643 1.2999999523162842 0.0 Pedestrian 
10.879915413584698 -0.36438229037219116 -6.048500180244446 0.3753577768802643 0.3753577768802643 1.8600000143051147 0.0 Pedestrian 
11.13218857434947 -6.1015524147906035 -6.048500061035156 0.3753577768802643 0.3753577768802643 1.8600000143051147 0.0 Pedestrian 
3.7048994214669477 12.151676543855729 -5.896100044250488 0.3753577768802643 0.3753577768802643 1.8600000143051147 0.0 Pedestrian 
6.611226073395194 12.190155339780517 -5.896100163459778 0.3753577768802643 0.3753577768802643 1.8600000143051147 0.0 Pedestrian 
10.202130961714758 -6.174951130956856 -6.0485000014305115 0.3753577768802643 0.3753577768802643 1.8600000143051147 0.0 Pedestrian 
32.644269959155594 24.13055792986472 -6.998324680374935 4.791779518127441 2.163450002670288 1.488319993019104 0.0 Vehicle 
29.162606254047276 25.57876997673975 -7.054857615381479 2.2094459533691406 0.8670341968536377 1.2511454820632935 0.0 Vehicle 
18.71847696640649 -0.23497627867709525 -6.999912719729764 5.006059646606445 2.097083806991577 1.5347249507904053 0.0 Vehicle 
