10.45167600575914 -6.759175016863196 -6.0485000014305115 0.3753577768802643 0.3753577768802643 1.8600000143051147 0.0 Pedestrian 
10.852850491919355 43.14943763837823 -6.277060329914093 0.5 0.5 1.100000023841858 0.0 Pedestrian 
12.321709936362467 17.416131422806984 -5.896100163459778 0.3753577768802643 0.3753577768802643 1.8600000143051147 0.0 Pedestrian 
9.309432068777085 -12.725711968679434 -5.898530006408691 0.3753577768802643 0.3753577768802643 1.8600000143051147 0.0 Pedestrian 
10.670311259084016 -8.451548429876539 -6.0485000014305115 0.3753577768802643 0.3753577768802643 1.8600000143051147 0.0 Pedestrian 
0.6260824350442533 -11.998906220970525 -6.176100075244904 0.3753577768802643 0.3753577768802643 1.2999999523162842 0.0 Pedestrian 
10.480995958855885 -11.354079122655094 -6.296386480331421 0.3753577768802643 0.3753577768802643 1.2999999523162842 0.0 Pedestrian 
2.938771941726941 12.29304926745965 -5.898589372634888 0.3753577768802643 0.3753577768802643 1.8600000143051147 0.0 Pedestrian 
9.957117845990979 -11.580576660292763 -6.176112174987793 0.3753577768802643 0.3753577768802643 1.2999999523162842 0.0 Pedestrian 
10.024804499240417 -2.880409524181914 -6.328499913215637 0.3753577768802643 0.3753577768802643 1.2999999523162842 0.0 Pedestrian 
10.545390473719976 3.817229613330852 -6.048500180244446 0.3753577768802643 0.3753577768802643 1.8600000143051147 0.0 Pedestrian 
10.923037993815825 -1.3238022995948313 -6.048500061035156 0.3753577768802643 0.3753577768802643 1.8600000143051147 0.0 Pedestrian 
8.050885989309457 12.138530135670976 -5.896100044250488 0.3753577768802643 0.3753577768802643 1.8600000143051147 0.0 Pedestrian 
10.261525284789233 12.291469967046623 -5.896100163459778 0.3753577768802643 0.3753577768802643 1.8600000143051147 0.0 Pedestrian 
10.755987000095548 -2.4583098525176865 -6.0485000014305115 0.3753577768802643 0.3753577768802643 1.8600000143051147 0.0 Pedestrian 
32.60308533956989 28.43168853628015 -6.998324337066151 4.791779518127441 2.163450002670288 1.488319993019104 0.0 Vehicle 
18.716881078552404 42.523272657800476 -6.998326072702184 4.791779518127441 2.163450002670288 1.488319993019104 0.0 Vehicle 
29.1218616610401 29.743129129342833 -7.054857671260834 2.2094459533691406 0.8670341968536377 1.2511454820632935 0.0 Vehicle 
18.77283984151807 -4.397562082747299 -6.999912605286227 5.006059646606445 2.097083806991577 1.5347249507904053 0.0 Vehicle 
