8.316056880334102 -12.297157994563804 -5.896100163459778 0.3753577768802643 0.3753577768802643 1.8600000143051147 0.0 Pedestrian 
12.146122603443303 46.89106539730483 -6.277060329914093 0.5 0.5 1.100000023841858 0.0 Pedestrian 
-1.7194410012685921 -12.942174458690147 -6.276015996932983 0.5 0.5 1.100000023841858 0.0 Pedestrian 
12.407097855006896 24.402670882668872 -5.896100163459778 0.3753577768802643 0.3753577768802643 1.8600000143051147 0.0 Pedestrian 
2.4486457803011774 -13.031074643482611 -5.898530006408691 0.3753577768802643 0.3753577768802643 1.8600000143051147 0.0 Pedestrian 
10.635911206787856 -0.08879400552893912 -6.0485000014305115 0.3753577768802643 0.3753577768802643 1.8600000143051147 0.0 Pedestrian 
5.37818248237744 -11.917105500354637 -6.176100075244904 0.3753577768802643 0.3753577768802643 1.2999999523162842 0.0 Pedestrian 
6.9348652156292445 -11.945354854400875 -6.176100015640259 0.3753577768802643 0.3753577768802643 1.2999999523162842 0.0 Pedestrian 
9.950136468089212 12.910026387826406 -5.898589372634888 0.3753577768802643 0.3753577768802643 1.8600000143051147 0.0 Pedestrian 
10.541252123623586 -8.852100944826248 -6.328500151634216 0.3753577768802643 0.3753577768802643 1.2999999523162842 0.0 Pedestrian 
-2.1976338975341747 -13.453828543573422 -5.896057963371277 0.3753577768802643 0.3753577768802643 1.8600000143051147 0.0 Pedestrian 
10.060047858260582 -7.544814200040491 -6.328499913215637 0.3753577768802643 0.3753577768802643 1.2999999523162842 0.0 Pedestrian 
10.341174359499647 11.149579274207554 -6.048500180244446 0.3753577768802643 0.3753577768802643 1.8600000143051147 0.0 Pedestrian 
10.188180208428586 6.5821582143886985 -6.048500061035156 0.3753577768802643 0.3753577768802643 1.8600000143051147 0.0 Pedestrian 
10.285695117733518 8.504686820144912 -6.048500180244446 0.3753577768802643 0.3753577768802643 1.8600000143051147 0.0 Pedestrian 
11.176251426238055 4.370350311445781 -6.048500180244446 0.3753577768802643 0.3753577768802643 1.8600000143051147 0.0 Pedestrian 
10.124887757350926 5.250124117948658 -6.0485000014305115 0.3753577768802643 0.3753577768802643 1.8600000143051147 0.0 Pedestrian 
32.52961333177322 36.08617121124075 -6.998323993757367 4.791779518127441 2.163450002670288 1.488319993019104 0.0 Vehicle 
18.634260117333852 34.82833699977823 -6.998326072702184 4.791779518127441 2.163450002670288 1.488319993019104 0.0 Vehicle 
-1.1768373460614825 -6.849243198529962 -7.024299509823322 4.974244117736816 2.0384013652801514 1.5542958974838257 0.0 Vehicle 
29.047631465308598 37.151744265333605 -7.0548575185239315 2.2094459533691406 0.8670341968536377 1.2511454820632935 0.0 Vehicle 
18.858568424685075 -11.803160071521575 -6.999912567138381 5.006059646606445 2.097083806991577 1.5347249507904053 0.0 Vehicle 
