1.2869278890021292 -13.25975704630605 -5.896100163459778 0.3753577768802643 0.3753577768802643 1.8600000143051147 0.0 Pedestrian 
3.4151733932656896 -12.548280590987929 -6.276015996932983 0.5 0.5 1.100000023841858 0.0 Pedestrian 
11.264789652574208 33.6108517647574 -5.899577260017395 0.3753577768802643 0.3753577768802643 1.8600000143051147 0.0 Pedestrian 
1.980235282724319 12.06324167410662 -5.897533178329468 0.3753577768802643 0.3753577768802643 1.8600000143051147 0.0 Pedestrian 
10.525321954024378 9.609274065912132 -6.0485000014305115 0.3753577768802643 0.3753577768802643 1.8600000143051147 0.0 Pedestrian 
9.625177495605683 -12.346242069356094 -6.176100075244904 0.3753577768802643 0.3753577768802643 1.2999999523162842 0.0 Pedestrian 
2.3058690517863667 -11.871426820267061 -6.176100015640259 0.3753577768802643 0.3753577768802643 1.2999999523162842 0.0 Pedestrian 
10.235229775591247 3.6875100009859523 -6.048500061035156 0.3753577768802643 0.3753577768802643 1.8600000143051147 0.0 Pedestrian 
11.171457568873649 -2.714386689466096 -6.328500151634216 0.3753577768802643 0.3753577768802643 1.2999999523162842 0.0 Pedestrian 
1.751698291524633 -12.535560833644809 -5.896100163459778 0.3753577768802643 0.3753577768802643 1.8600000143051147 0.0 Pedestrian 
9.351672146212351 -11.642960309099749 -6.178474068641663 0.3753577768802643 0.3753577768802643 1.2999999523162842 0.0 Pedestrian 
2.9201353197747792 12.842909492940862 -5.896178364753723 0.3753577768802643 0.3753577768802643 1.8600000143051147 0.0 Pedestrian 
2.0592862733238704 13.119335808380129 -5.896100044250488 0.3753577768802643 0.3753577768802643 1.8600000143051147 0.0 Pedestrian 
6.895229265969853 12.438892598835196 -5.896100163459778 0.3753577768802643 0.3753577768802643 1.8600000143051147 0.0 Pedestrian 
9.999405859957571 2.2199959977013464 -6.048500180244446 0.3753577768802643 0.3753577768802643 1.8600000143051147 0.0 Pedestrian 
10.472240395765049 -5.045656771833478 -6.048500180244446 0.3753577768802643 0.3753577768802643 1.8600000143051147 0.0 Pedestrian 
8.770051999660438 12.37526255756336 -5.896498918533325 0.3753577768802643 0.3753577768802643 1.8600000143051147 0.0 Pedestrian 
-0.49434273466072653 12.252187038793181 -5.896220564842224 0.3753577768802643 0.3753577768802643 1.8600000143051147 0.0 Pedestrian 
18.55114712023743 25.201421101094184 -6.997780189616606 4.791779518127441 2.163450002670288 1.488319993019104 0.0 Vehicle 
1.6715806605951116 -6.8217871561219 -7.023623330518603 4.974244117736816 2.0384013652801514 1.5542958974838257 0.0 Vehicle 
18.946721225594573 -21.06990989817291 -6.9999127960254555 5.006059646606445 2.097083806991577 1.5347249507904053 0.0 Vehicle 
