9.990239309256495 0.8783281299989767 -6.0485000014305115 0.3753577768802643 0.3753577768802643 1.8600000143051147 0.0 Pedestrian 
11.20562934185449 36.53707003255613 -6.279619514942169 0.5 0.5 1.100000023841858 0.0 Pedestrian 
11.91249504262409 7.556349356540522 -6.0485000014305115 0.3753577768802643 0.3753577768802643 1.8600000143051147 0.0 Pedestrian 
2.579123179101728 -13.01697762468018 -5.896100163459778 0.3753577768802643 0.3753577768802643 1.8600000143051147 0.0 Pedestrian 
10.179662705378433 -8.84349287429427 -6.048500180244446 0.3753577768802643 0.3753577768802643 1.8600000143051147 0.0 Pedestrian 
6.6099806787009925 -12.844865871002867 -5.896230578422546 0.3753577768802643 0.3753577768802643 1.8600000143051147 0.0 Pedestrian 
6.780381715343381 -12.028399226460124 -5.8960617780685425 0.3753577768802643 0.3753577768802643 1.8600000143051147 0.0 Pedestrian 
10.111157702093351 -9.54619043069306 -6.3284987807273865 0.3753577768802643 0.3753577768802643 1.2999999523162842 0.0 Pedestrian 
9.542743445739774 -13.175603444474973 -6.176112174987793 0.3753577768802643 0.3753577768802643 1.2999999523162842 0.0 Pedestrian 
9.980871105668218 3.176177893958794 -6.328499913215637 0.3753577768802643 0.3753577768802643 1.2999999523162842 0.0 Pedestrian 
11.15430315013505 -6.978800310009092 -6.048500180244446 0.3753577768802643 0.3753577768802643 1.8600000143051147 0.0 Pedestrian 
10.23064830840432 -10.89202894003688 -6.048500061035156 0.3753577768802643 0.3753577768802643 1.8600000143051147 0.0 Pedestrian 
-2.7860175096863458 12.252932964271622 -5.896100044250488 0.3753577768802643 0.3753577768802643 1.8600000143051147 0.0 Pedestrian 
0.7692617715618013 12.225893783765628 -5.896100163459778 0.3753577768802643 0.3753577768802643 1.8600000143051147 0.0 Pedestrian 
10.293197380484571 -10.126769387852505 -6.0485000014305115 0.3753577768802643 0.3753577768802643 1.8600000143051147 0.0 Pedestrian 
32.70463024000779 17.935416661570002 -6.998328647692688 4.791779518127441 2.163450002670288 1.488319993019104 0.0 Vehicle 
29.220080580008712 19.567706900465964 -7.05485774949193 2.2094459533691406 0.8670341968536377 1.2511454820632935 0.0 Vehicle 
18.633891609819614 5.773754718970338 -6.999912948609563 5.006059646606445 2.097083806991577 1.5347249507904053 0.0 Vehicle 
