10.099152131595673 -11.043970363014068 -6.43593829870224 0.5 0.5 1.100000023841858 0.0 Pedestrian 
12.246066209424924 47.20196704937541 -5.897026896476746 0.3753577768802643 0.3753577768802643 1.8600000143051147 0.0 Pedestrian 
7.451557616419315 12.179478881147247 -5.897533178329468 0.3753577768802643 0.3753577768802643 1.8600000143051147 0.0 Pedestrian 
10.365023791018118 13.813109785861116 -5.899855017662048 0.3753577768802643 0.3753577768802643 1.8600000143051147 0.0 Pedestrian 
11.350072117492722 -4.209486404093241 -6.3285000920295715 0.3753577768802643 0.3753577768802643 1.2999999523162842 0.0 Pedestrian 
10.205040777327099 -9.732434764959976 -6.048500061035156 0.3753577768802643 0.3753577768802643 1.8600000143051147 0.0 Pedestrian 
10.76574662389832 5.590395118427267 -6.328500151634216 0.3753577768802643 0.3753577768802643 1.2999999523162842 0.0 Pedestrian 
-1.5198712668019212 12.52286834567542 -6.276099920272827 0.5 0.5 1.100000023841858 0.0 Pedestrian 
10.085603263526714 -11.60475091887929 -5.896100163459778 0.3753577768802643 0.3753577768802643 1.8600000143051147 0.0 Pedestrian 
1.6515896779039423 -13.26846490076855 -6.178474068641663 0.3753577768802643 0.3753577768802643 1.2999999523162842 0.0 Pedestrian 
10.249976862086331 8.865571413897896 -6.048500061035156 0.3753577768802643 0.3753577768802643 1.8600000143051147 0.0 Pedestrian 
10.665951241852696 -10.918102246371177 -6.048500180244446 0.3753577768802643 0.3753577768802643 1.8600000143051147 0.0 Pedestrian 
6.80584100064732 -12.899991822142965 -5.896108269691467 0.3753577768802643 0.3753577768802643 1.8600000143051147 0.0 Pedestrian 
3.56335115690365 12.132375839469773 -5.896100163459778 0.3753577768802643 0.3753577768802643 1.8600000143051147 0.0 Pedestrian 
6.1771378950651545 12.160893226103553 -5.896220564842224 0.3753577768802643 0.3753577768802643 1.8600000143051147 0.0 Pedestrian 
18.556953270603145 22.814072438176026 -6.998321342514828 4.791779518127441 2.163450002670288 1.488319993019104 0.0 Vehicle 
1.6715806938778641 -6.821788109215277 -7.023599602282047 4.974244117736816 2.0384013652801514 1.5542958974838257 0.0 Vehicle 
19.052537392817214 -34.06129277725438 -6.9999131393487914 5.006059646606445 2.097083806991577 1.5347249507904053 0.0 Vehicle 
