9.940745282247793 4.7790665030805215 -6.0485000014305115 0.3753577768802643 0.3753577768802643 1.8600000143051147 0.0 Pedestrian 
10.926955033075728 33.58017723544515 -6.279619514942169 0.5 0.5 1.100000023841858 0.0 Pedestrian 
11.814413058496662 3.3817575279930736 -6.0485000014305115 0.3753577768802643 0.3753577768802643 1.8600000143051147 0.0 Pedestrian 
6.653841997713329 -12.738072169374277 -5.896100163459778 0.3753577768802643 0.3753577768802643 1.8600000143051147 0.0 Pedestrian 
10.190114098121292 -5.589924439598917 -6.048500180244446 0.3753577768802643 0.3753577768802643 1.8600000143051147 0.0 Pedestrian 
9.592675548464086 -11.765721990486895 -5.896230578422546 0.3753577768802643 0.3753577768802643 1.8600000143051147 0.0 Pedestrian 
37.54845991068561 28.081198893156397 -5.896100163459778 0.3753577768802643 0.3753577768802643 1.8600000143051147 0.0 Pedestrian 
2.7709085099742623 -12.711441821688254 -5.8960617780685425 0.3753577768802643 0.3753577768802643 1.8600000143051147 0.0 Pedestrian 
10.288955204634433 -8.375329778316313 -6.3285000920295715 0.3753577768802643 0.3753577768802643 1.2999999523162842 0.0 Pedestrian 
11.992557699934679 -13.142034262608831 -6.176112174987793 0.3753577768802643 0.3753577768802643 1.2999999523162842 0.0 Pedestrian 
10.476753787738653 5.8404403906758375 -6.328499913215637 0.3753577768802643 0.3753577768802643 1.2999999523162842 0.0 Pedestrian 
10.484439303858352 -11.697090119975314 -5.896100163459778 0.3753577768802643 0.3753577768802643 1.8600000143051147 0.0 Pedestrian 
7.277593502238261 -11.789860746286308 -5.896167874336243 0.3753577768802643 0.3753577768802643 1.8600000143051147 0.0 Pedestrian 
9.762981990740073 -12.505676310629838 -5.8963717222213745 0.3753577768802643 0.3753577768802643 1.8600000143051147 0.0 Pedestrian 
32.746439936067915 13.691150983026773 -6.998339939163998 4.791779518127441 2.163450002670288 1.488319993019104 0.0 Vehicle 
29.259711163204692 15.41076444506848 -7.054857309907675 2.2094459533691406 0.8670341968536377 1.2511454820632935 0.0 Vehicle 
18.573730701516823 9.930983878015809 -6.999912986757408 5.006059646606445 2.097083806991577 1.5347249507904053 0.0 Vehicle 
