-0.7300474942942827 -13.35377103220651 -5.896100163459778 0.3753577768802643 0.3753577768802643 1.8600000143051147 0.0 Pedestrian 
4.584644624932082 -12.420951843770581 -6.276015996932983 0.5 0.5 1.100000023841858 0.0 Pedestrian 
11.394010852387538 35.65858399126398 -5.899577260017395 0.3753577768802643 0.3753577768802643 1.8600000143051147 0.0 Pedestrian 
2.1799711233449237 11.970588497615154 -5.897533178329468 0.3753577768802643 0.3753577768802643 1.8600000143051147 0.0 Pedestrian 
10.308231578370236 10.689895217218691 -6.0485000014305115 0.3753577768802643 0.3753577768802643 1.8600000143051147 0.0 Pedestrian 
10.220902086338171 -11.38506578426609 -6.2110172510147095 0.3753577768802643 0.3753577768802643 1.2999999523162842 0.0 Pedestrian 
0.8466616589535079 -11.8148684346437 -6.176100015640259 0.3753577768802643 0.3753577768802643 1.2999999523162842 0.0 Pedestrian 
10.226491079612455 1.6440925890677818 -6.048500061035156 0.3753577768802643 0.3753577768802643 1.8600000143051147 0.0 Pedestrian 
11.209363478201968 -1.4253231558446942 -6.328500151634216 0.3753577768802643 0.3753577768802643 1.2999999523162842 0.0 Pedestrian 
3.727575747393942 -12.652395326746046 -5.896100163459778 0.3753577768802643 0.3753577768802643 1.8600000143051147 0.0 Pedestrian 
8.294224918979936 -12.031805205711976 -6.178474068641663 0.3753577768802643 0.3753577768802643 1.2999999523162842 0.0 Pedestrian 
2.066310003677323 12.656307147789335 -5.896178483963013 0.3753577768802643 0.3753577768802643 1.8600000143051147 0.0 Pedestrian 
2.687628929951984 13.12240570271581 -5.896100044250488 0.3753577768802643 0.3753577768802643 1.8600000143051147 0.0 Pedestrian 
6.115524013628708 12.293575557772442 -5.896100163459778 0.3753577768802643 0.3753577768802643 1.8600000143051147 0.0 Pedestrian 
9.97216385801784 0.26659972327854575 -6.048500180244446 0.3753577768802643 0.3753577768802643 1.8600000143051147 0.0 Pedestrian 
10.461083691008412 -7.078419071702115 -6.048500180244446 0.3753577768802643 0.3753577768802643 1.8600000143051147 0.0 Pedestrian 
7.138201740858456 12.453870139573723 -5.896498918533325 0.3753577768802643 0.3753577768802643 1.8600000143051147 0.0 Pedestrian 
0.7561355303230215 12.204346355788175 -5.896220564842224 0.3753577768802643 0.3753577768802643 1.8600000143051147 0.0 Pedestrian 
18.55118656511746 23.454905643414804 -6.998093719477765 4.791779518127441 2.163450002670288 1.488319993019104 0.0 Vehicle 
1.6715806938778641 -6.821788109215277 -7.023601910099387 4.974244117736816 2.0384013652801514 1.5542958974838257 0.0 Vehicle 
18.96233890234906 -22.924555800876874 -6.999912948609563 5.006059646606445 2.097083806991577 1.5347249507904053 0.0 Vehicle 
