10.137027054996473 -2.8402451345439204 -6.0485000014305115 0.3753577768802643 0.3753577768802643 1.8600000143051147 0.0 Pedestrian 
11.453346616099623 39.16541942222102 -6.279619514942169 0.5 0.5 1.100000023841858 0.0 Pedestrian 
11.820835250956005 11.289060295198851 -6.0485000014305115 0.3753577768802643 0.3753577768802643 1.8600000143051147 0.0 Pedestrian 
-1.2460888678698865 -13.033862953373955 -5.896100163459778 0.3753577768802643 0.3753577768802643 1.8600000143051147 0.0 Pedestrian 
10.259092523816754 -9.887288495949974 -6.048500061035156 0.3753577768802643 0.3753577768802643 1.8600000143051147 0.0 Pedestrian 
2.530824182706752 -13.017679470904795 -5.896230578422546 0.3753577768802643 0.3753577768802643 1.8600000143051147 0.0 Pedestrian 
10.018288866561107 -12.391386165632184 -5.8960617780685425 0.3753577768802643 0.3753577768802643 1.8600000143051147 0.0 Pedestrian 
10.862229297881065 -11.412355373787022 -6.3284987807273865 0.3753577768802643 0.3753577768802643 1.2999999523162842 0.0 Pedestrian 
8.255470434723065 -12.799885768937429 -6.176112174987793 0.3753577768802643 0.3753577768802643 1.2999999523162842 0.0 Pedestrian 
9.9666774155318 0.8858533974450324 -6.328499913215637 0.3753577768802643 0.3753577768802643 1.2999999523162842 0.0 Pedestrian 
11.134607039355561 -3.022380365072877 -6.048500180244446 0.3753577768802643 0.3753577768802643 1.8600000143051147 0.0 Pedestrian 
11.16364809506657 -9.01059093601782 -6.048500061035156 0.3753577768802643 0.3753577768802643 1.8600000143051147 0.0 Pedestrian 
0.9493338733774337 12.158117488647349 -5.896100044250488 0.3753577768802643 0.3753577768802643 1.8600000143051147 0.0 Pedestrian 
4.2322017678637 12.180867709837798 -5.896100163459778 0.3753577768802643 0.3753577768802643 1.8600000143051147 0.0 Pedestrian 
10.085435729101668 -7.76290258538711 -6.0485000014305115 0.3753577768802643 0.3753577768802643 1.8600000143051147 0.0 Pedestrian 
32.66702848790055 21.74394630387326 -6.998325481428765 4.791779518127441 2.163450002670288 1.488319993019104 0.0 Vehicle 
29.184733710167436 23.266194184601773 -7.054857634007931 2.2094459533691406 0.8670341968536377 1.2511454820632935 0.0 Vehicle 
18.68662757442334 2.0766151777494883 -6.999912681581918 5.006059646606445 2.097083806991577 1.5347249507904053 0.0 Vehicle 
