10.329992869626764 -5.682838562851543 -6.0485000014305115 0.3753577768802643 0.3753577768802643 1.8600000143051147 0.0 Pedestrian 
10.94326480040661 42.530427934867475 -6.277060329914093 0.5 0.5 1.100000023841858 0.0 Pedestrian 
12.189840663545652 16.26751707739527 -5.900492787361145 0.3753577768802643 0.3753577768802643 1.8600000143051147 0.0 Pedestrian 
10.353377434319356 -12.458712250291569 -5.898530006408691 0.3753577768802643 0.3753577768802643 1.8600000143051147 0.0 Pedestrian 
10.728214566599029 -9.599445476217966 -6.0485000014305115 0.3753577768802643 0.3753577768802643 1.8600000143051147 0.0 Pedestrian 
0.08471699311848369 -11.91438602930441 -6.176100075244904 0.3753577768802643 0.3753577768802643 1.2999999523162842 0.0 Pedestrian 
10.266569153158017 -11.2018762077073 -6.326468825340271 0.3753577768802643 0.3753577768802643 1.2999999523162842 0.0 Pedestrian 
2.040211722693229 12.225353793651266 -5.898589372634888 0.3753577768802643 0.3753577768802643 1.8600000143051147 0.0 Pedestrian 
10.080397798358547 -11.704027374234329 -6.176112174987793 0.3753577768802643 0.3753577768802643 1.2999999523162842 0.0 Pedestrian 
10.012287638618627 -2.320414673216874 -6.328499913215637 0.3753577768802643 0.3753577768802643 1.2999999523162842 0.0 Pedestrian 
10.612565678650434 2.8515343716462382 -6.048500180244446 0.3753577768802643 0.3753577768802643 1.8600000143051147 0.0 Pedestrian 
10.981352435179293 -2.3662974735210582 -6.048500061035156 0.3753577768802643 0.3753577768802643 1.8600000143051147 0.0 Pedestrian 
6.999046765880301 12.14217747530438 -5.896100044250488 0.3753577768802643 0.3753577768802643 1.8600000143051147 0.0 Pedestrian 
9.212192973245564 12.527197277516393 -5.896100163459778 0.3753577768802643 0.3753577768802643 1.8600000143051147 0.0 Pedestrian 
10.868412800258817 -3.496905753875467 -6.0485000014305115 0.3753577768802643 0.3753577768802643 1.8600000143051147 0.0 Pedestrian 
32.61224602522714 27.475491212659108 -6.998324413318187 4.791779518127441 2.163450002670288 1.488319993019104 0.0 Vehicle 
18.724849900806333 43.48475355216328 -6.998326034634374 4.791779518127441 2.163450002670288 1.488319993019104 0.0 Vehicle 
29.13111406349998 28.817534169765054 -7.054857689887285 2.2094459533691406 0.8670341968536377 1.2511454820632935 0.0 Vehicle 
18.761081690045344 -3.472353307863159 -6.999912605286227 5.006059646606445 2.097083806991577 1.5347249507904053 0.0 Vehicle 
