-0.25789339054603033 -13.351690399947529 -5.896100163459778 0.3753577768802643 0.3753577768802643 1.8600000143051147 0.0 Pedestrian 
4.293203188332967 -12.482044466233674 -6.276015996932983 0.5 0.5 1.100000023841858 0.0 Pedestrian 
11.32698027971037 35.15194966478157 -5.899577260017395 0.3753577768802643 0.3753577768802643 1.8600000143051147 0.0 Pedestrian 
2.4294169883558148 12.023175058645393 -5.897533178329468 0.3753577768802643 0.3753577768802643 1.8600000143051147 0.0 Pedestrian 
10.21243349276044 11.166203130020904 -6.0485000014305115 0.3753577768802643 0.3753577768802643 1.8600000143051147 0.0 Pedestrian 
10.322220079875436 -11.7780972393183 -6.176100075244904 0.3753577768802643 0.3753577768802643 1.2999999523162842 0.0 Pedestrian 
1.1380280911618286 -11.818522767778859 -6.176100015640259 0.3753577768802643 0.3753577768802643 1.2999999523162842 0.0 Pedestrian 
10.215615887836854 2.110730775655952 -6.048500061035156 0.3753577768802643 0.3753577768802643 1.8600000143051147 0.0 Pedestrian 
11.119923883298476 -1.741459003237992 -6.328500151634216 0.3753577768802643 0.3753577768802643 1.2999999523162842 0.0 Pedestrian 
3.3150643247954577 -12.726775509092477 -5.896100163459778 0.3753577768802643 0.3753577768802643 1.8600000143051147 0.0 Pedestrian 
8.503897341347013 -11.9368062758939 -6.178474068641663 0.3753577768802643 0.3753577768802643 1.2999999523162842 0.0 Pedestrian 
2.2787527941362313 12.607264415690793 -5.896178483963013 0.3753577768802643 0.3753577768802643 1.8600000143051147 0.0 Pedestrian 
2.715046255836519 13.188982525593815 -5.896100044250488 0.3753577768802643 0.3753577768802643 1.8600000143051147 0.0 Pedestrian 
5.729937707865922 12.227725770508869 -5.896100163459778 0.3753577768802643 0.3753577768802643 1.8600000143051147 0.0 Pedestrian 
10.330282307518116 0.8282741260335911 -6.048500180244446 0.3753577768802643 0.3753577768802643 1.8600000143051147 0.0 Pedestrian 
10.473561494357305 -6.566541440844617 -6.048500180244446 0.3753577768802643 0.3753577768802643 1.8600000143051147 0.0 Pedestrian 
7.5004436208209455 12.299346722078894 -5.896498918533325 0.3753577768802643 0.3753577768802643 1.8600000143051147 0.0 Pedestrian 
0.7050918841178273 12.234583920332398 -5.896220564842224 0.3753577768802643 0.3753577768802643 1.8600000143051147 0.0 Pedestrian 
18.550006170170803 23.814874538377126 -6.998278770479374 4.791779518127441 2.163450002670288 1.488319993019104 0.0 Vehicle 
1.6715806938778641 -6.821788109215277 -7.023608643561602 4.974244117736816 2.0384013652801514 1.5542958974838257 0.0 Vehicle 
18.958452313566127 -22.460858395090895 -6.999912834166025 5.006059646606445 2.097083806991577 1.5347249507904053 0.0 Vehicle 
