10.243318701875062 -8.114303700723326 -6.0485000014305115 0.3753577768802643 0.3753577768802643 1.8600000143051147 0.0 Pedestrian 
10.813832302318588 44.143913372769816 -6.277060329914093 0.5 0.5 1.100000023841858 0.0 Pedestrian 
12.452073081165082 18.91742804336377 -5.896100163459778 0.3753577768802643 0.3753577768802643 1.8600000143051147 0.0 Pedestrian 
7.958474007143792 -12.772296823041984 -5.898530006408691 0.3753577768802643 0.3753577768802643 1.8600000143051147 0.0 Pedestrian 
10.905323188542404 -6.903069022570662 -6.0485000014305115 0.3753577768802643 0.3753577768802643 1.8600000143051147 0.0 Pedestrian 
1.4962613288798394 -12.147256711969135 -6.176100075244904 0.3753577768802643 0.3753577768802643 1.2999999523162842 0.0 Pedestrian 
10.294142107370611 -11.581786345202886 -6.176100015640259 0.3753577768802643 0.3753577768802643 1.2999999523162842 0.0 Pedestrian 
4.285346473992604 12.261854258138214 -5.898589372634888 0.3753577768802643 0.3753577768802643 1.8600000143051147 0.0 Pedestrian 
10.008916962247007 -11.130955664799899 -6.328500151634216 0.3753577768802643 0.3753577768802643 1.2999999523162842 0.0 Pedestrian 
10.02232968399285 -3.8081526609755656 -6.328499913215637 0.3753577768802643 0.3753577768802643 1.2999999523162842 0.0 Pedestrian 
10.362154702956962 5.388262323535457 -6.048500180244446 0.3753577768802643 0.3753577768802643 1.8600000143051147 0.0 Pedestrian 
10.826425791358464 0.10666220464599974 -6.048500061035156 0.3753577768802643 0.3753577768802643 1.8600000143051147 0.0 Pedestrian 
8.626135654604418 12.5418244569521 -5.896100044250488 0.3753577768802643 0.3753577768802643 1.8600000143051147 0.0 Pedestrian 
10.113197901634074 10.630407194725763 -6.048500180244446 0.3753577768802643 0.3753577768802643 1.8600000143051147 0.0 Pedestrian 
10.632115592217538 -0.9634116644866708 -6.0485000014305115 0.3753577768802643 0.3753577768802643 1.8600000143051147 0.0 Pedestrian 
32.58934118550195 29.866292637134393 -6.998324375133961 4.791779518127441 2.163450002670288 1.488319993019104 0.0 Vehicle 
18.703368499702066 41.08088998608389 -6.998326034634374 4.791779518127441 2.163450002670288 1.488319993019104 0.0 Vehicle 
29.10795299403469 31.1317266380928 -7.054857634007931 2.2094459533691406 0.8670341968536377 1.2511454820632935 0.0 Vehicle 
18.790010941038716 -5.785580942354045 -6.99991275787761 5.006059646606445 2.097083806991577 1.5347249507904053 0.0 Vehicle 
