6.947589735853569 -12.655141980590997 -5.896100163459778 0.3753577768802643 0.3753577768802643 1.8600000143051147 0.0 Pedestrian 
-0.8322325064823275 -12.8681421680418 -6.276015996932983 0.5 0.5 1.100000023841858 0.0 Pedestrian 
12.39452913860859 26.397798078479127 -5.896100163459778 0.3753577768802643 0.3753577768802643 1.8600000143051147 0.0 Pedestrian 
0.9956190168517907 -12.749263090189515 -5.898530006408691 0.3753577768802643 0.3753577768802643 1.8600000143051147 0.0 Pedestrian 
10.554866140461382 1.3628379649907174 -6.0485000014305115 0.3753577768802643 0.3753577768802643 1.8600000143051147 0.0 Pedestrian 
5.690565451894969 -11.914857671344976 -6.176100075244904 0.3753577768802643 0.3753577768802643 1.2999999523162842 0.0 Pedestrian 
6.337292322534694 -12.016761845669862 -6.176100015640259 0.3753577768802643 0.3753577768802643 1.2999999523162842 0.0 Pedestrian 
9.856818204599438 11.561628381491346 -6.048500061035156 0.3753577768802643 0.3753577768802643 1.8600000143051147 0.0 Pedestrian 
10.740200924869889 -7.8807560350823 -6.328500151634216 0.3753577768802643 0.3753577768802643 1.2999999523162842 0.0 Pedestrian 
-1.3803636477124144 -13.299924458985629 -5.896057963371277 0.3753577768802643 0.3753577768802643 1.8600000143051147 0.0 Pedestrian 
10.098808117069112 -8.31504218733778 -6.328499913215637 0.3753577768802643 0.3753577768802643 1.2999999523162842 0.0 Pedestrian 
10.603738729616701 11.834732419313013 -6.048500180244446 0.3753577768802643 0.3753577768802643 1.8600000143051147 0.0 Pedestrian 
10.553847177648278 7.476383536337323 -6.048500061035156 0.3753577768802643 0.3753577768802643 1.8600000143051147 0.0 Pedestrian 
10.12625005971203 7.802084039833915 -6.048500180244446 0.3753577768802643 0.3753577768802643 1.8600000143051147 0.0 Pedestrian 
11.219915165690823 3.0373495972431215 -6.048500180244446 0.3753577768802643 0.3753577768802643 1.8600000143051147 0.0 Pedestrian 
10.024113348416657 6.565428214685824 -6.0485000014305115 0.3753577768802643 0.3753577768802643 1.8600000143051147 0.0 Pedestrian 
18.616738041181378 33.38490777048298 -6.998326225322671 4.791779518127441 2.163450002670288 1.488319993019104 0.0 Vehicle 
-0.2644491805313365 -6.840430993835184 -7.024077903479338 4.974244117736816 2.0384013652801514 1.5542958974838257 0.0 Vehicle 
29.033678199414766 38.541618919208304 -7.054857537150383 2.2094459533691406 0.8670341968536377 1.2511454820632935 0.0 Vehicle 
18.873052167153446 -13.192485634613377 -6.999912605286227 5.006059646606445 2.097083806991577 1.5347249507904053 0.0 Vehicle 
