10.048543572953228 -7.222807312335476 -6.0485000014305115 0.3753577768802643 0.3753577768802643 1.8600000143051147 0.0 Pedestrian 
10.833011834715506 43.493685367492844 -6.277060329914093 0.5 0.5 1.100000023841858 0.0 Pedestrian 
12.410397709222437 18.000389235335774 -5.896100163459778 0.3753577768802643 0.3753577768802643 1.8600000143051147 0.0 Pedestrian 
8.822345340786569 -12.736087426053473 -5.898530006408691 0.3753577768802643 0.3753577768802643 1.8600000143051147 0.0 Pedestrian 
10.913638706668614 -7.945680805790062 -6.0485000014305115 0.3753577768802643 0.3753577768802643 1.8600000143051147 0.0 Pedestrian 
0.9072388098989705 -12.043345091420633 -6.176100075244904 0.3753577768802643 0.3753577768802643 1.2999999523162842 0.0 Pedestrian 
10.620495290525476 -11.403335941314936 -6.265800893306732 0.3753577768802643 0.3753577768802643 1.2999999523162842 0.0 Pedestrian 
3.3991620380933156 12.249438707366721 -5.898589372634888 0.3753577768802643 0.3753577768802643 1.8600000143051147 0.0 Pedestrian 
10.22310055858567 -11.684995532799348 -6.176112174987793 0.3753577768802643 0.3753577768802643 1.2999999523162842 0.0 Pedestrian 
10.022005095601951 -3.150459043996989 -6.328499913215637 0.3753577768802643 0.3753577768802643 1.2999999523162842 0.0 Pedestrian 
10.501465723760449 4.330919935212648 -6.048500180244446 0.3753577768802643 0.3753577768802643 1.8600000143051147 0.0 Pedestrian 
10.905090367125926 -0.8500738162797461 -6.048500061035156 0.3753577768802643 0.3753577768802643 1.8600000143051147 0.0 Pedestrian 
8.572621627735383 12.233565692093748 -5.896100044250488 0.3753577768802643 0.3753577768802643 1.8600000143051147 0.0 Pedestrian 
9.8564086118669 11.596530291917702 -6.048500180244446 0.3753577768802643 0.3753577768802643 1.8600000143051147 0.0 Pedestrian 
10.70531811975314 -1.9530517389142688 -6.0485000014305115 0.3753577768802643 0.3753577768802643 1.8600000143051147 0.0 Pedestrian 
32.59849500891882 28.90985460145839 -6.99832422262989 4.791779518127441 2.163450002670288 1.488319993019104 0.0 Vehicle 
18.712538969970865 42.04250063443658 -6.99832611088641 4.791779518127441 2.163450002670288 1.488319993019104 0.0 Vehicle 
29.11722643718754 30.205966372791522 -7.054857634007931 2.2094459533691406 0.8670341968536377 1.2511454820632935 0.0 Vehicle 
18.778643984453026 -4.860206779997952 -6.999912643434072 5.006059646606445 2.097083806991577 1.5347249507904053 0.0 Vehicle 
