10.362982610935049 -11.808171850464987 -6.276100039482117 0.5 0.5 1.100000023841858 0.0 Pedestrian 
12.152088677825276 46.34202327826836 -5.897026896476746 0.3753577768802643 0.3753577768802643 1.8600000143051147 0.0 Pedestrian 
5.951573168706187 12.167278637392087 -5.897533178329468 0.3753577768802643 0.3753577768802643 1.8600000143051147 0.0 Pedestrian 
8.521025343334337 13.333768377661158 -5.896100163459778 0.3753577768802643 0.3753577768802643 1.8600000143051147 0.0 Pedestrian 
11.350568420628903 -5.042613446201017 -6.3285000920295715 0.3753577768802643 0.3753577768802643 1.2999999523162842 0.0 Pedestrian 
10.36502413780466 -8.419146596485803 -6.048500061035156 0.3753577768802643 0.3753577768802643 1.8600000143051147 0.0 Pedestrian 
10.848264561271607 4.716564899094507 -6.328500151634216 0.3753577768802643 0.3753577768802643 1.2999999523162842 0.0 Pedestrian 
-2.5143349529334387 12.643746605423075 -6.276099920272827 0.5 0.5 1.100000023841858 0.0 Pedestrian 
9.403279635421697 -12.417754274613458 -5.896100163459778 0.3753577768802643 0.3753577768802643 1.8600000143051147 0.0 Pedestrian 
2.558448125926759 -13.192681469375088 -6.178474068641663 0.3753577768802643 0.3753577768802643 1.2999999523162842 0.0 Pedestrian 
10.176306203480024 10.370546622552865 -6.048500061035156 0.3753577768802643 0.3753577768802643 1.8600000143051147 0.0 Pedestrian 
10.272554533080793 -9.940064902479435 -6.048500180244446 0.3753577768802643 0.3753577768802643 1.8600000143051147 0.0 Pedestrian 
7.485271679337686 -12.934988564461037 -5.896108269691467 0.3753577768802643 0.3753577768802643 1.8600000143051147 0.0 Pedestrian 
2.0487184703121812 12.142649700595939 -5.896100163459778 0.3753577768802643 0.3753577768802643 1.8600000143051147 0.0 Pedestrian 
-1.5279760823385544 13.228470161078803 -5.896498918533325 0.3753577768802643 0.3753577768802643 1.8600000143051147 0.0 Pedestrian 
4.634866231751538 12.166464570741596 -5.896220564842224 0.3753577768802643 0.3753577768802643 1.8600000143051147 0.0 Pedestrian 
18.556953270603145 22.814072438176026 -6.998321342514828 4.791779518127441 2.163450002670288 1.488319993019104 0.0 Vehicle 
1.6715806938778641 -6.821788109215277 -7.023599602282047 4.974244117736816 2.0384013652801514 1.5542958974838257 0.0 Vehicle 
19.041073630637015 -32.668380629572084 -6.9999130630531 5.006059646606445 2.097083806991577 1.5347249507904053 0.0 Vehicle 
