10.314529949160786 -9.009757188874005 -6.0485000014305115 0.3753577768802643 0.3753577768802643 1.8600000143051147 0.0 Pedestrian 
10.817853914549659 44.737047347843486 -6.277060329914093 0.5 0.5 1.100000023841858 0.0 Pedestrian 
12.473964799099619 19.843539934669707 -5.896100163459778 0.3753577768802643 0.3753577768802643 1.8600000143051147 0.0 Pedestrian 
7.010079817448911 -12.857949157648477 -5.898530006408691 0.3753577768802643 0.3753577768802643 1.8600000143051147 0.0 Pedestrian 
10.814454654812437 -5.835142754258754 -6.0485000014305115 0.3753577768802643 0.3753577768802643 1.8600000143051147 0.0 Pedestrian 
2.112419352368889 -12.235983245775742 -6.176100075244904 0.3753577768802643 0.3753577768802643 1.2999999523162842 0.0 Pedestrian 
10.390369641066947 -11.585951265782114 -6.176100015640259 0.3753577768802643 0.3753577768802643 1.2999999523162842 0.0 Pedestrian 
5.216713821350581 12.268016054867758 -5.898589372634888 0.3753577768802643 0.3753577768802643 1.8600000143051147 0.0 Pedestrian 
10.013979435031658 -11.091418697147333 -6.328500151634216 0.3753577768802643 0.3753577768802643 1.2999999523162842 0.0 Pedestrian 
10.229287765758933 -4.167085818679652 -6.328499913215637 0.3753577768802643 0.3753577768802643 1.2999999523162842 0.0 Pedestrian 
10.205607100661421 6.448633978455973 -6.048500180244446 0.3753577768802643 0.3753577768802643 1.8600000143051147 0.0 Pedestrian 
10.77473096233208 1.082018331184429 -6.048500061035156 0.3753577768802643 0.3753577768802643 1.8600000143051147 0.0 Pedestrian 
10.100022289276268 12.711994522781538 -5.896100044250488 0.3753577768802643 0.3753577768802643 1.8600000143051147 0.0 Pedestrian 
10.348078182621691 9.721977195509794 -6.048500180244446 0.3753577768802643 0.3753577768802643 1.8600000143051147 0.0 Pedestrian 
10.543623145436342 0.029039617352168534 -6.0485000014305115 0.3753577768802643 0.3753577768802643 1.8600000143051147 0.0 Pedestrian 
32.58015193724965 30.82287066558206 -6.998324298881926 4.791779518127441 2.163450002670288 1.488319993019104 0.0 Vehicle 
18.693590312899374 40.11919322641995 -6.998325882013887 4.791779518127441 2.163450002670288 1.488319993019104 0.0 Vehicle 
29.098691139273086 32.05759227618955 -7.054857671260834 2.2094459533691406 0.8670341968536377 1.2511454820632935 0.0 Vehicle 
18.80121364787913 -6.711061037279137 -6.999912567138381 5.006059646606445 2.097083806991577 1.5347249507904053 0.0 Vehicle 
