9.981592440119517 -0.0632988202571596 -6.0485000014305115 0.3753577768802643 0.3753577768802643 1.8600000143051147 0.0 Pedestrian 
11.267558660415773 37.19415737997235 -6.279619514942169 0.5 0.5 1.100000023841858 0.0 Pedestrian 
11.857610025870855 8.454730457746223 -6.0485000014305115 0.3753577768802643 0.3753577768802643 1.8600000143051147 0.0 Pedestrian 
1.6345243819314845 -13.005384733706933 -5.896100163459778 0.3753577768802643 0.3753577768802643 1.8600000143051147 0.0 Pedestrian 
10.33933347228404 -9.17001327790706 -6.048500180244446 0.3753577768802643 0.3753577768802643 1.8600000143051147 0.0 Pedestrian 
5.356260636943119 -12.95209710328561 -5.896230578422546 0.3753577768802643 0.3753577768802643 1.8600000143051147 0.0 Pedestrian 
7.749049713873873 -11.89546360580266 -5.8960617780685425 0.3753577768802643 0.3753577768802643 1.8600000143051147 0.0 Pedestrian 
10.893404658837646 -9.750419125091526 -6.3284987807273865 0.3753577768802643 0.3753577768802643 1.2999999523162842 0.0 Pedestrian 
9.50096945094532 -13.155476961964723 -6.176112174987793 0.3753577768802643 0.3753577768802643 1.2999999523162842 0.0 Pedestrian 
9.989741231343077 2.573268424159039 -6.328499913215637 0.3753577768802643 0.3753577768802643 1.2999999523162842 0.0 Pedestrian 
11.131994916407102 -6.022116441526919 -6.048500180244446 0.3753577768802643 0.3753577768802643 1.8600000143051147 0.0 Pedestrian 
10.473683214865638 -10.325754744632718 -6.048500061035156 0.3753577768802643 0.3753577768802643 1.8600000143051147 0.0 Pedestrian 
-1.8595341065513935 12.192584358108093 -5.896100044250488 0.3753577768802643 0.3753577768802643 1.8600000143051147 0.0 Pedestrian 
1.617387449513707 12.211507393540046 -5.896100163459778 0.3753577768802643 0.3753577768802643 1.8600000143051147 0.0 Pedestrian 
10.009848385399593 -9.739283477857839 -6.0485000014305115 0.3753577768802643 0.3753577768802643 1.8600000143051147 0.0 Pedestrian 
32.69529170790073 18.88577631846522 -6.998327388777398 4.791779518127441 2.163450002670288 1.488319993019104 0.0 Vehicle 
29.211251451015976 20.492111416210037 -7.05485774949193 2.2094459533691406 0.8670341968536377 1.2511454820632935 0.0 Vehicle 
18.64721501591264 4.849631110604783 -6.999912872313871 5.006059646606445 2.097083806991577 1.5347249507904053 0.0 Vehicle 
