2.760623303943433 -13.143135987493451 -5.896100163459778 0.3753577768802643 0.3753577768802643 1.8600000143051147 0.0 Pedestrian 
2.0633842900906103 -12.423286857925405 -6.276015996932983 0.5 0.5 1.100000023841858 0.0 Pedestrian 
11.249837809252455 31.77858441191438 -5.899577260017395 0.3753577768802643 0.3753577768802643 1.8600000143051147 0.0 Pedestrian 
-1.4484399615140688 -12.659513231255346 -5.898530006408691 0.3753577768802643 0.3753577768802643 1.8600000143051147 0.0 Pedestrian 
0.3933222814393176 12.153997854762792 -5.897533178329468 0.3753577768802643 0.3753577768802643 1.8600000143051147 0.0 Pedestrian 
10.933138834049137 7.45184875733861 -6.0485000014305115 0.3753577768802643 0.3753577768802643 1.8600000143051147 0.0 Pedestrian 
8.42820242263143 -11.751984172386528 -6.176100075244904 0.3753577768802643 0.3753577768802643 1.2999999523162842 0.0 Pedestrian 
3.0011969901597126 -12.027624757426793 -6.176100015640259 0.3753577768802643 0.3753577768802643 1.2999999523162842 0.0 Pedestrian 
10.2493684183036 5.8172018890297466 -6.048500061035156 0.3753577768802643 0.3753577768802643 1.8600000143051147 0.0 Pedestrian 
11.121771981526386 -4.010654447233492 -6.328500151634216 0.3753577768802643 0.3753577768802643 1.2999999523162842 0.0 Pedestrian 
0.30789669350296833 -13.13571662339234 -5.896100163459778 0.3753577768802643 0.3753577768802643 1.8600000143051147 0.0 Pedestrian 
10.38361948353792 -11.50064560274916 -6.178474068641663 0.3753577768802643 0.3753577768802643 1.2999999523162842 0.0 Pedestrian 
4.864558013340989 12.49791717234882 -5.896178364753723 0.3753577768802643 0.3753577768802643 1.8600000143051147 0.0 Pedestrian 
0.49413260714931795 13.074050230885746 -5.896100044250488 0.3753577768802643 0.3753577768802643 1.8600000143051147 0.0 Pedestrian 
8.966158334549633 12.457811840958811 -5.896100163459778 0.3753577768802643 0.3753577768802643 1.8600000143051147 0.0 Pedestrian 
9.974556104586972 4.2498209871078885 -6.048500180244446 0.3753577768802643 0.3753577768802643 1.8600000143051147 0.0 Pedestrian 
10.605850820728424 -3.0790189806974695 -6.048500180244446 0.3753577768802643 0.3753577768802643 1.8600000143051147 0.0 Pedestrian 
10.503289606093457 11.69352032211657 -6.0485000014305115 0.3753577768802643 0.3753577768802643 1.8600000143051147 0.0 Pedestrian 
-2.2767599367251705 12.454328773691145 -5.896220564842224 0.3753577768802643 0.3753577768802643 1.8600000143051147 0.0 Pedestrian 
18.55791973365112 27.127563049569176 -6.998376617440954 4.791779518127441 2.163450002670288 1.488319993019104 0.0 Vehicle 
1.6715810932708948 -6.8217995463357965 -7.023139590397477 4.974244117736816 2.0384013652801514 1.5542958974838257 0.0 Vehicle 
18.930431899454504 -19.215705413949763 -6.999912605286227 5.006059646606445 2.097083806991577 1.5347249507904053 0.0 Vehicle 
