9.231742209831609 -12.0106892156806 -5.896100163459778 0.3753577768802643 0.3753577768802643 1.8600000143051147 0.0 Pedestrian 
12.164056063389864 46.842284107690034 -6.277060329914093 0.5 0.5 1.100000023841858 0.0 Pedestrian 
-2.300088007385341 -13.07023618058929 -6.276015996932983 0.5 0.5 1.100000023841858 0.0 Pedestrian 
12.408436112533593 24.361287652959277 -5.896100163459778 0.3753577768802643 0.3753577768802643 1.8600000143051147 0.0 Pedestrian 
3.227039367811983 -13.002972639277573 -5.898530006408691 0.3753577768802643 0.3753577768802643 1.8600000143051147 0.0 Pedestrian 
10.699510062770688 -1.1348343517920512 -6.0485000014305115 0.3753577768802643 0.3753577768802643 1.8600000143051147 0.0 Pedestrian 
4.8691801103145735 -11.9955174741591 -6.176100075244904 0.3753577768802643 0.3753577768802643 1.2999999523162842 0.0 Pedestrian 
7.556597059688585 -11.968525960585112 -6.176100015640259 0.3753577768802643 0.3753577768802643 1.2999999523162842 0.0 Pedestrian 
8.539697384128573 12.783331110117729 -5.898589372634888 0.3753577768802643 0.3753577768802643 1.8600000143051147 0.0 Pedestrian 
10.399409505751116 -9.450597386490244 -6.328500151634216 0.3753577768802643 0.3753577768802643 1.2999999523162842 0.0 Pedestrian 
-2.8684072432844374 -13.47567985057799 -5.896057963371277 0.3753577768802643 0.3753577768802643 1.8600000143051147 0.0 Pedestrian 
10.051069764923305 -6.982097811635754 -6.328499913215637 0.3753577768802643 0.3753577768802643 1.2999999523162842 0.0 Pedestrian 
10.798381709285866 10.10449558187861 -6.048500180244446 0.3753577768802643 0.3753577768802643 1.8600000143051147 0.0 Pedestrian 
10.428605141260395 5.641744219346748 -6.048500061035156 0.3753577768802643 0.3753577768802643 1.8600000143051147 0.0 Pedestrian 
9.945892854154689 9.529408045007358 -6.048500180244446 0.3753577768802643 0.3753577768802643 1.8600000143051147 0.0 Pedestrian 
11.128958922446103 5.3682954437095844 -6.048500180244446 0.3753577768802643 0.3753577768802643 1.8600000143051147 0.0 Pedestrian 
10.214565059304736 4.35622095980446 -6.0485000014305115 0.3753577768802643 0.3753577768802643 1.8600000143051147 0.0 Pedestrian 
32.53880923058267 35.1289655148272 -6.998324146261439 4.791779518127441 2.163450002670288 1.488319993019104 0.0 Vehicle 
18.64579286729453 35.79050726856963 -6.99832611088641 4.791779518127441 2.163450002670288 1.488319993019104 0.0 Vehicle 
-1.8754823515114296 -6.856017225496203 -7.025099776685238 4.974244117736816 2.0384013652801514 1.5542958974838257 0.0 Vehicle 
29.05691362254926 36.22529724027709 -7.054857634007931 2.2094459533691406 0.8670341968536377 1.2511454820632935 0.0 Vehicle 
18.848657770486213 -10.877078526090372 -6.999912719729764 5.006059646606445 2.097083806991577 1.5347249507904053 0.0 Vehicle 
