9.93999763926731 4.3177843045314495 -6.0485000014305115 0.3753577768802643 0.3753577768802643 1.8600000143051147 0.0 Pedestrian 
10.957912134174862 33.908718736704486 -6.279619514942169 0.5 0.5 1.100000023841858 0.0 Pedestrian 
11.806742719045394 3.8156455713045148 -6.0485000014305115 0.3753577768802643 0.3753577768802643 1.8600000143051147 0.0 Pedestrian 
6.124027180687804 -12.619239146994232 -5.896100163459778 0.3753577768802643 0.3753577768802643 1.8600000143051147 0.0 Pedestrian 
10.194642200857714 -6.033954182447928 -6.048500180244446 0.3753577768802643 0.3753577768802643 1.8600000143051147 0.0 Pedestrian 
9.446629626328274 -11.915498631706782 -5.896230578422546 0.3753577768802643 0.3753577768802643 1.8600000143051147 0.0 Pedestrian 
37.55690034924365 28.62124734659801 -5.896100163459778 0.3753577768802643 0.3753577768802643 1.8600000143051147 0.0 Pedestrian 
3.2380813965159945 -12.798882092552162 -5.8960617780685425 0.3753577768802643 0.3753577768802643 1.8600000143051147 0.0 Pedestrian 
10.298988783762837 -8.641230080035257 -6.3285000920295715 0.3753577768802643 0.3753577768802643 1.2999999523162842 0.0 Pedestrian 
11.687547200551904 -13.184885865631372 -6.176112174987793 0.3753577768802643 0.3753577768802643 1.2999999523162842 0.0 Pedestrian 
10.429718164906625 5.57576815922053 -6.328499913215637 0.3753577768802643 0.3753577768802643 1.2999999523162842 0.0 Pedestrian 
10.875569326056713 -11.189687287908441 -6.048500180244446 0.3753577768802643 0.3753577768802643 1.8600000143051147 0.0 Pedestrian 
7.7097695942816316 -11.730765235161925 -5.896167874336243 0.3753577768802643 0.3753577768802643 1.8600000143051147 0.0 Pedestrian 
-2.644305035561821 12.347105528899306 -5.896100163459778 0.3753577768802643 0.3753577768802643 1.8600000143051147 0.0 Pedestrian 
10.037759206461644 -12.555882171459984 -5.8963717222213745 0.3753577768802643 0.3753577768802643 1.8600000143051147 0.0 Pedestrian 
32.741839437474404 14.158677697047551 -6.998337726574391 4.791779518127441 2.163450002670288 1.488319993019104 0.0 Vehicle 
29.255319879993735 15.872300014123539 -7.0548574812710285 2.2094459533691406 0.8670341968536377 1.2511454820632935 0.0 Vehicle 
18.580330159920557 9.469174254060022 -6.999913330080744 5.006059646606445 2.097083806991577 1.5347249507904053 0.0 Vehicle 
