6.674327541742144 -12.76068644023428 -5.896100163459778 0.3753577768802643 0.3753577768802643 1.8600000143051147 0.0 Pedestrian 
-0.3110383455350245 -12.469909360724614 -6.276015996932983 0.5 0.5 1.100000023841858 0.0 Pedestrian 
12.168977725903375 27.4478857884111 -5.896100163459778 0.3753577768802643 0.3753577768802643 1.8600000143051147 0.0 Pedestrian 
0.15813297786456815 -13.216193361256273 -5.898530006408691 0.3753577768802643 0.3753577768802643 1.8600000143051147 0.0 Pedestrian 
10.413723899598011 2.794414232754235 -6.0485000014305115 0.3753577768802643 0.3753577768802643 1.8600000143051147 0.0 Pedestrian 
6.049560426622911 -11.678217217836277 -6.176100075244904 0.3753577768802643 0.3753577768802643 1.2999999523162842 0.0 Pedestrian 
5.585965874443147 -12.55719557455393 -6.176100015640259 0.3753577768802643 0.3753577768802643 1.2999999523162842 0.0 Pedestrian 
9.921832825753786 10.371861686679154 -6.048500061035156 0.3753577768802643 0.3753577768802643 1.8600000143051147 0.0 Pedestrian 
10.801675592460398 -7.077734027676797 -6.328500151634216 0.3753577768802643 0.3753577768802643 1.2999999523162842 0.0 Pedestrian 
-0.39160087026468204 -13.350240880670071 -5.896057963371277 0.3753577768802643 0.3753577768802643 1.8600000143051147 0.0 Pedestrian 
10.203341590067645 -9.25180213911301 -6.328499913215637 0.3753577768802643 0.3753577768802643 1.2999999523162842 0.0 Pedestrian 
9.098390382307691 12.578187374031131 -5.896178364753723 0.3753577768802643 0.3753577768802643 1.8600000143051147 0.0 Pedestrian 
11.038393393185192 9.153617221679383 -6.048500061035156 0.3753577768802643 0.3753577768802643 1.8600000143051147 0.0 Pedestrian 
9.943870770091996 8.153665569468956 -6.048500180244446 0.3753577768802643 0.3753577768802643 1.8600000143051147 0.0 Pedestrian 
11.140844156162293 1.6237447983991729 -6.048500180244446 0.3753577768802643 0.3753577768802643 1.8600000143051147 0.0 Pedestrian 
10.52781673272559 7.780204858047 -6.0485000014305115 0.3753577768802643 0.3753577768802643 1.8600000143051147 0.0 Pedestrian 
18.59986436507313 31.941274070973805 -6.998326149070635 4.791779518127441 2.163450002670288 1.488319993019104 0.0 Vehicle 
0.5583911570071507 -6.832479510918574 -7.023877263069153 4.974244117736816 2.0384013652801514 1.5542958974838257 0.0 Vehicle 
29.019732062023337 39.93172666039095 -7.054857559502125 2.2094459533691406 0.8670341968536377 1.2511454820632935 0.0 Vehicle 
18.88697946650693 -14.58205392494483 -6.999912643434072 5.006059646606445 2.097083806991577 1.5347249507904053 0.0 Vehicle 
