10.154151771400578 -10.660204340638302 -6.428500056266785 0.5 0.5 1.100000023841858 0.0 Pedestrian 
12.247566599209819 47.86336440411651 -5.897026896476746 0.3753577768802643 0.3753577768802643 1.8600000143051147 0.0 Pedestrian 
7.957217475317808 12.197520045333022 -5.897533178329468 0.3753577768802643 0.3753577768802643 1.8600000143051147 0.0 Pedestrian 
10.877218922954697 13.80096751680992 -5.899855017662048 0.3753577768802643 0.3753577768802643 1.8600000143051147 0.0 Pedestrian 
11.347201226917292 -3.9296509957150647 -6.3285000920295715 0.3753577768802643 0.3753577768802643 1.2999999523162842 0.0 Pedestrian 
10.604019541811063 -10.114803531495681 -6.048500061035156 0.3753577768802643 0.3753577768802643 1.8600000143051147 0.0 Pedestrian 
10.765162835474364 5.851081904540621 -6.328500151634216 0.3753577768802643 0.3753577768802643 1.2999999523162842 0.0 Pedestrian 
-1.236715651210858 12.487636287961095 -6.276099920272827 0.5 0.5 1.100000023841858 0.0 Pedestrian 
10.265010135111389 -11.27528141778248 -6.0485000014305115 0.3753577768802643 0.3753577768802643 1.8600000143051147 0.0 Pedestrian 
1.3470981187289368 -13.292510997040154 -6.178474068641663 0.3753577768802643 0.3753577768802643 1.2999999523162842 0.0 Pedestrian 
10.132620352480043 8.368622146385292 -6.048500061035156 0.3753577768802643 0.3753577768802643 1.8600000143051147 0.0 Pedestrian 
10.637308534357544 -10.68813062056472 -6.048500180244446 0.3753577768802643 0.3753577768802643 1.8600000143051147 0.0 Pedestrian 
6.145932846759038 -12.87577203994465 -5.896108269691467 0.3753577768802643 0.3753577768802643 1.8600000143051147 0.0 Pedestrian 
4.062461935530379 12.142520383581086 -5.896100163459778 0.3753577768802643 0.3753577768802643 1.8600000143051147 0.0 Pedestrian 
6.674723635088981 12.170549851253668 -5.896220564842224 0.3753577768802643 0.3753577768802643 1.8600000143051147 0.0 Pedestrian 
18.556953270603145 22.814072438176026 -6.998321342514828 4.791779518127441 2.163450002670288 1.488319993019104 0.0 Vehicle 
1.6715806938778641 -6.821788109215277 -7.023599602282047 4.974244117736816 2.0384013652801514 1.5542958974838257 0.0 Vehicle 
19.056447146395925 -34.52565353603052 -6.999913024905254 5.006059646606445 2.097083806991577 1.5347249507904053 0.0 Vehicle 
