10.069637332585529 -5.147563799530985 -6.0485000014305115 0.3753577768802643 0.3753577768802643 1.8600000143051147 0.0 Pedestrian 
11.003653745564833 42.222957149790545 -6.277060329914093 0.5 0.5 1.100000023841858 0.0 Pedestrian 
12.189482606077519 16.70012590886381 -5.896100044250488 0.3753577768802643 0.3753577768802643 1.8600000143051147 0.0 Pedestrian 
10.775991355963043 -12.062832180690293 -5.898530006408691 0.3753577768802643 0.3753577768802643 1.8600000143051147 0.0 Pedestrian 
-2.6413082373429546 -13.063858772487265 -5.896230578422546 0.3753577768802643 0.3753577768802643 1.8600000143051147 0.0 Pedestrian 
10.736742770507597 -10.35127478043637 -6.0485000014305115 0.3753577768802643 0.3753577768802643 1.8600000143051147 0.0 Pedestrian 
-0.186329197621518 -11.888825217292947 -6.176100075244904 0.3753577768802643 0.3753577768802643 1.2999999523162842 0.0 Pedestrian 
10.100487919343813 -11.238747409680855 -6.326468825340271 0.3753577768802643 0.3753577768802643 1.2999999523162842 0.0 Pedestrian 
1.581812132464215 12.182669911671724 -5.898589372634888 0.3753577768802643 0.3753577768802643 1.8600000143051147 0.0 Pedestrian 
10.087249480908156 -11.79617532186785 -6.176112174987793 0.3753577768802643 0.3753577768802643 1.2999999523162842 0.0 Pedestrian 
10.00329778358315 -2.036308419415036 -6.328499913215637 0.3753577768802643 0.3753577768802643 1.2999999523162842 0.0 Pedestrian 
10.657654651671702 2.3989447799866355 -6.048500180244446 0.3753577768802643 0.3753577768802643 1.8600000143051147 0.0 Pedestrian 
11.01217889731338 -2.8914051814959976 -6.048500061035156 0.3753577768802643 0.3753577768802643 1.8600000143051147 0.0 Pedestrian 
6.418337607284876 12.323261872857529 -5.896100044250488 0.3753577768802643 0.3753577768802643 1.8600000143051147 0.0 Pedestrian 
8.544779564080777 12.42924213315655 -5.896100163459778 0.3753577768802643 0.3753577768802643 1.8600000143051147 0.0 Pedestrian 
10.842469750301994 -4.002696911009366 -6.0485000014305115 0.3753577768802643 0.3753577768802643 1.8600000143051147 0.0 Pedestrian 
32.61683156316184 26.997462392927105 -6.998324413318187 4.791779518127441 2.163450002670288 1.488319993019104 0.0 Vehicle 
18.72835395287146 43.9654772248374 -6.998326072702184 4.791779518127441 2.163450002670288 1.488319993019104 0.0 Vehicle 
29.135746491601324 28.354776986160005 -7.054857596755028 2.2094459533691406 0.8670341968536377 1.2511454820632935 0.0 Vehicle 
18.75508194966687 -3.0097913043484823 -6.9999127960254555 5.006059646606445 2.097083806991577 1.5347249507904053 0.0 Vehicle 
