8.038137538691515 -11.76128848515134 -6.276100039482117 0.5 0.5 1.100000023841858 0.0 Pedestrian 
11.783610502119785 41.25534035090925 -5.897026896476746 0.3753577768802643 0.3753577768802643 1.8600000143051147 0.0 Pedestrian 
2.0941833939268477 12.140999581266442 -5.897533178329468 0.3753577768802643 0.3753577768802643 1.8600000143051147 0.0 Pedestrian 
7.390789714094762 12.188249170293375 -5.896100163459778 0.3753577768802643 0.3753577768802643 1.8600000143051147 0.0 Pedestrian 
11.10016347786965 -8.015479040761306 -6.3285000920295715 0.3753577768802643 0.3753577768802643 1.2999999523162842 0.0 Pedestrian 
-2.543611898009594 -11.958882108583794 -6.176100015640259 0.3753577768802643 0.3753577768802643 1.2999999523162842 0.0 Pedestrian 
10.098901705424879 -3.602731829244817 -6.048500061035156 0.3753577768802643 0.3753577768802643 1.8600000143051147 0.0 Pedestrian 
11.212210739469404 1.6857290876548063 -6.328500151634216 0.3753577768802643 0.3753577768802643 1.2999999523162842 0.0 Pedestrian 
7.4881694819177795 -12.109425709700417 -5.896100163459778 0.3753577768802643 0.3753577768802643 1.8600000143051147 0.0 Pedestrian 
5.491514999521442 -12.93226041632613 -6.178474068641663 0.3753577768802643 0.3753577768802643 1.2999999523162842 0.0 Pedestrian 
0.09616126061491315 13.241751430421232 -5.896178483963013 0.3753577768802643 0.3753577768802643 1.8600000143051147 0.0 Pedestrian 
7.8657969689099545 13.128662643464281 -5.896100044250488 0.3753577768802643 0.3753577768802643 1.8600000143051147 0.0 Pedestrian 
1.260094877029644 13.008238287581207 -5.896100163459778 0.3753577768802643 0.3753577768802643 1.8600000143051147 0.0 Pedestrian 
10.182384556614828 -5.661517335865028 -6.048500180244446 0.3753577768802643 0.3753577768802643 1.8600000143051147 0.0 Pedestrian 
10.844145754408956 -11.40868221783694 -6.048500180244446 0.3753577768802643 0.3753577768802643 1.8600000143051147 0.0 Pedestrian 
-2.387724505390601 12.18139093238267 -5.896100163459778 0.3753577768802643 0.3753577768802643 1.8600000143051147 0.0 Pedestrian 
3.282383145878768 12.660670882399586 -5.896498918533325 0.3753577768802643 0.3753577768802643 1.8600000143051147 0.0 Pedestrian 
1.1530431374893908 12.191714629234298 -5.896220564842224 0.3753577768802643 0.3753577768802643 1.8600000143051147 0.0 Pedestrian 
18.556952738079104 22.814087687670053 -6.998310279916041 4.791779518127441 2.163450002670288 1.488319993019104 0.0 Vehicle 
1.6715806938778641 -6.821788109215277 -7.023599602282047 4.974244117736816 2.0384013652801514 1.5542958974838257 0.0 Vehicle 
19.00387106263824 -28.02700853267436 -6.999912910461717 5.006059646606445 2.097083806991577 1.5347249507904053 0.0 Vehicle 
