10.095758503163275 -4.649933896276252 -6.0485000014305115 0.3753577768802643 0.3753577768802643 1.8600000143051147 0.0 Pedestrian 
11.13439470396699 41.66330572011941 -6.277060329914093 0.5 0.5 1.100000023841858 0.0 Pedestrian 
12.203965626180384 15.760721356080694 -5.898728013038635 0.3753577768802643 0.3753577768802643 1.8600000143051147 0.0 Pedestrian 
11.26957115556096 -11.531407750985295 -6.048500061035156 0.3753577768802643 0.3753577768802643 1.8600000143051147 0.0 Pedestrian 
-1.673599687575205 -13.05691267492773 -5.896230578422546 0.3753577768802643 0.3753577768802643 1.8600000143051147 0.0 Pedestrian 
10.605897816899855 -11.0745120369711 -6.0485000014305115 0.3753577768802643 0.3753577768802643 1.8600000143051147 0.0 Pedestrian 
-0.7293258857600833 -11.863836926762815 -6.176100075244904 0.3753577768802643 0.3753577768802643 1.2999999523162842 0.0 Pedestrian 
10.11291725852793 -11.284250279671141 -6.3285000920295715 0.3753577768802643 0.3753577768802643 1.2999999523162842 0.0 Pedestrian 
0.6844765702675843 12.195331175163801 -5.898589372634888 0.3753577768802643 0.3753577768802643 1.8600000143051147 0.0 Pedestrian 
10.203856122352803 -12.062564186283453 -6.176112174987793 0.3753577768802643 0.3753577768802643 1.2999999523162842 0.0 Pedestrian 
10.005860893265147 -1.4744242872595805 -6.328499913215637 0.3753577768802643 0.3753577768802643 1.2999999523162842 0.0 Pedestrian 
10.744572390117517 1.5167331637549637 -6.048500180244446 0.3753577768802643 0.3753577768802643 1.8600000143051147 0.0 Pedestrian 
11.059135129524357 -3.9439922300684884 -6.048500061035156 0.3753577768802643 0.3753577768802643 1.8600000143051147 0.0 Pedestrian 
5.724275560225131 12.169946350381565 -5.896100044250488 0.3753577768802643 0.3753577768802643 1.8600000143051147 0.0 Pedestrian 
8.473119116172732 12.1636208802812 -5.896100163459778 0.3753577768802643 0.3753577768802643 1.8600000143051147 0.0 Pedestrian 
10.627728073024826 -4.923161804100687 -6.0485000014305115 0.3753577768802643 0.3753577768802643 1.8600000143051147 0.0 Pedestrian 
32.625981798034786 26.041564340626337 -6.998324489686638 4.791779518127441 2.163450002670288 1.488319993019104 0.0 Vehicle 
18.734357187968072 44.92684367511686 -6.998326072702184 4.791779518127441 2.163450002670288 1.488319993019104 0.0 Vehicle 
29.144886556100587 27.42933841860122 -7.054857578128576 2.2094459533691406 0.8670341968536377 1.2511454820632935 0.0 Vehicle 
18.743100414306905 -2.084743965358598 -6.999912643434072 5.006059646606445 2.097083806991577 1.5347249507904053 0.0 Vehicle 
