10.543393077590096 -10.041877036712776 -6.0485000014305115 0.3753577768802643 0.3753577768802643 1.8600000143051147 0.0 Pedestrian 
11.277245536778025 45.86623648940986 -6.277060329914093 0.5 0.5 1.100000023841858 0.0 Pedestrian 
12.471878649554284 21.807813762378146 -5.896100163459778 0.3753577768802643 0.3753577768802643 1.8600000143051147 0.0 Pedestrian 
5.863138039909728 -12.778730741784102 -5.898530006408691 0.3753577768802643 0.3753577768802643 1.8600000143051147 0.0 Pedestrian 
10.818002769600987 -3.7558895345442807 -6.0485000014305115 0.3753577768802643 0.3753577768802643 1.8600000143051147 0.0 Pedestrian 
3.387678989565231 -12.3087816559987 -6.176100075244904 0.3753577768802643 0.3753577768802643 1.2999999523162842 0.0 Pedestrian 
9.065867229827134 -11.830046865245777 -6.176100015640259 0.3753577768802643 0.3753577768802643 1.2999999523162842 0.0 Pedestrian 
7.021467569284987 12.379818126883492 -5.898589372634888 0.3753577768802643 0.3753577768802643 1.8600000143051147 0.0 Pedestrian 
10.079163247541217 -10.781990441288372 -6.328500151634216 0.3753577768802643 0.3753577768802643 1.2999999523162842 0.0 Pedestrian 
10.054912964588993 -5.503729061282911 -6.328499913215637 0.3753577768802643 0.3753577768802643 1.2999999523162842 0.0 Pedestrian 
10.111702532892348 8.078322807337031 -6.048500180244446 0.3753577768802643 0.3753577768802643 1.8600000143051147 0.0 Pedestrian 
10.652261978703455 3.1672289048592006 -6.048500061035156 0.3753577768802643 0.3753577768802643 1.8600000143051147 0.0 Pedestrian 
10.049301579328365 10.433202374552025 -6.048500180244446 0.3753577768802643 0.3753577768802643 1.8600000143051147 0.0 Pedestrian 
11.05485579633902 7.893449117473438 -6.048500180244446 0.3753577768802643 0.3753577768802643 1.8600000143051147 0.0 Pedestrian 
10.420609137623703 2.0459112261087284 -6.0485000014305115 0.3753577768802643 0.3753577768802643 1.8600000143051147 0.0 Pedestrian 
32.5617907597631 32.73640521250263 -6.998324146261439 4.791779518127441 2.163450002670288 1.488319993019104 0.0 Vehicle 
18.673065427012858 38.19555213263709 -6.998326187138446 4.791779518127441 2.163450002670288 1.488319993019104 0.0 Vehicle 
29.08012581432247 33.90964082052278 -7.054857578128576 2.2094459533691406 0.8670341968536377 1.2511454820632935 0.0 Vehicle 
18.822912985821525 -8.562351245639775 -6.9999127960254555 5.006059646606445 2.097083806991577 1.5347249507904053 0.0 Vehicle 
