10.126523156294908 -12.078738802418457 -6.276100039482117 0.5 0.5 1.100000023841858 0.0 Pedestrian 
12.115498116802456 45.83333343294828 -5.897026896476746 0.3753577768802643 0.3753577768802643 1.8600000143051147 0.0 Pedestrian 
5.474552404162029 12.162026923626172 -5.897533178329468 0.3753577768802643 0.3753577768802643 1.8600000143051147 0.0 Pedestrian 
8.731309386411546 13.329929690371841 -5.896100163459778 0.3753577768802643 0.3753577768802643 1.8600000143051147 0.0 Pedestrian 
11.347356154331372 -5.3183289625010275 -6.3285000920295715 0.3753577768802643 0.3753577768802643 1.2999999523162842 0.0 Pedestrian 
10.216881186896536 -7.98070931907057 -6.048500061035156 0.3753577768802643 0.3753577768802643 1.8600000143051147 0.0 Pedestrian 
10.897235862747989 4.432184127772244 -6.328500151634216 0.3753577768802643 0.3753577768802643 1.2999999523162842 0.0 Pedestrian 
-2.835413400102887 12.696815821909013 -6.276099920272827 0.5 0.5 1.100000023841858 0.0 Pedestrian 
8.887342779267797 -12.172980634726287 -5.896100163459778 0.3753577768802643 0.3753577768802643 1.8600000143051147 0.0 Pedestrian 
2.8534478618853285 -13.172274284892751 -6.178474068641663 0.3753577768802643 0.3753577768802643 1.2999999523162842 0.0 Pedestrian 
10.18257218075032 10.875800459334187 -6.048500061035156 0.3753577768802643 0.3753577768802643 1.8600000143051147 0.0 Pedestrian 
10.272856825627919 -10.4305388802984 -6.048500180244446 0.3753577768802643 0.3753577768802643 1.8600000143051147 0.0 Pedestrian 
8.088096185598587 -12.742453915017336 -5.896108269691467 0.3753577768802643 0.3753577768802643 1.8600000143051147 0.0 Pedestrian 
1.5577476817205493 12.127198427416033 -5.896100163459778 0.3753577768802643 0.3753577768802643 1.8600000143051147 0.0 Pedestrian 
-1.034094652263235 13.196860899799162 -5.896498918533325 0.3753577768802643 0.3753577768802643 1.8600000143051147 0.0 Pedestrian 
4.138519333341634 12.177733660101012 -5.896220564842224 0.3753577768802643 0.3753577768802643 1.8600000143051147 0.0 Pedestrian 
18.556953270603145 22.814072438176026 -6.998321342514828 4.791779518127441 2.163450002670288 1.488319993019104 0.0 Vehicle 
1.6715806938778641 -6.821788109215277 -7.023599602282047 4.974244117736816 2.0384013652801514 1.5542958974838257 0.0 Vehicle 
19.037182987351628 -32.2041298971036 -6.999913177489361 5.006059646606445 2.097083806991577 1.5347249507904053 0.0 Vehicle 
