10.2731360445962 -11.74407632646512 -5.896100163459778 0.3753577768802643 0.3753577768802643 1.8600000143051147 0.0 Pedestrian 
11.58396386301726 46.14831091258225 -6.277060329914093 0.5 0.5 1.100000023841858 0.0 Pedestrian 
-2.9096054920449603 -13.174293133038304 -6.276015996932983 0.5 0.5 1.100000023841858 0.0 Pedestrian 
12.43373840822558 23.34160055144821 -5.896100163459778 0.3753577768802643 0.3753577768802643 1.8600000143051147 0.0 Pedestrian 
4.266962797142909 -12.939971001496588 -5.898530006408691 0.3753577768802643 0.3753577768802643 1.8600000143051147 0.0 Pedestrian 
10.7561930382675 -2.234669032201168 -6.0485000014305115 0.3753577768802643 0.3753577768802643 1.8600000143051147 0.0 Pedestrian 
4.262421165721122 -12.125227730351071 -6.176100075244904 0.3753577768802643 0.3753577768802643 1.2999999523162842 0.0 Pedestrian 
8.112941277293842 -12.003225281494565 -6.176100015640259 0.3753577768802643 0.3753577768802643 1.2999999523162842 0.0 Pedestrian 
8.47126993366492 12.435622221260019 -5.898589372634888 0.3753577768802643 0.3753577768802643 1.8600000143051147 0.0 Pedestrian 
10.214854336457655 -10.175667303494947 -6.328500151634216 0.3753577768802643 0.3753577768802643 1.2999999523162842 0.0 Pedestrian 
10.067996017379812 -6.441519234426096 -6.328499913215637 0.3753577768802643 0.3753577768802643 1.2999999523162842 0.0 Pedestrian 
10.550202919934858 9.413571515748913 -6.048500180244446 0.3753577768802643 0.3753577768802643 1.8600000143051147 0.0 Pedestrian 
10.450934405919034 4.680085894599912 -6.048500061035156 0.3753577768802643 0.3753577768802643 1.8600000143051147 0.0 Pedestrian 
9.990372060505358 9.682342021493469 -6.048500180244446 0.3753577768802643 0.3753577768802643 1.8600000143051147 0.0 Pedestrian 
11.142498892393519 6.391473318614857 -6.048500180244446 0.3753577768802643 0.3753577768802643 1.8600000143051147 0.0 Pedestrian 
10.27379258777406 3.4506617933800783 -6.0485000014305115 0.3753577768802643 0.3753577768802643 1.8600000143051147 0.0 Pedestrian 
32.548016784348874 34.17186328502237 -6.9983242606977 4.791779518127441 2.163450002670288 1.488319993019104 0.0 Vehicle 
18.656931593334207 36.75259316282609 -6.998326072702184 4.791779518127441 2.163450002670288 1.488319993019104 0.0 Vehicle 
-2.613278387643497 -6.863124023406954 -7.02482583001256 4.974244117736816 2.0384013652801514 1.5542958974838257 0.0 Vehicle 
29.066207501312178 35.298951775642536 -7.054857559502125 2.2094459533691406 0.8670341968536377 1.2511454820632935 0.0 Vehicle 
18.838552434119528 -9.951105884463004 -6.999912567138381 5.006059646606445 2.097083806991577 1.5347249507904053 0.0 Vehicle 
