10.340703713695866 -1.3213492809650234 -6.0485000014305115 0.3753577768802643 0.3753577768802643 1.8600000143051147 0.0 Pedestrian 
11.360460263004711 38.17978866735871 -6.279619514942169 0.5 0.5 1.100000023841858 0.0 Pedestrian 
11.764485349492421 9.816367962356367 -6.0485000014305115 0.3753577768802643 0.3753577768802643 1.8600000143051147 0.0 Pedestrian 
0.19632395386975077 -13.01697762033507 -5.896100163459778 0.3753577768802643 0.3753577768802643 1.8600000143051147 0.0 Pedestrian 
10.715619225600825 -9.210779945596983 -6.048500180244446 0.3753577768802643 0.3753577768802643 1.8600000143051147 0.0 Pedestrian 
3.9653136687967248 -12.947038964212538 -5.896230578422546 0.3753577768802643 0.3753577768802643 1.8600000143051147 0.0 Pedestrian 
8.28368473798949 -11.827036942867267 -5.8960617780685425 0.3753577768802643 0.3753577768802643 1.8600000143051147 0.0 Pedestrian 
11.211197754340063 -10.62800932311643 -6.3284987807273865 0.3753577768802643 0.3753577768802643 1.2999999523162842 0.0 Pedestrian 
8.379435887209908 -12.961767138305618 -6.176112174987793 0.3753577768802643 0.3753577768802643 1.2999999523162842 0.0 Pedestrian 
9.970094883477527 1.6580595417063364 -6.328499913215637 0.3753577768802643 0.3753577768802643 1.2999999523162842 0.0 Pedestrian 
11.062709812146302 -4.547850144596509 -6.048500180244446 0.3753577768802643 0.3753577768802643 1.8600000143051147 0.0 Pedestrian 
10.763855943303618 -9.682242145833243 -6.048500061035156 0.3753577768802643 0.3753577768802643 1.8600000143051147 0.0 Pedestrian 
-0.40515719476218237 12.144061024079747 -5.896100044250488 0.3753577768802643 0.3753577768802643 1.8600000143051147 0.0 Pedestrian 
2.8833503206886064 12.18195087416791 -5.896100163459778 0.3753577768802643 0.3753577768802643 1.8600000143051147 0.0 Pedestrian 
10.039436053742442 -9.357972703048176 -6.0485000014305115 0.3753577768802643 0.3753577768802643 1.8600000143051147 0.0 Pedestrian 
32.68116659269205 20.313800882832993 -6.99832632066682 4.791779518127441 2.163450002670288 1.488319993019104 0.0 Vehicle 
29.19799778934248 21.879003641292456 -7.054857712239027 2.2094459533691406 0.8670341968536377 1.2511454820632935 0.0 Vehicle 
18.666940069909995 3.463241337261451 -6.999912834166025 5.006059646606445 2.097083806991577 1.5347249507904053 0.0 Vehicle 
