9.942256913339046 3.4179952038610537 -6.0485000014305115 0.3753577768802643 0.3753577768802643 1.8600000143051147 0.0 Pedestrian 
11.019841452736145 34.56580608412071 -6.279619514942169 0.5 0.5 1.100000023841858 0.0 Pedestrian 
11.853636905539192 4.7213988870595145 -6.0485000014305115 0.3753577768802643 0.3753577768802643 1.8600000143051147 0.0 Pedestrian 
5.050960577074406 -12.845871642957036 -5.896100163459778 0.3753577768802643 0.3753577768802643 1.8600000143051147 0.0 Pedestrian 
10.184577977094015 -6.9271234282019805 -6.048500180244446 0.3753577768802643 0.3753577768802643 1.8600000143051147 0.0 Pedestrian 
8.573301994022671 -12.569785178388543 -5.896230578422546 0.3753577768802643 0.3753577768802643 1.8600000143051147 0.0 Pedestrian 
37.55098910254105 29.70125448418696 -5.896100163459778 0.3753577768802643 0.3753577768802643 1.8600000143051147 0.0 Pedestrian 
4.10859702117564 -12.502165538605254 -5.8960617780685425 0.3753577768802643 0.3753577768802643 1.8600000143051147 0.0 Pedestrian 
10.308990090531331 -9.155422145412217 -6.3285000920295715 0.3753577768802643 0.3753577768802643 1.2999999523162842 0.0 Pedestrian 
11.138422293370809 -13.151863945754371 -6.176112174987793 0.3753577768802643 0.3753577768802643 1.2999999523162842 0.0 Pedestrian 
10.30298440674496 5.0482890611875035 -6.328499913215637 0.3753577768802643 0.3753577768802643 1.2999999523162842 0.0 Pedestrian 
11.073644211313223 -9.975580680273765 -6.048500180244446 0.3753577768802643 0.3753577768802643 1.8600000143051147 0.0 Pedestrian 
8.372435048226563 -11.76180231240744 -5.896167874336243 0.3753577768802643 0.3753577768802643 1.8600000143051147 0.0 Pedestrian 
-1.78503853965654 12.306188633101328 -5.896100163459778 0.3753577768802643 0.3753577768802643 1.8600000143051147 0.0 Pedestrian 
10.01778997034019 -11.7400687691146 -5.8963717222213745 0.3753577768802643 0.3753577768802643 1.8600000143051147 0.0 Pedestrian 
32.73247234736542 15.09761296245756 -6.998334484174848 4.791779518127441 2.163450002670288 1.488319993019104 0.0 Vehicle 
29.246525598042922 16.795706641102242 -7.0548574440181255 2.2094459533691406 0.8670341968536377 1.2511454820632935 0.0 Vehicle 
18.59359289541741 8.545476361580938 -6.999913253785053 5.006059646606445 2.097083806991577 1.5347249507904053 0.0 Vehicle 
