6.282099540970762 -12.858888405293214 -5.896100163459778 0.3753577768802643 0.3753577768802643 1.8600000143051147 0.0 Pedestrian 
-0.006277739544074734 -12.507783151392914 -6.276015996932983 0.5 0.5 1.100000023841858 0.0 Pedestrian 
12.307079227927176 27.798927611713793 -5.896100163459778 0.3753577768802643 0.3753577768802643 1.8600000143051147 0.0 Pedestrian 
0.26653898115124264 -13.17254466544523 -5.898530006408691 0.3753577768802643 0.3753577768802643 1.8600000143051147 0.0 Pedestrian 
10.346663417525278 3.2907467430476345 -6.0485000014305115 0.3753577768802643 0.3753577768802643 1.8600000143051147 0.0 Pedestrian 
6.44096441214505 -11.70944586353437 -6.176100075244904 0.3753577768802643 0.3753577768802643 1.2999999523162842 0.0 Pedestrian 
5.230322893639894 -12.52649399685015 -6.176100015640259 0.3753577768802643 0.3753577768802643 1.2999999523162842 0.0 Pedestrian 
10.043596126549161 10.089846129286116 -6.048500061035156 0.3753577768802643 0.3753577768802643 1.8600000143051147 0.0 Pedestrian 
10.807362381278367 -6.791556477620702 -6.328500151634216 0.3753577768802643 0.3753577768802643 1.2999999523162842 0.0 Pedestrian 
-0.3311800317746929 -13.220966832549834 -5.896057963371277 0.3753577768802643 0.3753577768802643 1.8600000143051147 0.0 Pedestrian 
10.27389234816031 -9.588811077930927 -6.328499913215637 0.3753577768802643 0.3753577768802643 1.2999999523162842 0.0 Pedestrian 
8.55071943831156 12.477756841183918 -5.896178364753723 0.3753577768802643 0.3753577768802643 1.8600000143051147 0.0 Pedestrian 
10.793063294450349 9.656053522171419 -6.048500061035156 0.3753577768802643 0.3753577768802643 1.8600000143051147 0.0 Pedestrian 
9.88006812247768 8.258521236721265 -6.048500180244446 0.3753577768802643 0.3753577768802643 1.8600000143051147 0.0 Pedestrian 
11.137839456416422 1.1641364399104077 -6.048500180244446 0.3753577768802643 0.3753577768802643 1.8600000143051147 0.0 Pedestrian 
10.582180773451348 8.23813633497548 -6.0485000014305115 0.3753577768802643 0.3753577768802643 1.8600000143051147 0.0 Pedestrian 
18.59450106692249 31.46001406971459 -6.998326149070635 4.791779518127441 2.163450002670288 1.488319993019104 0.0 Vehicle 
0.8232030240511321 -6.829916637913129 -7.023783098906279 4.974244117736816 2.0384013652801514 1.5542958974838257 0.0 Vehicle 
18.891628802246572 -15.045295279985226 -6.999912605286227 5.006059646606445 2.097083806991577 1.5347249507904053 0.0 Vehicle 
