5.925942956940716 -12.889992815435676 -5.896100163459778 0.3753577768802643 0.3753577768802643 1.8600000143051147 0.0 Pedestrian 
0.2932235078083636 -12.532335977143475 -6.276015996932983 0.5 0.5 1.100000023841858 0.0 Pedestrian 
12.30834208820913 28.14489510532701 -5.896100163459778 0.3753577768802643 0.3753577768802643 1.8600000143051147 0.0 Pedestrian 
0.2769513479240686 -13.218876602891442 -5.898530006408691 0.3753577768802643 0.3753577768802643 1.8600000143051147 0.0 Pedestrian 
10.336300225185019 3.7934408099093417 -6.0485000014305115 0.3753577768802643 0.3753577768802643 1.8600000143051147 0.0 Pedestrian 
6.8165668807459525 -11.693482038103639 -6.176100075244904 0.3753577768802643 0.3753577768802643 1.2999999523162842 0.0 Pedestrian 
4.887487105117145 -12.552552807532493 -6.176100015640259 0.3753577768802643 0.3753577768802643 1.2999999523162842 0.0 Pedestrian 
10.126727350072521 9.806627988330888 -6.048500061035156 0.3753577768802643 0.3753577768802643 1.8600000143051147 0.0 Pedestrian 
10.836428338666671 -6.480563934057955 -6.328500151634216 0.3753577768802643 0.3753577768802643 1.2999999523162842 0.0 Pedestrian 
-0.23568236064453174 -13.279870441632625 -5.896057963371277 0.3753577768802643 0.3753577768802643 1.8600000143051147 0.0 Pedestrian 
10.328277161563776 -9.915411558392861 -6.328499913215637 0.3753577768802643 0.3753577768802643 1.2999999523162842 0.0 Pedestrian 
8.060094588441665 12.651334696305753 -5.896178364753723 0.3753577768802643 0.3753577768802643 1.8600000143051147 0.0 Pedestrian 
10.773386831777753 10.177103288297872 -6.048500061035156 0.3753577768802643 0.3753577768802643 1.8600000143051147 0.0 Pedestrian 
9.786801427868912 8.017438738442934 -6.048500180244446 0.3753577768802643 0.3753577768802643 1.8600000143051147 0.0 Pedestrian 
11.107771646288333 0.7130659322086217 -6.048500180244446 0.3753577768802643 0.3753577768802643 1.8600000143051147 0.0 Pedestrian 
10.699115595568337 8.686824666139614 -6.0485000014305115 0.3753577768802643 0.3753577768802643 1.8600000143051147 0.0 Pedestrian 
18.589352326736304 30.978731024803892 -6.998326072702184 4.791779518127441 2.163450002670288 1.488319993019104 0.0 Vehicle 
1.0795287836452303 -6.827438261544785 -7.023870242759585 4.974244117736816 2.0384013652801514 1.5542958974838257 0.0 Vehicle 
18.896065443855903 -15.508566964603233 -6.999912605286227 5.006059646606445 2.097083806991577 1.5347249507904053 0.0 Vehicle 
