7.372620850730669 -12.556710591009846 -5.896100163459778 0.3753577768802643 0.3753577768802643 1.8600000143051147 0.0 Pedestrian 
-0.7310714099954794 -12.693540137019909 -6.276015996932983 0.5 0.5 1.100000023841858 0.0 Pedestrian 
12.331289027360768 26.7117135837982 -5.896100163459778 0.3753577768802643 0.3753577768802643 1.8600000143051147 0.0 Pedestrian 
0.5786745843116847 -13.09588116910038 -5.898530006408691 0.3753577768802643 0.3753577768802643 1.8600000143051147 0.0 Pedestrian 
10.517121725701408 1.8420806536657892 -6.0485000014305115 0.3753577768802643 0.3753577768802643 1.8600000143051147 0.0 Pedestrian 
5.83636515002005 -11.794319432841121 -6.176100075244904 0.3753577768802643 0.3753577768802643 1.2999999523162842 0.0 Pedestrian 
6.1191451838669195 -12.26694767689196 -6.176100015640259 0.3753577768802643 0.3753577768802643 1.2999999523162842 0.0 Pedestrian 
9.943117101348758 11.169773885845643 -6.048500061035156 0.3753577768802643 0.3753577768802643 1.8600000143051147 0.0 Pedestrian 
10.793625004215421 -7.608834171726812 -6.328500151634216 0.3753577768802643 0.3753577768802643 1.2999999523162842 0.0 Pedestrian 
-0.8592349936149333 -13.444155823558845 -5.896057963371277 0.3753577768802643 0.3753577768802643 1.8600000143051147 0.0 Pedestrian 
10.099661714269367 -8.61668407602508 -6.328499913215637 0.3753577768802643 0.3753577768802643 1.2999999523162842 0.0 Pedestrian 
10.48704389403985 12.42937641715173 -5.896178364753723 0.3753577768802643 0.3753577768802643 1.8600000143051147 0.0 Pedestrian 
10.872479615821616 7.918774809338913 -6.048500061035156 0.3753577768802643 0.3753577768802643 1.8600000143051147 0.0 Pedestrian 
10.110105532039292 7.912002785240588 -6.048500180244446 0.3753577768802643 0.3753577768802643 1.8600000143051147 0.0 Pedestrian 
11.184804358810439 2.5693571099131702 -6.048500180244446 0.3753577768802643 0.3753577768802643 1.8600000143051147 0.0 Pedestrian 
10.252639467193935 6.994532508309874 -6.0485000014305115 0.3753577768802643 0.3753577768802643 1.8600000143051147 0.0 Pedestrian 
18.61106682426798 32.903720990960096 -6.998326034634374 4.791779518127441 2.163450002670288 1.488319993019104 0.0 Vehicle 
0.017960729757049876 -6.837694449750643 -7.02410945110023 4.974244117736816 2.0384013652801514 1.5542958974838257 0.0 Vehicle 
29.02904058519738 39.00496183467067 -7.0548575185239315 2.2094459533691406 0.8670341968536377 1.2511454820632935 0.0 Vehicle 
18.877683524213353 -13.655649368520926 -6.9999127960254555 5.006059646606445 2.097083806991577 1.5347249507904053 0.0 Vehicle 
