0.21051740752353965 -13.329422475796719 -5.896100163459778 0.3753577768802643 0.3753577768802643 1.8600000143051147 0.0 Pedestrian 
3.9950578576233085 -12.507687758576367 -6.276015996932983 0.5 0.5 1.100000023841858 0.0 Pedestrian 
11.328022015170987 34.640300811413226 -5.899577260017395 0.3753577768802643 0.3753577768802643 1.8600000143051147 0.0 Pedestrian 
2.31296244011191 12.2274953822822 -5.897533178329468 0.3753577768802643 0.3753577768802643 1.8600000143051147 0.0 Pedestrian 
10.321672422542576 10.651278748097525 -6.0485000014305115 0.3753577768802643 0.3753577768802643 1.8600000143051147 0.0 Pedestrian 
10.123325545833282 -12.09909977002576 -6.176100075244904 0.3753577768802643 0.3753577768802643 1.2999999523162842 0.0 Pedestrian 
1.4492641421349788 -11.821906928072053 -6.176100015640259 0.3753577768802643 0.3753577768802643 1.2999999523162842 0.0 Pedestrian 
10.22542287071831 2.6295725755314265 -6.048500061035156 0.3753577768802643 0.3753577768802643 1.8600000143051147 0.0 Pedestrian 
11.13428355101852 -2.0586636070227087 -6.328500151634216 0.3753577768802643 0.3753577768802643 1.2999999523162842 0.0 Pedestrian 
2.744032287933308 -12.76247114684088 -5.896100163459778 0.3753577768802643 0.3753577768802643 1.8600000143051147 0.0 Pedestrian 
8.783477988128084 -11.833375280317227 -6.178474068641663 0.3753577768802643 0.3753577768802643 1.2999999523162842 0.0 Pedestrian 
3.0132256963981945 12.567436522948924 -5.896178483963013 0.3753577768802643 0.3753577768802643 1.8600000143051147 0.0 Pedestrian 
2.3950867210372238 12.999707021062932 -5.896100044250488 0.3753577768802643 0.3753577768802643 1.8600000143051147 0.0 Pedestrian 
6.148777203742064 12.39940335987751 -5.896100163459778 0.3753577768802643 0.3753577768802643 1.8600000143051147 0.0 Pedestrian 
9.980696106936785 1.1979551188298387 -6.048500180244446 0.3753577768802643 0.3753577768802643 1.8600000143051147 0.0 Pedestrian 
10.473125920450535 -6.056510831031915 -6.048500180244446 0.3753577768802643 0.3753577768802643 1.8600000143051147 0.0 Pedestrian 
7.963813922401094 12.345282613797167 -5.896498918533325 0.3753577768802643 0.3753577768802643 1.8600000143051147 0.0 Pedestrian 
0.3581797735269703 12.270603091583666 -5.896220564842224 0.3753577768802643 0.3753577768802643 1.8600000143051147 0.0 Pedestrian 
18.549615326514015 24.245798917984985 -6.998296318110079 4.791779518127441 2.163450002670288 1.488319993019104 0.0 Vehicle 
1.6715959100891382 -6.821786623597859 -7.023620316758752 4.974244117736816 2.0384013652801514 1.5542958974838257 0.0 Vehicle 
18.95458163993227 -21.99717951864841 -6.999912605286227 5.006059646606445 2.097083806991577 1.5347249507904053 0.0 Vehicle 
