10.329050982834644 -7.820547217115063 -6.0485000014305115 0.3753577768802643 0.3753577768802643 1.8600000143051147 0.0 Pedestrian 
10.81855545203274 43.82371560668639 -6.277060329914093 0.5 0.5 1.100000023841858 0.0 Pedestrian 
12.40518196416079 18.460175490638335 -5.896100163459778 0.3753577768802643 0.3753577768802643 1.8600000143051147 0.0 Pedestrian 
8.404206067061892 -12.756426155447002 -5.898530006408691 0.3753577768802643 0.3753577768802643 1.8600000143051147 0.0 Pedestrian 
10.868231831520589 -7.469559397594708 -6.0485000014305115 0.3753577768802643 0.3753577768802643 1.8600000143051147 0.0 Pedestrian 
1.1859597628355658 -12.094993481252118 -6.176100075244904 0.3753577768802643 0.3753577768802643 1.2999999523162842 0.0 Pedestrian 
10.421389542835243 -11.594556584465181 -6.176100015640259 0.3753577768802643 0.3753577768802643 1.2999999523162842 0.0 Pedestrian 
3.8492885093158264 12.30867438914106 -5.898589372634888 0.3753577768802643 0.3753577768802643 1.8600000143051147 0.0 Pedestrian 
10.117661168824014 -11.22684645712593 -6.328500151634216 0.3753577768802643 0.3753577768802643 1.2999999523162842 0.0 Pedestrian 
10.029870455751379 -3.487622054900953 -6.328499913215637 0.3753577768802643 0.3753577768802643 1.2999999523162842 0.0 Pedestrian 
10.424126274772716 4.833912195393374 -6.048500180244446 0.3753577768802643 0.3753577768802643 1.8600000143051147 0.0 Pedestrian 
10.874316948143939 -0.3684582736277662 -6.048500061035156 0.3753577768802643 0.3753577768802643 1.8600000143051147 0.0 Pedestrian 
8.099876828080593 12.20030607725539 -5.896100044250488 0.3753577768802643 0.3753577768802643 1.8600000143051147 0.0 Pedestrian 
10.136919400747676 11.140790423552858 -6.048500180244446 0.3753577768802643 0.3753577768802643 1.8600000143051147 0.0 Pedestrian 
10.6884804991193 -1.458205940593075 -6.0485000014305115 0.3753577768802643 0.3753577768802643 1.8600000143051147 0.0 Pedestrian 
32.59391879614819 29.388053604335482 -6.998324298881926 4.791779518127441 2.163450002670288 1.488319993019104 0.0 Vehicle 
18.708029915741093 41.56169987906719 -6.998326149070635 4.791779518127441 2.163450002670288 1.488319993019104 0.0 Vehicle 
29.112590214852403 30.66883220904151 -7.054857559502125 2.2094459533691406 0.8670341968536377 1.2511454820632935 0.0 Vehicle 
18.784418527034248 -5.322878275817857 -6.99991275787761 5.006059646606445 2.097083806991577 1.5347249507904053 0.0 Vehicle 
