10.135215708494862 -4.548626370172769 -6.0485000014305115 0.3753577768802643 0.3753577768802643 1.8600000143051147 0.0 Pedestrian 
11.231436272626496 41.41284721896068 -6.277060329914093 0.5 0.5 1.100000023841858 0.0 Pedestrian 
12.170085140673528 15.30996358277298 -5.898728013038635 0.3753577768802643 0.3753577768802643 1.8600000143051147 0.0 Pedestrian 
11.384775523758243 -11.223794020946343 -6.048500061035156 0.3753577768802643 0.3753577768802643 1.8600000143051147 0.0 Pedestrian 
-1.2434126271338926 -13.01037687433302 -5.896230578422546 0.3753577768802643 0.3753577768802643 1.8600000143051147 0.0 Pedestrian 
10.566691527046878 -11.158957692127046 -6.0485000014305115 0.3753577768802643 0.3753577768802643 1.8600000143051147 0.0 Pedestrian 
-1.0107657521221398 -11.871179187070538 -6.176100075244904 0.3753577768802643 0.3753577768802643 1.2999999523162842 0.0 Pedestrian 
10.098567392955836 -11.255017736635295 -6.328499972820282 0.3753577768802643 0.3753577768802643 1.2999999523162842 0.0 Pedestrian 
0.23292466875773243 12.19658941934722 -5.898589372634888 0.3753577768802643 0.3753577768802643 1.8600000143051147 0.0 Pedestrian 
10.093350146763697 -12.22796144236736 -6.176112174987793 0.3753577768802643 0.3753577768802643 1.2999999523162842 0.0 Pedestrian 
9.99195992627892 -1.1996489559796828 -6.328499913215637 0.3753577768802643 0.3753577768802643 1.2999999523162842 0.0 Pedestrian 
10.790288756349836 1.048363484944673 -6.048500180244446 0.3753577768802643 0.3753577768802643 1.8600000143051147 0.0 Pedestrian 
11.086207839026933 -4.4774700651283865 -6.048500061035156 0.3753577768802643 0.3753577768802643 1.8600000143051147 0.0 Pedestrian 
5.235149078356244 12.143654248401049 -5.896100044250488 0.3753577768802643 0.3753577768802643 1.8600000143051147 0.0 Pedestrian 
8.009854283349984 12.18112233788429 -5.896100163459778 0.3753577768802643 0.3753577768802643 1.8600000143051147 0.0 Pedestrian 
10.468218848237179 -5.260159284907672 -6.0485000014305115 0.3753577768802643 0.3753577768802643 1.8600000143051147 0.0 Pedestrian 
32.63056141163953 25.56370517151538 -6.99832464219071 4.791779518127441 2.163450002670288 1.488319993019104 0.0 Vehicle 
18.736825605749488 45.40749301242113 -6.998325958265923 4.791779518127441 2.163450002670288 1.488319993019104 0.0 Vehicle 
29.149317878462867 26.96665627821403 -7.054857652634382 2.2094459533691406 0.8670341968536377 1.2511454820632935 0.0 Vehicle 
18.737042355213905 -1.6222608159569063 -6.999912681581918 5.006059646606445 2.097083806991577 1.5347249507904053 0.0 Vehicle 
