9.980934610213389 2.149513530196714 -6.0485000014305115 0.3753577768802643 0.3753577768802643 1.8600000143051147 0.0 Pedestrian 
11.112742988759578 35.55143927769382 -6.279619514942169 0.5 0.5 1.100000023841858 0.0 Pedestrian 
11.949543005714968 6.224357483168177 -6.0485000014305115 0.3753577768802643 0.3753577768802643 1.8600000143051147 0.0 Pedestrian 
3.888311456024155 -12.983178417671638 -5.896100163459778 0.3753577768802643 0.3753577768802643 1.8600000143051147 0.0 Pedestrian 
10.212453905965553 -7.830318645482862 -6.048500180244446 0.3753577768802643 0.3753577768802643 1.8600000143051147 0.0 Pedestrian 
7.190725483201049 -12.776880668747935 -5.896230578422546 0.3753577768802643 0.3753577768802643 1.8600000143051147 0.0 Pedestrian 
37.540191707051676 31.32123976238779 -5.896100163459778 0.3753577768802643 0.3753577768802643 1.8600000143051147 0.0 Pedestrian 
5.405310537342686 -12.173221276588379 -5.8960617780685425 0.3753577768802643 0.3753577768802643 1.8600000143051147 0.0 Pedestrian 
10.424441860716044 -9.805848577999882 -6.3285000920295715 0.3753577768802643 0.3753577768802643 1.2999999523162842 0.0 Pedestrian 
10.30185417757285 -13.257702365778755 -6.176112174987793 0.3753577768802643 0.3753577768802643 1.2999999523162842 0.0 Pedestrian 
10.04964628003259 4.1592673474016735 -6.328499913215637 0.3753577768802643 0.3753577768802643 1.2999999523162842 0.0 Pedestrian 
11.062901664153678 -8.413130330296212 -6.048500180244446 0.3753577768802643 0.3753577768802643 1.8600000143051147 0.0 Pedestrian 
9.472709392785617 -12.074700550879811 -5.896167874336243 0.3753577768802643 0.3753577768802643 1.8600000143051147 0.0 Pedestrian 
-0.5180005150684295 12.249778735091127 -5.896100163459778 0.3753577768802643 0.3753577768802643 1.8600000143051147 0.0 Pedestrian 
10.439932342152417 -10.46629952388605 -6.0485000014305115 0.3753577768802643 0.3753577768802643 1.8600000143051147 0.0 Pedestrian 
32.71854454226179 16.513428990650027 -6.998330745729618 4.791779518127441 2.163450002670288 1.488319993019104 0.0 Vehicle 
29.233312441479285 18.18143895154526 -7.054857559502125 2.2094459533691406 0.8670341968536377 1.2511454820632935 0.0 Vehicle 
18.613646545386153 7.159732911443541 -6.9999131393487914 5.006059646606445 2.097083806991577 1.5347249507904053 0.0 Vehicle 
