9.986862813989411 -1.8555499139532685 -6.0485000014305115 0.3753577768802643 0.3753577768802643 1.8600000143051147 0.0 Pedestrian 
11.39141729753834 38.5083320748048 -6.279619514942169 0.5 0.5 1.100000023841858 0.0 Pedestrian 
11.740419341367687 10.278610642394142 -6.0485000014305115 0.3753577768802643 0.3753577768802643 1.8600000143051147 0.0 Pedestrian 
-0.2764057026481339 -13.024000401908893 -5.896100163459778 0.3753577768802643 0.3753577768802643 1.8600000143051147 0.0 Pedestrian 
10.778698560011065 -9.019036232603298 -6.043354153633118 0.3753577768802643 0.3753577768802643 1.8600000143051147 0.0 Pedestrian 
3.4897000490448846 -13.003516557487842 -5.896230578422546 0.3753577768802643 0.3753577768802643 1.8600000143051147 0.0 Pedestrian 
8.799698944291336 -12.127366553263641 -5.8960617780685425 0.3753577768802643 0.3753577768802643 1.8600000143051147 0.0 Pedestrian 
11.117645621225307 -10.972409265709643 -6.3284987807273865 0.3753577768802643 0.3753577768802643 1.2999999523162842 0.0 Pedestrian 
8.050293103102149 -12.893315428393862 -6.176112174987793 0.3753577768802643 0.3753577768802643 1.2999999523162842 0.0 Pedestrian 
9.969168142601418 1.3999671118840524 -6.328499913215637 0.3753577768802643 0.3753577768802643 1.2999999523162842 0.0 Pedestrian 
11.199254550633476 -4.045109319399444 -6.048500180244446 0.3753577768802643 0.3753577768802643 1.8600000143051147 0.0 Pedestrian 
10.717119504128888 -9.511702645061519 -6.048500061035156 0.3753577768802643 0.3753577768802643 1.8600000143051147 0.0 Pedestrian 
0.033326983465961746 12.158929499406554 -5.896100044250488 0.3753577768802643 0.3753577768802643 1.8600000143051147 0.0 Pedestrian 
3.325718556078826 12.182220322478656 -5.896100163459778 0.3753577768802643 0.3753577768802643 1.8600000143051147 0.0 Pedestrian 
10.100157014729284 -8.8940746186546 -6.0485000014305115 0.3753577768802643 0.3753577768802643 1.8600000143051147 0.0 Pedestrian 
32.67645054772981 20.790320284021504 -6.9983260536100715 4.791779518127441 2.163450002670288 1.488319993019104 0.0 Vehicle 
29.19357751685405 22.34136935467859 -7.054857634007931 2.2094459533691406 0.8670341968536377 1.2511454820632935 0.0 Vehicle 
18.673506722662047 3.00105948154669 -6.999912834166025 5.006059646606445 2.097083806991577 1.5347249507904053 0.0 Vehicle 
