10.80549652648672 -11.29965122063254 -6.0485000014305115 0.3753577768802643 0.3753577768802643 1.8600000143051147 0.0 Pedestrian 
11.28754761890363 45.89695302631878 -6.277060329914093 0.5 0.5 1.100000023841858 0.0 Pedestrian 
12.445405664162081 22.83173123073243 -5.896100163459778 0.3753577768802643 0.3753577768802643 1.8600000143051147 0.0 Pedestrian 
4.75174764354324 -12.833072812546334 -5.898530006408691 0.3753577768802643 0.3753577768802643 1.8600000143051147 0.0 Pedestrian 
10.784876647326897 -2.751317184970844 -6.0485000014305115 0.3753577768802643 0.3753577768802643 1.8600000143051147 0.0 Pedestrian 
3.977926219423253 -12.192427393040475 -6.176100075244904 0.3753577768802643 0.3753577768802643 1.2999999523162842 0.0 Pedestrian 
8.418855679349022 -11.922423811546878 -6.176100015640259 0.3753577768802643 0.3753577768802643 1.2999999523162842 0.0 Pedestrian 
7.987315269524814 12.407697637417527 -5.898589372634888 0.3753577768802643 0.3753577768802643 1.8600000143051147 0.0 Pedestrian 
10.123885361921758 -10.544196048247272 -6.328500151634216 0.3753577768802643 0.3753577768802643 1.2999999523162842 0.0 Pedestrian 
10.06124913745537 -6.134199203445519 -6.328499913215637 0.3753577768802643 0.3753577768802643 1.2999999523162842 0.0 Pedestrian 
10.235210380066686 9.097362611787617 -6.048500180244446 0.3753577768802643 0.3753577768802643 1.8600000143051147 0.0 Pedestrian 
10.564225011749263 4.22271339010231 -6.048500061035156 0.3753577768802643 0.3753577768802643 1.8600000143051147 0.0 Pedestrian 
10.082793827052054 9.748247356355819 -6.048500180244446 0.3753577768802643 0.3753577768802643 1.8600000143051147 0.0 Pedestrian 
11.179815917146856 6.925268159948075 -6.048500180244446 0.3753577768802643 0.3753577768802643 1.8600000143051147 0.0 Pedestrian 
10.332159282654452 2.9851135487519684 -6.0485000014305115 0.3753577768802643 0.3753577768802643 1.8600000143051147 0.0 Pedestrian 
32.55260398042785 33.69334976133098 -6.998324184445664 4.791779518127441 2.163450002670288 1.488319993019104 0.0 Vehicle 
18.662364742673134 37.233601771343274 -6.998326072702184 4.791779518127441 2.163450002670288 1.488319993019104 0.0 Vehicle 
-3.0280950468813117 -6.867118653206489 -7.02327237278223 4.974244117736816 2.0384013652801514 1.5542958974838257 0.0 Vehicle 
29.070852976252525 34.835820979433834 -7.054857634007931 2.2094459533691406 0.8670341968536377 1.2511454820632935 0.0 Vehicle 
18.833333269605113 -9.488161162415395 -6.999912605286227 5.006059646606445 2.097083806991577 1.5347249507904053 0.0 Vehicle 
