10.71245360473609 -10.613237854929594 -6.0485000014305115 0.3753577768802643 0.3753577768802643 1.8600000143051147 0.0 Pedestrian 
11.449165729308959 46.15344775938763 -6.277060329914093 0.5 0.5 1.100000023841858 0.0 Pedestrian 
12.459254263399444 22.32191899908696 -5.896100163459778 0.3753577768802643 0.3753577768802643 1.8600000143051147 0.0 Pedestrian 
5.256861741651861 -12.952867645583751 -5.898530006408691 0.3753577768802643 0.3753577768802643 1.8600000143051147 0.0 Pedestrian 
10.814324180410665 -3.2338769831299032 -6.0485000014305115 0.3753577768802643 0.3753577768802643 1.8600000143051147 0.0 Pedestrian 
3.677799726505242 -12.227357978531927 -6.176100075244904 0.3753577768802643 0.3753577768802643 1.2999999523162842 0.0 Pedestrian 
8.745428333590567 -11.8761778619197 -6.176100015640259 0.3753577768802643 0.3753577768802643 1.2999999523162842 0.0 Pedestrian 
7.473767835770971 12.408284360081439 -5.898589372634888 0.3753577768802643 0.3753577768802643 1.8600000143051147 0.0 Pedestrian 
10.084864968890301 -10.75201473993684 -6.328500151634216 0.3753577768802643 0.3753577768802643 1.2999999523162842 0.0 Pedestrian 
10.053033818287552 -5.821555129493618 -6.328499913215637 0.3753577768802643 0.3753577768802643 1.2999999523162842 0.0 Pedestrian 
10.055786113327883 8.486383750741311 -6.048500180244446 0.3753577768802643 0.3753577768802643 1.8600000143051147 0.0 Pedestrian 
10.618437232702501 3.669328224531256 -6.048500061035156 0.3753577768802643 0.3753577768802643 1.8600000143051147 0.0 Pedestrian 
9.97764446066505 10.10321430965314 -6.048500180244446 0.3753577768802643 0.3753577768802643 1.8600000143051147 0.0 Pedestrian 
11.086296761022494 7.367358752906455 -6.048500180244446 0.3753577768802643 0.3753577768802643 1.8600000143051147 0.0 Pedestrian 
10.390562830479997 2.539496577859495 -6.0485000014305115 0.3753577768802643 0.3753577768802643 1.8600000143051147 0.0 Pedestrian 
32.55720542751827 33.21486536296493 -6.9983242606977 4.791779518127441 2.163450002670288 1.488319993019104 0.0 Vehicle 
18.667798690798122 37.71458750561942 -6.99832611088641 4.791779518127441 2.163450002670288 1.488319993019104 0.0 Vehicle 
-3.479250306480843 -6.871534875828843 -7.021951710805297 4.974244117736816 2.0384013652801514 1.5542958974838257 0.0 Vehicle 
29.0754975192758 34.37271686983968 -7.054857578128576 2.2094459533691406 0.8670341968536377 1.2511454820632935 0.0 Vehicle 
18.828115070290522 -9.025244080075709 -6.99991275787761 5.006059646606445 2.097083806991577 1.5347249507904053 0.0 Vehicle 
