10.173676052303087 -4.504467763561479 -6.0485000014305115 0.3753577768802643 0.3753577768802643 1.8600000143051147 0.0 Pedestrian 
11.324069719133917 41.175380608432306 -6.277060329914093 0.5 0.5 1.100000023841858 0.0 Pedestrian 
12.143199797335491 14.817165109461257 -5.898728013038635 0.3753577768802643 0.3753577768802643 1.8600000143051147 0.0 Pedestrian 
11.337583866698289 -11.104053038910592 -6.048500061035156 0.3753577768802643 0.3753577768802643 1.8600000143051147 0.0 Pedestrian 
-0.8544889043376713 -12.98019894527431 -5.896230578422546 0.3753577768802643 0.3753577768802643 1.8600000143051147 0.0 Pedestrian 
10.532476780747672 -11.265232265202826 -6.0485000014305115 0.3753577768802643 0.3753577768802643 1.8600000143051147 0.0 Pedestrian 
-1.32679481719196 -11.880945050436935 -6.176100075244904 0.3753577768802643 0.3753577768802643 1.2999999523162842 0.0 Pedestrian 
10.061561737382476 -11.287492213958672 -6.323079705238342 0.3753577768802643 0.3753577768802643 1.2999999523162842 0.0 Pedestrian 
-0.2183402168351236 12.207991881200542 -5.898589372634888 0.3753577768802643 0.3753577768802643 1.8600000143051147 0.0 Pedestrian 
9.96045848905959 -12.395905796586248 -6.176112174987793 0.3753577768802643 0.3753577768802643 1.2999999523162842 0.0 Pedestrian 
9.988768548170054 -0.8966449156196177 -6.328499913215637 0.3753577768802643 0.3753577768802643 1.2999999523162842 0.0 Pedestrian 
10.817073013914571 0.5869800870289623 -6.048500180244446 0.3753577768802643 0.3753577768802643 1.8600000143051147 0.0 Pedestrian 
11.091775733860032 -5.01642147597147 -6.048500061035156 0.3753577768802643 0.3753577768802643 1.8600000143051147 0.0 Pedestrian 
4.761790417029662 12.144150506659344 -5.896100044250488 0.3753577768802643 0.3753577768802643 1.8600000143051147 0.0 Pedestrian 
7.550193659489292 12.163619213122502 -5.896100163459778 0.3753577768802643 0.3753577768802643 1.8600000143051147 0.0 Pedestrian 
10.260223639565147 -5.532167503918345 -6.0485000014305115 0.3753577768802643 0.3753577768802643 1.8600000143051147 0.0 Pedestrian 
32.63512337939207 25.085914092603502 -6.9983246041228995 4.791779518127441 2.163450002670288 1.488319993019104 0.0 Vehicle 
29.15374833547358 26.503998918254638 -7.0548577308654785 2.2094459533691406 0.8670341968536377 1.2511454820632935 0.0 Vehicle 
18.730863182161634 -1.1598071837220232 -6.999912910461717 5.006059646606445 2.097083806991577 1.5347249507904053 0.0 Vehicle 
