10.068578459075255 -9.736480625147578 -6.428500056266785 0.5 0.5 1.100000023841858 0.0 Pedestrian 
8.46988178273783 12.49767193147261 -5.897533178329468 0.3753577768802643 0.3753577768802643 1.8600000143051147 0.0 Pedestrian 
12.273393286610016 14.190556391653445 -5.899855017662048 0.3753577768802643 0.3753577768802643 1.8600000143051147 0.0 Pedestrian 
11.287905740447044 -3.1008455318853976 -6.3285000920295715 0.3753577768802643 0.3753577768802643 1.2999999523162842 0.0 Pedestrian 
10.99155741396816 -10.41570336900213 -6.048500061035156 0.3753577768802643 0.3753577768802643 1.8600000143051147 0.0 Pedestrian 
10.685244575429973 6.659648741222213 -6.328500151634216 0.3753577768802643 0.3753577768802643 1.2999999523162842 0.0 Pedestrian 
-0.32699910711525604 12.411619205623651 -6.276099920272827 0.5 0.5 1.100000023841858 0.0 Pedestrian 
10.355659657225367 -10.407480103228181 -6.0485000014305115 0.3753577768802643 0.3753577768802643 1.8600000143051147 0.0 Pedestrian 
0.42831568217268057 -13.340760675692422 -6.178474068641663 0.3753577768802643 0.3753577768802643 1.2999999523162842 0.0 Pedestrian 
10.06402517383619 6.947092360070826 -6.048500061035156 0.3753577768802643 0.3753577768802643 1.8600000143051147 0.0 Pedestrian 
10.613022353855925 -11.693891963266879 -5.897170186042786 0.3753577768802643 0.3753577768802643 1.8600000143051147 0.0 Pedestrian 
4.535871410270786 -13.049476941458124 -5.896108269691467 0.3753577768802643 0.3753577768802643 1.8600000143051147 0.0 Pedestrian 
5.375536818853597 12.240784549055206 -5.896100163459778 0.3753577768802643 0.3753577768802643 1.8600000143051147 0.0 Pedestrian 
7.676512344328927 12.518914450077887 -5.896220564842224 0.3753577768802643 0.3753577768802643 1.8600000143051147 0.0 Pedestrian 
18.556953270603145 22.814072438176026 -6.998321342514828 4.791779518127441 2.163450002670288 1.488319993019104 0.0 Vehicle 
1.6715806938778641 -6.821788109215277 -7.023599602282047 4.974244117736816 2.0384013652801514 1.5542958974838257 0.0 Vehicle 
19.06816634974743 -35.91888502744973 -6.9999130630531 5.006059646606445 2.097083806991577 1.5347249507904053 0.0 Vehicle 
